#This file was generated on Thu Nov 23 15:13:54 2023
#Using the somd command, of the molecular library Sire version <2023.1.3> 
#For more information visit: https://github.com/michellab/Sire
#
#General information on simulation parameters:
#Simulation used 25000 moves, 2 cycles and 200 ps of simulation time
#Generating lambda is		 0.37500
#Alchemical array is		 (0.0, 0.125, 0.25, 0.375, 0.5, 1.0)
#Generating temperature is 	25°C
#Energy was saved every 200 steps 
#
#
#   [step]      [potential kcal/mol]       [gradient kcal/mol]      [forward Metropolis]     [backward Metropolis]                   [u_kl]
     200           -8.41726570e+04            3.83004818e+00            9.96183298e-01            1.00384346e+00     6.792973030490173e+03     6.793451368372676e+03     6.793929900051508e+03     6.794408287881072e+03     6.794886708224092e+03     6.796800385958010e+03
     400           -8.15500383e+04            1.62409747e+00            9.98386163e-01            1.00163439e+00     6.901131130505000e+03     6.901333459232929e+03     6.901536035113905e+03     6.901738426359110e+03     6.901940859838578e+03     6.902750589172157e+03
     600           -7.97650814e+04            1.66807707e+00            9.98341667e-01            1.00167785e+00     6.868233059613467e+03     6.868441065644312e+03     6.868649267478749e+03     6.868857329346639e+03     6.869065420359400e+03     6.869897781105335e+03
     800           -7.85345278e+04            2.90244773e+00            9.97107812e-01            1.00291275e+00     6.820482497586666e+03     6.820844622121227e+03     6.821206952662958e+03     6.821569130380617e+03     6.821931343076751e+03     6.823380188566836e+03
    1000           -7.79390764e+04            1.40906535e+00            9.98601934e-01            1.00142009e+00     6.847143940143772e+03     6.847319391592702e+03     6.847495051507101e+03     6.847670546032256e+03     6.847846082603864e+03     6.848548225063956e+03
    1200           -7.74479172e+04            2.79894797e+00            9.97216418e-01            1.00281439e+00     6.890984207263086e+03     6.891333266888762e+03     6.891682548621518e+03     6.892031665131133e+03     6.892380819570470e+03     6.893777431877853e+03
    1400           -7.72250785e+04            6.83300805e+00            9.93198603e-01            1.00686484e+00     6.870921672599796e+03     6.871775382695623e+03     6.872629321747714e+03     6.873483095424842e+03     6.874336904727688e+03     6.877752136855581e+03
    1600           -7.70541769e+04            5.26660351e+00            9.94754823e-01            1.00528816e+00     6.851635987820560e+03     6.852293761993234e+03     6.852951712900512e+03     6.853609522453970e+03     6.854267368729938e+03     6.856898749639315e+03
    1800           -7.67352821e+04            3.03272182e+00            9.96977575e-01            1.00304306e+00     6.823215771712918e+03     6.823594502566735e+03     6.823973419384976e+03     6.824352188463574e+03     6.824730995763403e+03     6.826246219813888e+03
    2000           -7.67408908e+04            2.26757914e+00            9.97742562e-01            1.00227776e+00     6.908623207137913e+03     6.908906126808618e+03     6.909189282679053e+03     6.909472256383029e+03     6.909755274464812e+03     6.910887341791710e+03
    2200           -7.67493930e+04            4.40796268e+00            9.95612941e-01            1.00442899e+00     6.854401917928444e+03     6.854952070077778e+03     6.855502514654061e+03     6.856052754582071e+03     6.856603035235165e+03     6.858804152541886e+03
    2400           -7.66270126e+04            3.18525926e+00            9.96828594e-01            1.00319918e+00     6.835547813242853e+03     6.835945294918070e+03     6.836342978361908e+03     6.836740514288446e+03     6.837138083872461e+03     6.838728354502067e+03
    2600           -7.67725390e+04            6.45225020e-01            9.99362925e-01            1.00065339e+00     6.832357255174237e+03     6.832436998275156e+03     6.832516987582243e+03     6.832596802027851e+03     6.832676652627504e+03     6.832996050080771e+03
    2800           -7.66906710e+04            1.40028160e+00            9.98610867e-01            1.00141146e+00     6.866735574200311e+03     6.866909707158234e+03     6.867084096603568e+03     6.867258303541926e+03     6.867432549015523e+03     6.868129523830736e+03
    3000           -7.66876213e+04            2.68932577e+00            9.97321654e-01            1.00270035e+00     6.864005318534857e+03     6.864340624498153e+03     6.864676101174271e+03     6.865011438249003e+03     6.865346813117453e+03     6.866688307700050e+03
    3200           -7.66768054e+04            2.08966269e+00            9.97920232e-01            1.00209959e+00     6.891839536460508e+03     6.892100154508185e+03     6.892361011975577e+03     6.892621691904860e+03     6.892882411549248e+03     6.893925286637989e+03
    3400           -7.68596873e+04            1.92399696e+00            9.98085584e-01            1.00193361e+00     6.777504235421102e+03     6.777743892258523e+03     6.777983719973049e+03     6.778223406728062e+03     6.778463132132150e+03     6.779422028843197e+03
    3600           -7.66806946e+04            1.96692380e+00            9.98043380e-01            1.00197726e+00     6.814037474443349e+03     6.814282655764344e+03     6.814528031317767e+03     6.814773257208903e+03     6.815018520877234e+03     6.815999567311119e+03
    3800           -7.62715973e+04            2.80150014e+00            9.97207888e-01            1.00281093e+00     6.864013897463612e+03     6.864363684187530e+03     6.864713698003826e+03     6.865063548912329e+03     6.865413434359461e+03     6.866812971255309e+03
    4000           -7.66367906e+04            1.63755186e+00            9.98373428e-01            1.00164857e+00     6.812760056117097e+03     6.812964111488561e+03     6.813168325738365e+03     6.813372411953577e+03     6.813576531844141e+03     6.814393007571184e+03
    4200           -7.64724324e+04            3.24176063e+00            9.96771487e-01            1.00325507e+00     6.876296799802373e+03     6.876701217489233e+03     6.877105849490100e+03     6.877510321616468e+03     6.877914830154314e+03     6.879532860506253e+03
    4400           -7.64572783e+04            2.84842387e+00            9.97161106e-01            1.00285799e+00     6.836087870499909e+03     6.836443582269370e+03     6.836799485018424e+03     6.837155229013097e+03     6.837511016904669e+03     6.838934163309430e+03
    4600           -7.63893287e+04            4.66099101e+00            9.95359228e-01            1.00468133e+00     6.788037921555191e+03     6.788619857674029e+03     6.789202024941585e+03     6.789784026136621e+03     6.790366062554319e+03     6.792694203553447e+03
    4800           -7.66129798e+04            2.37438754e+00            9.97635314e-01            1.00238413e+00     6.807065500852320e+03     6.807361657441576e+03     6.807658030358077e+03     6.807954247571472e+03     6.808250498092747e+03     6.809435495333175e+03
    5000           -7.66162923e+04            1.45014516e+00            9.98560018e-01            1.00146034e+00     6.852360747163360e+03     6.852541292834368e+03     6.852722054468204e+03     6.852902644215425e+03     6.853083277826500e+03     6.853805808489641e+03
    5200           -7.67002623e+04            1.05879433e+01            9.89477016e-01            1.01065349e+00     6.869997076103543e+03     6.871319853814009e+03     6.872642905336464e+03     6.873965773502142e+03     6.875288673993096e+03     6.880580271882650e+03
    5400           -7.66256519e+04            6.99158055e+00            9.93043827e-01            1.00702726e+00     6.902976920496217e+03     6.903850355420988e+03     6.904724022438370e+03     6.905597526679941e+03     6.906471063505536e+03     6.909965206514857e+03
    5600           -7.67476153e+04            9.02592880e-01            9.99104511e-01            1.00090971e+00     6.887482565650344e+03     6.887595208196010e+03     6.887708082962728e+03     6.887820793569349e+03     6.887933537858835e+03     6.888384510067326e+03
    5800           -7.66004649e+04            6.67300623e+00            9.93355965e-01            1.00670217e+00     6.834683988955601e+03     6.835517859119137e+03     6.836351939247613e+03     6.837185860230226e+03     6.838019818652226e+03     6.841355648348850e+03
    6000           -7.66754098e+04            4.70604583e+00            9.95313478e-01            1.00472568e+00     6.927103847596819e+03     6.927691437822898e+03     6.928279247963605e+03     6.928866904542823e+03     6.929454593047059e+03     6.931805338497303e+03
    6200           -7.68382975e+04            1.56918423e+00            9.98439140e-01            1.00157753e+00     6.887221080272933e+03     6.887416587462129e+03     6.887612359394791e+03     6.887807943136225e+03     6.888003565598093e+03     6.888786050923251e+03
    6400           -7.67899093e+04            4.00384120e+00            9.96011532e-01            1.00401929e+00     6.812426712104682e+03     6.812926595187248e+03     6.813426653224169e+03     6.813926577335371e+03     6.814426533671784e+03     6.816426355238885e+03
    6600           -7.67576273e+04            6.11368443e-01            9.99394298e-01            1.00061704e+00     6.895828417996319e+03     6.895904397639386e+03     6.895980697548212e+03     6.896056782332807e+03     6.896132905316605e+03     6.896437392636891e+03
    6800           -7.67064984e+04            4.24430043e+00            9.95771719e-01            1.00426041e+00     6.876657910545575e+03     6.877187912609148e+03     6.877718136206298e+03     6.878248190020425e+03     6.878778284659139e+03     6.880898658772702e+03
    7000           -7.66027863e+04            8.31448899e-01            9.99178536e-01            1.00084145e+00     6.822553992676560e+03     6.822657255177448e+03     6.822760744000070e+03     6.822864074264801e+03     6.822967436336375e+03     6.823380879996191e+03
    7200           -7.66633352e+04            2.31739505e+00            9.97692180e-01            1.00232701e+00     6.802636958444533e+03     6.802926401721427e+03     6.803216064276716e+03     6.803505559603516e+03     6.803795094693213e+03     6.804953230941894e+03
    7400           -7.67251904e+04            8.33919968e-01            9.99178424e-01            1.00084628e+00     6.889294703713178e+03     6.889398146907129e+03     6.889501817760987e+03     6.889605317969140e+03     6.889708857587910e+03     6.890123011462641e+03
    7600           -7.65680461e+04            1.98514322e+00            9.98025022e-01            1.00199534e+00     6.888919320551894e+03     6.889167006272584e+03     6.889414865663221e+03     6.889662589730785e+03     6.889910347127628e+03     6.890901373703362e+03
    7800           -7.67514372e+04            1.30944534e+00            9.98701716e-01            1.00132063e+00     6.808769242302347e+03     6.808932276043309e+03     6.809095555440831e+03     6.809258653872670e+03     6.809421792470645e+03     6.810074342638941e+03
    8000           -7.68971454e+04            4.67354713e+00            9.95346864e-01            1.00469408e+00     6.845374547001991e+03     6.845958062072161e+03     6.846541798287599e+03     6.847125361615310e+03     6.847708967359116e+03     6.850043387716241e+03
    8200           -7.66519356e+04            3.49951098e+00            9.96516656e-01            1.00351576e+00     6.910028410878554e+03     6.910465308489542e+03     6.910902410906928e+03     6.911339375474195e+03     6.911776364983348e+03     6.913524319088141e+03
    8400           -7.68289327e+04            3.49599402e+00            9.96518659e-01            1.00351072e+00     6.905394393994531e+03     6.905830661003386e+03     6.906267107919037e+03     6.906703405830237e+03     6.907139744898514e+03     6.908885095802497e+03
    8600           -7.66338484e+04            3.62597160e+00            9.96387728e-01            1.00363974e+00     6.786035285162952e+03     6.786488071781823e+03     6.786941032808430e+03     6.787393854938302e+03     6.787846713162852e+03     6.789658141162753e+03
    8800           -7.65276839e+04            4.93468902e+00            9.95087364e-01            1.00495688e+00     6.864442531155778e+03     6.865058695930257e+03     6.865675109814266e+03     6.866291334648283e+03     6.866907604000495e+03     6.869372676845211e+03
    9000           -7.68076266e+04            4.40263336e+00            9.95614065e-01            1.00441942e+00     6.854721218961813e+03     6.855271002481995e+03     6.855821016099475e+03     6.856370876749879e+03     6.856920764608833e+03     6.859120310255854e+03
    9200           -7.66971234e+04            4.53991847e+00            9.95480015e-01            1.00455997e+00     6.878584103709540e+03     6.879150994301890e+03     6.879718132629750e+03     6.880285091496058e+03     6.880852090029317e+03     6.883120076349094e+03
    9400           -7.64422457e+04            1.61132281e+00            9.98400653e-01            1.00162333e+00     6.956069541320597e+03     6.956270493381633e+03     6.956471621161697e+03     6.956672611144147e+03     6.956873636208870e+03     6.957677731097144e+03
    9600           -7.66564393e+04            4.95001092e+00            9.95071484e-01            1.00497164e+00     6.906409518275989e+03     6.907027612742413e+03     6.907645953561368e+03     6.908264123385627e+03     6.908882326884492e+03     6.911355135492995e+03
    9800           -7.66776764e+04            7.08530188e-01            9.99300685e-01            1.00071776e+00     6.875335332125143e+03     6.875423107908606e+03     6.875511119799202e+03     6.875598968375596e+03     6.875686848784755e+03     6.876038365444368e+03
   10000           -7.66823701e+04            2.65863452e+00            9.97353356e-01            1.00267068e+00     6.834538737311736e+03     6.834870651450598e+03     6.835202820505709e+03     6.835534813534132e+03     6.835866840590419e+03     6.837194943869103e+03
   10200           -7.67719189e+04            3.28338785e+00            9.96732121e-01            1.00329898e+00     6.873170924761324e+03     6.873580768458072e+03     6.873990790376950e+03     6.874400674419806e+03     6.874810592477084e+03     6.876450260192843e+03
   10400           -7.65522356e+04            2.91846391e+00            9.97090891e-01            1.00292786e+00     6.759993926163062e+03     6.760358276405372e+03     6.760722794708048e+03     6.761087177732643e+03     6.761451596332366e+03     6.762909266501669e+03
   10600           -7.66549081e+04            9.60496614e-01            9.99049168e-01            1.00097018e+00     6.807788913678041e+03     6.807908281333423e+03     6.808027839735411e+03     6.808147249010855e+03     6.808266695765637e+03     6.808744477853233e+03
   10800           -7.65998106e+04            3.96247144e+00            9.96053713e-01            1.00397874e+00     6.878605543952055e+03     6.879100398098019e+03     6.879595522558198e+03     6.880090473013795e+03     6.880585451377085e+03     6.882565358802114e+03
   11000           -7.67334786e+04            2.48910142e+00            9.97522050e-01            1.00250030e+00     6.846869105993522e+03     6.847179462034283e+03     6.847490037771619e+03     6.847800449599205e+03     6.848110899403092e+03     6.849352692812662e+03
   11200           -7.66732926e+04            2.61027225e+00            9.97402201e-01            1.00262280e+00     6.809906659815862e+03     6.810232302374900e+03     6.810558143605046e+03     6.810883824952357e+03     6.811209548059604e+03     6.812512436303346e+03
   11400           -7.68042339e+04            2.41155001e+00            9.97601917e-01            1.00242507e+00     6.811194790296800e+03     6.811495809418884e+03     6.811796994304336e+03     6.812098047136542e+03     6.812399134390149e+03     6.813603478483498e+03
   11600           -7.67776968e+04            1.76165503e+00            9.98248916e-01            1.00177226e+00     6.830793259112818e+03     6.831012762377234e+03     6.831232447561682e+03     6.831451988468238e+03     6.831671566592747e+03     6.832549874072676e+03
   11800           -7.66827242e+04            2.74284093e+00            9.97270281e-01            1.00275602e+00     6.831825545757776e+03     6.832167720002289e+03     6.832510122318913e+03     6.832852350663905e+03     6.833194620477369e+03     6.834563695196960e+03
   12000           -7.65572767e+04            2.38316727e+00            9.97629004e-01            1.00239539e+00     6.832925342630875e+03     6.833222503430995e+03     6.833519909078200e+03     6.833817139272594e+03     6.834114406442272e+03     6.835303470253668e+03
   12200           -7.64483836e+04            1.94698523e+00            9.98065074e-01            1.00195909e+00     6.811079837816357e+03     6.811322303306939e+03     6.811564940349687e+03     6.811807435388385e+03     6.812049969187842e+03     6.813020100559327e+03
   12400           -7.65482454e+04            2.74475527e+00            9.97267324e-01            1.00275689e+00     6.813144780666927e+03     6.813487083962846e+03     6.813829622905901e+03     6.814171992275302e+03     6.814514397650705e+03     6.815884014634484e+03
   12600           -7.66704472e+04            2.93453204e+00            9.97079084e-01            1.00294821e+00     6.856714890838936e+03     6.857080996997928e+03     6.857447310541095e+03     6.857813469239861e+03     6.858179663872193e+03     6.859644436905450e+03
   12800           -7.65652244e+04            3.05748012e+00            9.96954083e-01            1.00306910e+00     6.805997334391144e+03     6.806379275364617e+03     6.806761443651505e+03     6.807143440410123e+03     6.807525476803195e+03     6.809053619215248e+03
   13000           -7.65390285e+04            2.08482737e+00            9.97925029e-01            1.00209472e+00     6.895177019022919e+03     6.895437090525485e+03     6.895697407878765e+03     6.895957545532941e+03     6.896217722680997e+03     6.897258426339075e+03
   13200           -7.67153310e+04            7.07521851e+00            9.92959367e-01            1.00711006e+00     6.791795601955134e+03     6.792679333190380e+03     6.793563265471395e+03     6.794447044340928e+03     6.795330859952196e+03     6.798866117949259e+03
   13400           -7.66385504e+04            1.69370976e+00            9.98317602e-01            1.00170506e+00     6.809923055996837e+03     6.810133777493682e+03     6.810344713173105e+03     6.810555482965574e+03     6.810766294228755e+03     6.811609532460673e+03
   13600           -7.67932614e+04            9.95783589e-01            9.99012864e-01            1.00100445e+00     6.842464649221531e+03     6.842588612498997e+03     6.842712822705484e+03     6.842836847757397e+03     6.842960915468845e+03     6.843457181716160e+03
   13800           -7.68269760e+04            8.54948105e-01            9.99156250e-01            1.00086616e+00     6.851025869335346e+03     6.851131818455412e+03     6.851237993732929e+03     6.851344005420676e+03     6.851450052189577e+03     6.851874235043810e+03
   14000           -7.65413035e+04            2.00896536e+00            9.97999614e-01            1.00201757e+00     6.867916440939617e+03     6.868166973568291e+03     6.868417742280200e+03     6.868668337779922e+03     6.868918972864813e+03     6.869921504790008e+03
   14200           -7.65918961e+04            2.75873236e+00            9.97251239e-01            1.00276875e+00     6.833847065201189e+03     6.834191589996179e+03     6.834536295399908e+03     6.834880856091874e+03     6.835225454424476e+03     6.836603843647763e+03
   14400           -7.66586644e+04            3.42979196e+00            9.96585046e-01            1.00344471e+00     6.900835086203890e+03     6.901263121064010e+03     6.901691344660487e+03     6.902119413835596e+03     6.902547524475443e+03     6.904259962746994e+03
   14600           -7.65845412e+04            5.13900922e+00            9.94883139e-01            1.00516129e+00     6.820395280495529e+03     6.821037264642800e+03     6.821679478048020e+03     6.822321532806393e+03     6.822963618560828e+03     6.825531956626127e+03
   14800           -7.65006837e+04            1.57059437e+00            9.98438152e-01            1.00157937e+00     6.848249694149142e+03     6.848445444249567e+03     6.848641381951292e+03     6.848837167857590e+03     6.849032993859836e+03     6.849816293570531e+03
   15000           -7.65133689e+04            9.56333023e+00            9.90492643e-01            1.00961980e+00     6.808770603354463e+03     6.809965399101126e+03     6.811160446191593e+03     6.812355312772263e+03     6.813550216934577e+03     6.818329830514691e+03
   15200           -7.64923900e+04            2.02813604e+00            9.97984395e-01            1.00204071e+00     6.797050629126516e+03     6.797303225082506e+03     6.797556034611730e+03     6.797808684886134e+03     6.798061371802257e+03     6.799072114477998e+03
   15400           -7.66142638e+04            4.22380172e+00            9.95791389e-01            1.00423907e+00     6.849860615603498e+03     6.850388302603686e+03     6.850916243830131e+03     6.851444004362707e+03     6.851971802340267e+03     6.854082989077036e+03
   15600           -7.65997050e+04            1.44456156e+00            9.98565897e-01            1.00145505e+00     6.748690450932331e+03     6.748870263417621e+03     6.749050348340880e+03     6.749230245678151e+03     6.749410178625646e+03     6.750129906318962e+03
   15800           -7.65508097e+04            2.28565341e+00            9.97726159e-01            1.00229751e+00     6.876560085022203e+03     6.876845023349157e+03     6.877130155562049e+03     6.877415150005705e+03     6.877700172957256e+03     6.878840260892308e+03
   16000           -7.66144360e+04            3.82923091e+00            9.96187335e-01            1.00384589e+00     6.873910149339891e+03     6.874388128936279e+03     6.874866316311125e+03     6.875344340591486e+03     6.875822405966944e+03     6.877734662593997e+03
   16200           -7.65661271e+04            1.99786057e+00            9.98013291e-01            1.00200905e+00     6.768222199790664e+03     6.768471191881852e+03     6.768720414610983e+03     6.768969462917165e+03     6.769218552378744e+03     6.770214904966824e+03
   16400           -7.66895493e+04            3.46790375e+00            9.96548098e-01            1.00348399e+00     6.709108915699412e+03     6.709541453893134e+03     6.709974236157321e+03     6.710406851330421e+03     6.710839498082048e+03     6.712570080464684e+03
   16600           -7.65782269e+04            1.46281752e+00            9.98545510e-01            1.00147117e+00     6.775146668498816e+03     6.775329283858207e+03     6.775512114750300e+03     6.775694781167867e+03     6.775877486948168e+03     6.776608305397519e+03
   16800           -7.65303248e+04            4.66202843e-01            9.99545057e-01            1.00047747e+00     6.756209041877702e+03     6.756266475174583e+03     6.756324116354470e+03     6.756381599571530e+03     6.756439120457603e+03     6.756669199037505e+03
   17000           -7.66831225e+04            6.33413300e+00            9.93694630e-01            1.00636309e+00     6.919580295020367e+03     6.920371747651816e+03     6.921163383183031e+03     6.921954885007325e+03     6.922746416767298e+03     6.925912538514229e+03
   17200           -7.66162220e+04            6.41221680e+00            9.93619746e-01            1.00644442e+00     6.814949021165789e+03     6.815749739054464e+03     6.816550662496285e+03     6.817351420688503e+03     6.818152221971131e+03     6.821355422776473e+03
   17400           -7.65365550e+04            1.41674357e+00            9.98593820e-01            1.00142734e+00     6.757643412492794e+03     6.757819831645065e+03     6.757996412068258e+03     6.758172872451815e+03     6.758349360374916e+03     6.759055308257039e+03
   17600           -7.67366381e+04            4.32696024e-01            9.99576868e-01            1.00044227e+00     6.813842130974759e+03     6.813895486338605e+03     6.813949087427713e+03     6.814002515092928e+03     6.814055978250381e+03     6.814269825526002e+03
   17800           -7.67598519e+04            2.13245455e+00            9.97878003e-01            1.00214295e+00     6.820718793891149e+03     6.820984590844327e+03     6.821250608004856e+03     6.821516462445403e+03     6.821782354206211e+03     6.822845914521275e+03
   18000           -7.68036726e+04            1.58207013e+00            9.98428660e-01            1.00159283e+00     6.765108546372508e+03     6.765305288414267e+03     6.765502205959987e+03     6.765698980331547e+03     6.765895793214359e+03     6.766683040056210e+03
   18200           -7.67442287e+04            1.54288443e+00            9.98465738e-01            1.00155153e+00     6.817021282461095e+03     6.817213623742231e+03     6.817406197994153e+03     6.817598600725646e+03     6.817791041982673e+03     6.818560801504251e+03
   18400           -7.66933580e+04            3.76713904e+00            9.96246815e-01            1.00378116e+00     6.769311011285059e+03     6.769781245459210e+03     6.770251682787950e+03     6.770721972904997e+03     6.771192295004935e+03     6.773073578724808e+03
   18600           -7.66127495e+04            2.37481749e+00            9.97638054e-01            1.00238774e+00     6.843946125842059e+03     6.844242341311293e+03     6.844538742488069e+03     6.844835004196288e+03     6.845131298115716e+03     6.846316470389374e+03
   18800           -7.67404083e+04            3.89973742e+00            9.96117106e-01            1.00391667e+00     6.786801941016363e+03     6.787288785589724e+03     6.787775825886027e+03     6.788262706281130e+03     6.788749629975359e+03     6.790697318934354e+03
   19000           -7.68607481e+04            1.67352785e+00            9.98338509e-01            1.00168560e+00     6.944308955797556e+03     6.944517191463087e+03     6.944725671530640e+03     6.944933974460718e+03     6.945142315408540e+03     6.945975675019523e+03
   19200           -7.65594780e+04            5.39894923e+00            9.94623014e-01            1.00542105e+00     6.810148194289587e+03     6.810822623000827e+03     6.811497276328222e+03     6.812171763853792e+03     6.812846289080488e+03     6.815544383871389e+03
   19400           -7.66877689e+04            1.31932209e+00            9.98690685e-01            1.00132935e+00     6.811154035402972e+03     6.811318535127399e+03     6.811483223023640e+03     6.811647770669176e+03     6.811812350330874e+03     6.812470665258776e+03
   19600           -7.66072015e+04            1.99168054e+00            9.98021098e-01            1.00200450e+00     6.913100024447675e+03     6.913348054255566e+03     6.913596330816248e+03     6.913844425769552e+03     6.914092561040307e+03     6.915085097632941e+03
   19800           -7.68862709e+04            3.19840129e+00            9.96814711e-01            1.00321158e+00     6.877402723858857e+03     6.877802038069827e+03     6.878201558580694e+03     6.878600934350674e+03     6.879000339405166e+03     6.880597954951477e+03
   20000           -7.69477972e+04            2.82364142e-01            9.99728283e-01            1.00029302e+00     6.801420050778755e+03     6.801454381090881e+03     6.801488932993338e+03     6.801523321061572e+03     6.801557745766228e+03     6.801695440753703e+03
   20200           -7.67830936e+04            2.07774403e+00            9.97933605e-01            1.00208913e+00     6.761932454795632e+03     6.762191194270193e+03     6.762450096568917e+03     6.762708871602177e+03     6.762967678841233e+03     6.764002902886834e+03
   20400           -7.67544113e+04            1.53312563e+00            9.98479404e-01            1.00154569e+00     6.891122154901258e+03     6.891312924516032e+03     6.891503913361407e+03     6.891694733515974e+03     6.891885594183545e+03     6.892649033465833e+03
   20600           -7.68446821e+04            1.18999766e+00            9.98821254e-01            1.00120128e+00     6.864360793341672e+03     6.864508623199488e+03     6.864656671971286e+03     6.864804558030162e+03     6.864952481398165e+03     6.865544169454658e+03
   20800           -7.66815699e+04            9.43726334e-01            9.99064472e-01            1.00095194e+00     6.849034045599441e+03     6.849151514368798e+03     6.849269222922279e+03     6.849386751864209e+03     6.849504322392043e+03     6.849974599184644e+03
   21000           -7.67607435e+04            2.19829440e+00            9.97815281e-01            1.00221192e+00     6.811602044737650e+03     6.811875944444723e+03     6.812150071975990e+03     6.812424035162898e+03     6.812698033500407e+03     6.813794022263165e+03
   21200           -7.69732175e+04            5.28909356e+00            9.94735137e-01            1.00531348e+00     6.828025119296080e+03     6.828685312146738e+03     6.829345681938105e+03     6.830005913143292e+03     6.830666179391920e+03     6.833307239487761e+03
   21400           -7.67251156e+04            6.68314970e+00            9.93348632e-01            1.00671516e+00     6.800779139053863e+03     6.801613935172666e+03     6.802448897664183e+03     6.803283719315831e+03     6.804118580930504e+03     6.807458022807146e+03
   21600           -7.69480474e+04            4.81135297e+00            9.95208565e-01            1.00483139e+00     6.810827768455347e+03     6.811428319459978e+03     6.812029083524078e+03     6.812629687300720e+03     6.813230328398391e+03     6.815632888341435e+03
   21800           -7.67179396e+04            1.62578476e+00            9.98386776e-01            1.00163838e+00     6.832495687790471e+03     6.832698084053458e+03     6.832900706127400e+03     6.833103168433997e+03     6.833305663481809e+03     6.834115639173146e+03
   22000           -7.66020582e+04            4.48875463e-01            9.99560352e-01            1.00045811e+00     6.801489307613408e+03     6.801545070774568e+03     6.801601093846236e+03     6.801656939221136e+03     6.801712818212394e+03     6.801936328811381e+03
   22200           -7.67545429e+04            6.54093460e-01            9.99354265e-01            1.00066246e+00     6.788568625389484e+03     6.788649511073479e+03     6.788730576574659e+03     6.788811502019496e+03     6.788892462547728e+03     6.789216299705971e+03
   22400           -7.66584465e+04            1.64878354e+00            9.98364011e-01            1.00166162e+00     6.809961017986183e+03     6.810166348103950e+03     6.810371853881004e+03     6.810577209119786e+03     6.810782607705112e+03     6.811604197424042e+03
   22600           -7.67055326e+04            3.66981589e+00            9.96346420e-01            1.00368614e+00     6.862634511468475e+03     6.863092166581169e+03     6.863550027960902e+03     6.864007726643420e+03     6.864465466373243e+03     6.866296421278009e+03
   22800           -7.66797437e+04            4.65138076e+00            9.95369611e-01            1.00467250e+00     6.839688685039755e+03     6.840269469970260e+03     6.840850512463493e+03     6.841431369163774e+03     6.842012265487124e+03     6.844335845934493e+03
   23000           -7.65616638e+04            1.53007950e+00            9.98480308e-01            1.00154050e+00     6.833626093477195e+03     6.833816572149274e+03     6.834007269810010e+03     6.834197800503152e+03     6.834388371169214e+03     6.835150648861234e+03
   23200           -7.64083673e+04            5.09624014e+00            9.94927423e-01            1.00512006e+00     6.885566217094019e+03     6.886202692501000e+03     6.886839379348497e+03     6.887475913490305e+03     6.888112480620455e+03     6.890658744146892e+03
   23400           -7.66881498e+04            2.59278744e+00            9.97422578e-01            1.00260822e+00     6.822997132387193e+03     6.823320517311481e+03     6.823644120113263e+03     6.823967560591216e+03     6.824291038182576e+03     6.825584943977959e+03
   23600           -7.67446343e+04            3.28884820e+00            9.96722878e-01            1.00330063e+00     6.821263623488777e+03     6.821674025609363e+03     6.822084612810221e+03     6.822495052662919e+03     6.822905530455700e+03     6.824547437422622e+03
   23800           -7.67256788e+04            2.21773032e+00            9.97793794e-01            1.00222930e+00     6.860294437044843e+03     6.860571375616985e+03     6.860848521934729e+03     6.861125515588206e+03     6.861402543703408e+03     6.862510650361973e+03
   24000           -7.67967881e+04            8.92611981e+00            9.91124061e-01            1.00897673e+00     6.825748987397156e+03     6.826863916476554e+03     6.827979041479020e+03     6.829094015584402e+03     6.830209026178931e+03     6.834669064960706e+03
   24200           -7.65686966e+04            3.81146010e+00            9.96204089e-01            1.00382709e+00     6.870365582000341e+03     6.870841516715117e+03     6.871317703795248e+03     6.871793707438607e+03     6.872269750604597e+03     6.874173919208853e+03
   24400           -7.67197260e+04            1.58843213e+00            9.98421957e-01            1.00159885e+00     6.849702498381143e+03     6.849900413716926e+03     6.850098524405261e+03     6.850296482359510e+03     6.850494478813153e+03     6.851286459245163e+03
   24600           -7.68306017e+04            1.57912147e+00            9.98429731e-01            1.00158800e+00     6.825148937413107e+03     6.825345852312828e+03     6.825542949721018e+03     6.825739904716499e+03     6.825936895669815e+03     6.826724853926524e+03
   24800           -7.67691656e+04            3.52541762e+00            9.96488902e-01            1.00353981e+00     6.813382104705593e+03     6.813822327184737e+03     6.814262763144518e+03     6.814703041949081e+03     6.815143355761989e+03     6.816904606818387e+03
   25000           -7.66717219e+04            4.40466961e+00            9.95614181e-01            1.00442363e+00     6.864408152636569e+03     6.864958102673775e+03     6.865508273354433e+03     6.866058276496702e+03     6.866608319349595e+03     6.868808486062622e+03
   25200           -7.67366980e+04            1.95587729e+00            9.98054693e-01            1.00196648e+00     6.811004436617091e+03     6.811248532074943e+03     6.811492894274565e+03     6.811737064307545e+03     6.811981274831687e+03     6.812958113046285e+03
   25400           -7.68621686e+04            1.47399483e+00            9.98533841e-01            1.00148185e+00     6.821998366168494e+03     6.822182005330854e+03     6.822365873595841e+03     6.822549578291036e+03     6.822733317208996e+03     6.823468268249499e+03
   25600           -7.65404093e+04            4.88898901e+00            9.95131491e-01            1.00490959e+00     6.782653055807777e+03     6.783263850073930e+03     6.783874863454195e+03     6.784485723922644e+03     6.785096614885340e+03     6.787540173962904e+03
   25800           -7.65632037e+04            2.00731660e+00            9.98006536e-01            1.00202122e+00     6.819349967513745e+03     6.819600177607289e+03     6.819850632096882e+03     6.820100906542278e+03     6.820351221109010e+03     6.821352474704276e+03
   26000           -7.67226970e+04            2.37516225e+00            9.97636740e-01            1.00238711e+00     6.923972807540134e+03     6.924269016997932e+03     6.924565466661023e+03     6.924861741398952e+03     6.925158054225427e+03     6.926343300910720e+03
   26200           -7.67911685e+04            3.24844123e+00            9.96766072e-01            1.00326303e+00     6.863811197855644e+03     6.864216486123706e+03     6.864622056662932e+03     6.865027431964602e+03     6.865432844893468e+03     6.867054491931291e+03
   26400           -7.66689789e+04            3.07534955e+00            9.96940696e-01            1.00309147e+00     6.840854078428684e+03     6.841237624915728e+03     6.841621383834971e+03     6.842004983693667e+03     6.842388620158004e+03     6.843923161887323e+03
   26600           -7.69206160e+04            2.35130605e+00            9.97662189e-01            1.00236486e+00     6.924927809614994e+03     6.925221136901835e+03     6.925514650878940e+03     6.925808017895634e+03     6.926101421805094e+03     6.927275033995195e+03
   26800           -7.67204155e+04            3.34515021e+00            9.96666963e-01            1.00335732e+00     6.839010955211323e+03     6.839428507847790e+03     6.839846274021645e+03     6.840263884254870e+03     6.840681529913873e+03     6.842352104616424e+03
   27000           -7.67481866e+04            1.99131254e+00            9.98018768e-01            1.00200143e+00     6.865325963508182e+03     6.865574380137379e+03     6.865822960268787e+03     6.866071400480321e+03     6.866319880753451e+03     6.867313797998719e+03
   27200           -7.68084836e+04            1.90867289e+00            9.98105088e-01            1.00192248e+00     6.863418193558670e+03     6.863655984138469e+03     6.863894020592878e+03     6.864131877690847e+03     6.864369773943858e+03     6.865321354329047e+03
   27400           -7.67700258e+04            1.23156145e+00            9.98778855e-01            1.00124200e+00     6.806075603636641e+03     6.806228947807082e+03     6.806382459813865e+03     6.806535842900763e+03     6.806689257637127e+03     6.807302911637614e+03
   27600           -7.66254320e+04            3.19102979e+00            9.96822079e-01            1.00320420e+00     6.845003573799126e+03     6.845401672646817e+03     6.845799983344244e+03     6.846198139354829e+03     6.846596330700097e+03     6.848189087601067e+03
   27800           -7.66168900e+04            1.15838627e+00            9.98853017e-01            1.00116981e+00     6.876522929552793e+03     6.876666865519094e+03     6.876811041741466e+03     6.876955035754536e+03     6.877099072683836e+03     6.877675215814879e+03
   28000           -7.67595838e+04            4.65110948e+00            9.95370126e-01            1.00467248e+00     6.831327771515320e+03     6.831908243976183e+03     6.832488899904341e+03     6.833069420363253e+03     6.833649971361210e+03     6.835972171207100e+03
   28200           -7.67763480e+04            3.71663057e+00            9.96300512e-01            1.00373387e+00     6.816670672568040e+03     6.817134693734062e+03     6.817598933823027e+03     6.818063015723836e+03     6.818527131705899e+03     6.820383590843759e+03
   28400           -7.65527755e+04            1.08713034e+00            9.98923066e-01            1.00109735e+00     6.911356930484007e+03     6.911492203401408e+03     6.911627704032482e+03     6.911763036974326e+03     6.911898407601605e+03     6.912439884719203e+03
   28600           -7.65753332e+04            6.52494343e-01            9.99356702e-01            1.00066170e+00     6.875659300399086e+03     6.875740107045194e+03     6.875821151856477e+03     6.875902021075867e+03     6.875982929881548e+03     6.876306559364010e+03
   28800           -7.66741947e+04            5.26718387e+00            9.94754822e-01            1.00528932e+00     6.727972217107839e+03     6.728630296483034e+03     6.729288574415829e+03     6.729946694149079e+03     6.730604854946063e+03     6.733237492784287e+03
   29000           -7.67335269e+04            2.73464956e+00            9.97278956e-01            1.00274832e+00     6.870598851687114e+03     6.870940082472980e+03     6.871281529845958e+03     6.871622809451061e+03     6.871964130510167e+03     6.873329409333219e+03
   29200           -7.66508186e+04            2.44683112e+00            9.97565069e-01            1.00245878e+00     6.830724006604555e+03     6.831029167091113e+03     6.831334501525408e+03     6.831639692904976e+03     6.831944923432119e+03     6.833165840259683e+03
   29400           -7.64740242e+04            1.81036505e+00            9.98200691e-01            1.00182146e+00     6.882945004346428e+03     6.883170630035444e+03     6.883396436790210e+03     6.883622095399847e+03     6.883847794057266e+03     6.884750583768103e+03
   29600           -7.65220168e+04            7.74419323e+00            9.92294441e-01            1.00778312e+00     6.934465071519212e+03     6.935432690249458e+03     6.936400559027149e+03     6.937368245607019e+03     6.938335972039395e+03     6.942206872559578e+03
   29800           -7.64590981e+04            4.11991070e+00            9.95895640e-01            1.00413554e+00     6.853695906111989e+03     6.854210353971474e+03     6.854724981764638e+03     6.855239463342179e+03     6.855753984223926e+03     6.857812062335864e+03
   30000           -7.65818278e+04            2.91117507e+00            9.97102932e-01            1.00292535e+00     6.813333124001344e+03     6.813696408548291e+03     6.814059944044759e+03     6.814423303869244e+03     6.814786698684899e+03     6.816240273368454e+03
   30200           -7.65850579e+04            7.99948402e+00            9.92042342e-01            1.00804164e+00     6.883640518701210e+03     6.884639803163133e+03     6.885639319230787e+03     6.886638665934996e+03     6.887638049804907e+03     6.891635580908604e+03
   30400           -7.67674486e+04            5.45400342e+00            9.94570922e-01            1.00547909e+00     6.912076433515243e+03     6.912757577317959e+03     6.913438955145871e+03     6.914120155738109e+03     6.914801398015376e+03     6.917526362515510e+03
   30600           -7.67702549e+04            2.97825480e+00            9.97037471e-01            1.00299406e+00     6.863308006690617e+03     6.863679446209779e+03     6.864051087004709e+03     6.864422569161006e+03     6.864794091401301e+03     6.866280176111985e+03
   30800           -7.68012919e+04            2.57755619e+00            9.97433122e-01            1.00258828e+00     6.811253061885568e+03     6.811574449511460e+03     6.811896037009231e+03     6.812217466209632e+03     6.812538936000328e+03     6.813824810115088e+03
   31000           -7.68552701e+04            3.04297520e+00            9.96972672e-01            1.00305870e+00     6.912343239179991e+03     6.912723106558135e+03     6.913103151605815e+03     6.913483052424877e+03     6.913862991746324e+03     6.915382744312657e+03
   31200           -7.69647435e+04            9.02100553e-01            9.99108342e-01            1.00091256e+00     6.926046236730599e+03     6.926158067475882e+03     6.926270120573179e+03     6.926382016589468e+03     6.926493944855050e+03     6.926941652979502e+03
   31400           -7.68744549e+04            1.40026108e+00            9.98609274e-01            1.00140982e+00     6.869834861447453e+03     6.870009531847221e+03     6.870184388883488e+03     6.870359099588666e+03     6.870533847284062e+03     6.871232833120672e+03
   31600           -7.69215537e+04            8.84827395e-01            9.99124229e-01            1.00089390e+00     6.854119281087436e+03     6.854229464295574e+03     6.854339834877997e+03     6.854450050112629e+03     6.854560307601475e+03     6.855001334115513e+03
   31800           -7.68713741e+04            4.74772334e-01            9.99535263e-01            1.00048482e+00     6.817108796040186e+03     6.817167507332641e+03     6.817226483670251e+03     6.817285259721722e+03     6.817344082478990e+03     6.817579368917794e+03
   32000           -7.67908562e+04            8.40053146e-01            9.99170617e-01            1.00085074e+00     6.895337069494589e+03     6.895441519915047e+03     6.895546142628446e+03     6.895650620556120e+03     6.895755138853121e+03     6.896173208211656e+03
   32200           -7.67057135e+04            3.95869826e+00            9.96058465e-01            1.00397596e+00     6.870177777117355e+03     6.870671929891597e+03     6.871166270090906e+03     6.871660463385236e+03     6.872154693658606e+03     6.874131610199857e+03
   32400           -7.67189694e+04            2.23791000e+00            9.97773769e-01            1.00224963e+00     6.852755209550208e+03     6.853034578929828e+03     6.853314135289452e+03     6.853593544196789e+03     6.853872990212983e+03     6.854990770875760e+03
   32600           -7.69353777e+04            3.88440106e+00            9.96134916e-01            1.00390383e+00     6.842558958347290e+03     6.843043710661263e+03     6.843528672599658e+03     6.844013471721359e+03     6.844498311149589e+03     6.846437663951887e+03
   32800           -7.67706831e+04            3.20639451e+00            9.96810192e-01            1.00322307e+00     6.852044741236547e+03     6.852444767999748e+03     6.852845012520964e+03     6.853245094316590e+03     6.853645213658757e+03     6.855245686080966e+03
   33000           -7.66083084e+04            1.49425122e+00            9.98516290e-01            1.00150482e+00     6.813249859335639e+03     6.813435613299503e+03     6.813621562179819e+03     6.813807358082047e+03     6.813993192404143e+03     6.814736525472647e+03
   33200           -7.66509007e+04            6.48172289e-01            9.99361505e-01            1.00065786e+00     6.842924140836775e+03     6.843004143994584e+03     6.843084331321632e+03     6.843164377526165e+03     6.843244458075931e+03     6.843564775315088e+03
   33400           -7.67588240e+04            1.76607126e+00            9.98243664e-01            1.00177584e+00     6.818550689861808e+03     6.818770998567701e+03     6.818991538123614e+03     6.819211904446708e+03     6.819432310467918e+03     6.820313931074028e+03
   33600           -7.69617081e+04            3.37831322e+00            9.96635503e-01            1.00339220e+00     6.817188641888601e+03     6.817610106213458e+03     6.818031783756093e+03     6.818453303188047e+03     6.818874858523698e+03     6.820561075158796e+03
   33800           -7.68059738e+04            1.93321023e+00            9.98076901e-01            1.00194336e+00     6.769374699103224e+03     6.769615550487393e+03     6.769856659025072e+03     6.770097581776054e+03     6.770338543937466e+03     6.771302388771708e+03
   34000           -7.68088603e+04            5.96569535e+00            9.94062131e-01            1.00599371e+00     6.811685911105762e+03     6.812431080809674e+03     6.813176399442241e+03     6.813921590457022e+03     6.814666818372873e+03     6.817647725639986e+03
   34200           -7.66371665e+04            1.32460617e+00            9.98685077e-01            1.00133431e+00     6.875644613960430e+03     6.875809477227651e+03     6.875974536842094e+03     6.876139444972876e+03     6.876304390174535e+03     6.876964166388640e+03
   34400           -7.66391818e+04            3.15785309e+00            9.96854974e-01            1.00317074e+00     6.815779393248468e+03     6.816173578721218e+03     6.816567952040199e+03     6.816962180072420e+03     6.817356443755937e+03     6.818933494263407e+03
   34600           -7.68903365e+04            7.88528024e-01            9.99219564e-01            1.00079663e+00     6.791232081983401e+03     6.791330142583355e+03     6.791428464903936e+03     6.791526598434401e+03     6.791624772253461e+03     6.792017462523521e+03
   34800           -7.66926324e+04            4.58873174e+00            9.95432011e-01            1.00460960e+00     6.806357795565985e+03     6.806930519584139e+03     6.807503423395583e+03     6.808076182454006e+03     6.808648979525319e+03     6.810940163484654e+03
   35000           -7.66837489e+04            2.71894944e-01            9.99738415e-01            1.00028221e+00     6.838944482936341e+03     6.838977865788728e+03     6.839011468979895e+03     6.839044922275529e+03     6.839078403718797e+03     6.839212324501254e+03
   35200           -7.69743768e+04            2.31624716e+00            9.97693734e-01            1.00232627e+00     6.807133811314319e+03     6.807422808557877e+03     6.807712002967095e+03     6.808001035862602e+03     6.808290112357990e+03     6.809446413401661e+03
   35400           -7.67273619e+04            2.48187466e+00            9.97530410e-01            1.00249421e+00     6.771242051091474e+03     6.771551623521210e+03     6.771861367240257e+03     6.772170973358692e+03     6.772480615655908e+03     6.773719180220342e+03
   35600           -7.67209662e+04            5.69499560e+00            9.94334077e-01            1.00572428e+00     6.877360827772370e+03     6.878072072375175e+03     6.878783560394292e+03     6.879494871670218e+03     6.880206221268561e+03     6.883051614764753e+03
   35800           -7.65967892e+04            4.08421125e+00            9.95934553e-01            1.00410308e+00     6.823240894669601e+03     6.823750945035853e+03     6.824261226156541e+03     6.824771337914543e+03     6.825281487186209e+03     6.827322079702818e+03
   36000           -7.67668736e+04            1.00839394e+00            9.99000819e-01            1.00101763e+00     6.800658168213167e+03     6.800783423657042e+03     6.800908933261456e+03     6.801034260973434e+03     6.801159627004166e+03     6.801661085795165e+03
   36200           -7.67553194e+04            7.80676021e-01            9.99229416e-01            1.00079078e+00     6.808716760786402e+03     6.808813686882969e+03     6.808910866112549e+03     6.809007867722206e+03     6.809104904900363e+03     6.809493049014325e+03
   36400           -7.68006859e+04            3.60165456e+00            9.96412776e-01            1.00361616e+00     6.817610032133562e+03     6.818059754930729e+03     6.818509723486016e+03     6.818959504336953e+03     6.819409329625435e+03     6.821208627117309e+03
   36600           -7.66786806e+04            2.86255858e+00            9.97153215e-01            1.00287841e+00     6.849562706365082e+03     6.849919746898391e+03     6.850277011226435e+03     6.850634113319664e+03     6.850991250385814e+03     6.852419794406546e+03
   36800           -7.66837576e+04            5.46530271e-01            9.99464185e-01            1.00055726e+00     6.858885676089620e+03     6.858953114090727e+03     6.859020770073873e+03     6.859088261184733e+03     6.859155791199309e+03     6.859425906308997e+03
   37000           -7.67825916e+04            2.40990326e+00            9.97603198e-01            1.00242306e+00     6.877670526762339e+03     6.877970835401838e+03     6.878271338969738e+03     6.878571697469583e+03     6.878872089453844e+03     6.880073652145349e+03
   37200           -7.67463880e+04            8.50073283e-01            9.99161233e-01            1.00086140e+00     6.744281201313600e+03     6.744386543658436e+03     6.744492048292764e+03     6.744597435437997e+03     6.744702848328292e+03     6.745124495342984e+03
   37400           -7.67542074e+04            3.75105302e+00            9.96265229e-01            1.00376742e+00     6.805095369340561e+03     6.805563578678783e+03     6.806031981054639e+03     6.806500232921903e+03     6.806968522191964e+03     6.808841675043368e+03
   37600           -7.65363192e+04            1.27973279e+00            9.98728900e-01            1.00128839e+00     6.841644331256847e+03     6.841803857287482e+03     6.841963600239771e+03     6.842123192731449e+03     6.842282815122215e+03     6.842921298987582e+03
   37800           -7.65754859e+04            2.13685366e+00            9.97871343e-01            1.00214508e+00     6.836930228071292e+03     6.837197083190899e+03     6.837464142877945e+03     6.837731047160340e+03     6.837997989557182e+03     6.839065751043073e+03
   38000           -7.67459916e+04            2.54632018e+00            9.97463988e-01            1.00255667e+00     6.784221476036124e+03     6.784539161982624e+03     6.784857094780484e+03     6.785174853656743e+03     6.785492647978194e+03     6.786763819920266e+03
   38200           -7.67533008e+04            2.05346391e+00            9.97955494e-01            1.00206245e+00     6.831346987906983e+03     6.831603122279826e+03     6.831859495722902e+03     6.832115691898941e+03     6.832371928206770e+03     6.833396868506557e+03
   38400           -7.67478038e+04            1.23569459e+00            9.98776868e-01            1.00124829e+00     6.857808822422170e+03     6.857962609249615e+03     6.858116638388184e+03     6.858270495405377e+03     6.858424388186251e+03     6.859039953950333e+03
   38600           -7.68147072e+04            9.72496732e-01            9.99039770e-01            1.00098479e+00     6.815268884043998e+03     6.815389586578333e+03     6.815510502312525e+03     6.815631264674113e+03     6.815752059610482e+03     6.816235235176966e+03
   38800           -7.68828265e+04            1.29972681e+00            9.98711224e-01            1.00131070e+00     6.837325972764581e+03     6.837487759902390e+03     6.837649745260272e+03     6.837811590739009e+03     6.837973464157297e+03     6.838620955550012e+03
   39000           -7.70375371e+04            7.88767094e-01            9.99220204e-01            1.00079775e+00     6.831236352066152e+03     6.831334335508912e+03     6.831432509638536e+03     6.831530538965296e+03     6.831628603444522e+03     6.832020854822891e+03
   39200           -7.68352938e+04            2.14272133e+00            9.97870781e-01            1.00215627e+00     6.786344265034601e+03     6.786611229189753e+03     6.786878417106782e+03     6.787145440446374e+03     6.787412500406356e+03     6.788480735778111e+03
   39400           -7.66285267e+04            2.78212151e+00            9.97230674e-01            1.00279497e+00     6.842850972004730e+03     6.843198343341877e+03     6.843545920949050e+03     6.843893332144678e+03     6.844240787093830e+03     6.845630602182930e+03
   39600           -7.66707429e+04            4.37836140e+00            9.95642974e-01            1.00439983e+00     6.775776969401923e+03     6.776323525040836e+03     6.776870255923843e+03     6.777416859268075e+03     6.777963490770724e+03     6.780150012139524e+03
   39800           -7.66048117e+04            4.45663798e+00            9.95563630e-01            1.00447703e+00     6.859108112660344e+03     6.859664319660028e+03     6.860220688480244e+03     6.860776932971075e+03     6.861333208096819e+03     6.863558303533295e+03
   40000           -7.66270218e+04            3.23243451e+00            9.96783942e-01            1.00324889e+00     6.847885501454972e+03     6.848288763403011e+03     6.848692218400628e+03     6.849095519485973e+03     6.849498860743060e+03     6.851112220031147e+03
   40200           -7.68430822e+04            2.07613328e+00            9.97935208e-01            1.00208752e+00     6.884987384820744e+03     6.885246194667331e+03     6.885505248345424e+03     6.885764124958078e+03     6.886023039967125e+03     6.887058695113507e+03
   40400           -7.68286252e+04            4.24957631e+00            9.95770090e-01            1.00426936e+00     6.868566539261174e+03     6.869096823822455e+03     6.869627352788745e+03     6.870157702748820e+03     6.870688091880366e+03     6.872809644499559e+03
   40600           -7.67175586e+04            2.36166831e+00            9.97652790e-01            1.00237619e+00     6.732994659778015e+03     6.733289021703482e+03     6.733583588984954e+03     6.733878004844002e+03     6.734172454724192e+03     6.735350249670369e+03
   40800           -7.65797251e+04            2.77439323e+00            9.97237939e-01            1.00278678e+00     6.800322633185557e+03     6.800668730516930e+03     6.801015052285242e+03     6.801361216183324e+03     6.801707412326034e+03     6.803092191466510e+03
   41000           -7.67236198e+04            1.16089221e+00            9.98852516e-01            1.00117433e+00     6.846103845919103e+03     6.846248290439254e+03     6.846392980188823e+03     6.846537499603428e+03     6.846682052364861e+03     6.847260258810619e+03
   41200           -7.67254653e+04            3.53053039e+00            9.96485112e-01            1.00354625e+00     6.793867291411822e+03     6.794307971273676e+03     6.794748883930085e+03     6.795189633368794e+03     6.795630415656996e+03     6.797393539902169e+03
   41400           -7.67790102e+04            1.79625280e+00            9.98213136e-01            1.00180567e+00     6.816383259466948e+03     6.816607291258356e+03     6.816831511167811e+03     6.817055593952008e+03     6.817279706856517e+03     6.818176154246086e+03
   41600           -7.67505542e+04            3.11100689e+00            9.96902006e-01            1.00312408e+00     6.855146883056928e+03     6.855535258144050e+03     6.855923904596812e+03     6.856312356291431e+03     6.856700848916866e+03     6.858254814776802e+03
   41800           -7.69932573e+04            5.78109582e+00            9.94243099e-01            1.00580544e+00     6.820595883309416e+03     6.821317980430642e+03     6.822040267073804e+03     6.822762416226675e+03     6.823484595530966e+03     6.826373307752514e+03
   42000           -7.67720356e+04            1.67510161e+00            9.98334173e-01            1.00168440e+00     6.860403340512902e+03     6.860612258572424e+03     6.860821443424494e+03     6.861030440663410e+03     6.861239475819073e+03     6.862075611125244e+03
   42200           -7.65339847e+04            3.22261622e+00            9.96793052e-01            1.00323836e+00     6.828339535562805e+03     6.828741404549586e+03     6.829143478928218e+03     6.829545405582699e+03     6.829947363557331e+03     6.831555191551858e+03
   42400           -7.66535243e+04            4.81128995e+00            9.95212763e-01            1.00483550e+00     6.842490807318739e+03     6.843091502929666e+03     6.843692380006601e+03     6.844293102628936e+03     6.844893868879342e+03     6.847296930439946e+03
   42600           -7.66180725e+04            3.10145263e+00            9.96915032e-01            1.00311802e+00     6.849095968037518e+03     6.849482860761084e+03     6.849869976858218e+03     6.850256933248867e+03     6.850643923179005e+03     6.852191878320491e+03
   42800           -7.65446506e+04            1.77137943e+00            9.98239168e-01            1.00178196e+00     6.832180862093238e+03     6.832402070233067e+03     6.832623518972471e+03     6.832844800507306e+03     6.833066115203729e+03     6.833951368314220e+03
   43000           -7.66495365e+04            4.70144721e-01            9.99539827e-01            1.00048013e+00     6.823255298766608e+03     6.823313414088680e+03     6.823371770455391e+03     6.823429947278600e+03     6.823488165234990e+03     6.823721031703372e+03
   43200           -7.65184919e+04            3.10289778e+00            9.96911619e-01            1.00311748e+00     6.838299244084679e+03     6.838686445494912e+03     6.839073881656181e+03     6.839461154200240e+03     6.839848458985939e+03     6.841397673887198e+03
   43400           -7.64452848e+04            6.16319483e-01            9.99395102e-01            1.00062775e+00     6.874310207157813e+03     6.874386834688062e+03     6.874463658499820e+03     6.874540326492295e+03     6.874617034724839e+03     6.874923862291865e+03
   43600           -7.64075592e+04            3.31923431e+00            9.96697603e-01            1.00333616e+00     6.776736306316072e+03     6.777150374415993e+03     6.777564657743941e+03     6.777978785384420e+03     6.778392946253717e+03     6.780049586191362e+03
   43800           -7.65605127e+04            7.42073861e-01            9.99265480e-01            1.00074964e+00     6.848020327362127e+03     6.848112534380331e+03     6.848204991726758e+03     6.848297273410069e+03     6.848389590413313e+03     6.848758853464500e+03
   44000           -7.67385429e+04            2.62220539e+00            9.97388239e-01            1.00263269e+00     6.751590411184856e+03     6.751917227041192e+03     6.752244270957694e+03     6.752571139192973e+03     6.752898050296691e+03     6.754205689408525e+03
   44200           -7.68287098e+04            5.10564454e-01            9.99499552e-01            1.00052069e+00     6.808967836231606e+03     6.809031117860707e+03     6.809094582401522e+03     6.809157905389275e+03     6.809221263431018e+03     6.809474690630429e+03
   44400           -7.69316811e+04            7.46845361e-01            9.99261964e-01            1.00075567e+00     6.862168978863396e+03     6.862261517908919e+03     6.862354289333804e+03     6.862446881383812e+03     6.862539517100255e+03     6.862910055337114e+03
   44600           -7.68271927e+04            2.05648007e-01            9.99803777e-01            1.00021508e+00     6.877166560536079e+03     6.877191619464103e+03     6.877216922238567e+03     6.877242043228443e+03     6.877267205908760e+03     6.877367851281440e+03
   44800           -7.69766819e+04            3.81225422e+00            9.96205360e-01            1.00382997e+00     6.859790357657180e+03     6.860266012925652e+03     6.860741879067111e+03     6.861217593802201e+03     6.861693341179188e+03     6.863596324701196e+03
   45000           -7.67053400e+04            1.37617646e+00            9.98633545e-01            1.00138592e+00     6.836106682765111e+03     6.836277945097361e+03     6.836449431594733e+03     6.836620747204913e+03     6.836792103682443e+03     6.837477524599775e+03
   45200           -7.68375955e+04            2.77294901e-01            9.99732642e-01            1.00028724e+00     6.877532394986983e+03     6.877566362411878e+03     6.877600585236915e+03     6.877634626608174e+03     6.877668705089316e+03     6.877805015191650e+03
   45400           -7.66639870e+04            1.79128897e+00            9.98219630e-01            1.00180224e+00     6.846696142208778e+03     6.846919397389232e+03     6.847142837712688e+03     6.847366124916358e+03     6.847589454252360e+03     6.848482766295942e+03
   45600           -7.67397100e+04            2.29921946e+00            9.97713811e-01            1.00231230e+00     6.914489079269219e+03     6.914775553990848e+03     6.915062269781013e+03     6.915348811270554e+03     6.915635389847484e+03     6.916781700425750e+03
   45800           -7.65740835e+04            9.59804996e-01            9.99049947e-01            1.00096958e+00     6.855954223220836e+03     6.856073503724588e+03     6.856193000842335e+03     6.856312334680390e+03     6.856431706692284e+03     6.856909190163732e+03
   46000           -7.67198375e+04            3.32947014e+00            9.96683146e-01            1.00334215e+00     6.882910745986977e+03     6.883326371699722e+03     6.883742167719055e+03     6.884157830034081e+03     6.884573526509144e+03     6.886236307031313e+03
   46200           -7.68513091e+04            3.87077261e+00            9.96146973e-01            1.00388862e+00     6.876227770801088e+03     6.876711022858087e+03     6.877194481403162e+03     6.877677779014820e+03     6.878161116601497e+03     6.880094462401907e+03
   46400           -7.67523066e+04            1.06746506e+00            9.98943158e-01            1.00107811e+00     6.853603964506135e+03     6.853736754901981e+03     6.853869750143056e+03     6.854002590312624e+03     6.854135467353864e+03     6.854666970201592e+03
   46600           -7.67765953e+04            1.57146321e+00            9.98439783e-01            1.00158274e+00     6.859810821680915e+03     6.860006233355998e+03     6.860201868539064e+03     6.860397335379444e+03     6.860592841630349e+03     6.861374861579783e+03
   46800           -7.67743123e+04            3.32002722e+00            9.96694565e-01            1.00333469e+00     6.756118790961547e+03     6.756533070830403e+03     6.756947548235305e+03     6.757361878201692e+03     6.757776242077208e+03     6.759433693192868e+03
   47000           -7.69733067e+04            1.87431464e+00            9.98136794e-01            1.00188546e+00     6.780515920521349e+03     6.780749541280259e+03     6.780983416298281e+03     6.781217109977988e+03     6.781450841558200e+03     6.782385762595051e+03
   47200           -7.70621662e+04            1.34171469e+00            9.98668331e-01            1.00135179e+00     6.810256535164724e+03     6.810423574005485e+03     6.810590805071412e+03     6.810757878806498e+03     6.810924995022180e+03     6.811593454879636e+03
   47400           -7.68485023e+04            3.81839770e+00            9.96194376e-01            1.00383123e+00     6.748959724407649e+03     6.749436266337442e+03     6.749913004453161e+03     6.750389602084471e+03     6.750866229454303e+03     6.752772734500957e+03
   47600           -7.69698976e+04            1.78470195e+00            9.98223305e-01            1.00179273e+00     6.826750705790797e+03     6.826973473802962e+03     6.827196448046320e+03     6.827419264948149e+03     6.827642119378601e+03     6.828533532966404e+03
   47800           -7.66674748e+04            2.34018999e+00            9.97670875e-01            1.00235130e+00     6.798666112243572e+03     6.798958136515385e+03     6.799250396891344e+03     6.799542480434874e+03     6.799834604438764e+03     6.801003096633956e+03
   48000           -7.67644660e+04            3.10838507e+00            9.96905990e-01            1.00312283e+00     6.873966600773412e+03     6.874354832149487e+03     6.874743289593401e+03     6.875131579290769e+03     6.875519907119759e+03     6.877073213466108e+03
   48200           -7.66744586e+04            3.21483115e+00            9.96800729e-01            1.00323047e+00     6.894538206897332e+03     6.894939065907040e+03     6.895340136157138e+03     6.895741051553521e+03     6.896142001351843e+03     6.897745795806354e+03
   48400           -7.68120925e+04            3.49590763e+00            9.96520091e-01            1.00351199e+00     6.846280135969593e+03     6.846716447031792e+03     6.847152954046931e+03     6.847589321644011e+03     6.848025718119373e+03     6.849771300269153e+03
   48600           -7.68893941e+04            4.64337027e+00            9.95375744e-01            1.00466260e+00     6.926316724714839e+03     6.926896321838488e+03     6.927476167548942e+03     6.928055842169467e+03     6.928635549579744e+03     6.930954374444650e+03
   48800           -7.68024818e+04            1.60786457e+00            9.98402753e-01            1.00161851e+00     6.865444056335356e+03     6.865644662746393e+03     6.865845514837886e+03     6.866046189513740e+03     6.866246902094578e+03     6.867049747853799e+03
   49000           -7.67496096e+04            1.35817706e+00            9.98651348e-01            1.00136773e+00     6.879733531096974e+03     6.879902521750067e+03     6.880071725417823e+03     6.880240763153797e+03     6.880409842064818e+03     6.881086153032661e+03
   49200           -7.67738937e+04            1.88839978e+00            9.98125028e-01            1.00190187e+00     6.802485729061670e+03     6.802720995527441e+03     6.802956466874285e+03     6.803191778986213e+03     6.803427130657180e+03     6.804368532252690e+03
   49400           -7.69129137e+04            1.38053176e+00            9.98630564e-01            1.00139166e+00     6.809493657657923e+03     6.809665300007085e+03     6.809837187947095e+03     6.810008899392121e+03     6.810180648531719e+03     6.810867639405516e+03
   49600           -7.68393391e+04            1.89788345e+00            9.98114088e-01            1.00190990e+00     6.840141846051117e+03     6.840378192757898e+03     6.840614733380487e+03     6.840851115937187e+03     6.841087540992896e+03     6.842033235934676e+03
   49800           -7.68012783e+04            1.85047827e+00            9.98163211e-01            1.00186421e+00     6.806498856934770e+03     6.806729429268917e+03     6.806960190163187e+03     6.807190820256136e+03     6.807421476376279e+03     6.808344095817790e+03
   50000           -7.68745350e+04            4.44372101e+00            9.95576528e-01            1.00446409e+00     6.752549348307775e+03     6.753104322188443e+03     6.753659514717247e+03     6.754214558867754e+03     6.754769630837648e+03     6.756989913367520e+03
