#This file was generated on Thu Apr 27 00:33:18 2023
#Using the somd command, of the molecular library Sire version <2023.1.3> 
#For more information visit: https://github.com/openbiosim/sire
#
#General information on simulation parameters:
#Simulation used 25000 moves, 2 cycles and 200 ps of simulation time
#Generating lambda is		 0.12500
#Alchemical array is		 (0.0, 0.125, 0.25, 0.375, 0.5, 1.0)
#Generating temperature is 	25°C
#Energy was saved every 200 steps 
#
#
#   [step]      [potential kcal/mol]       [gradient kcal/mol]      [forward Metropolis]     [backward Metropolis]                   [u_kl]
#   [step]      [potential kcal/mol]       [gradient kcal/mol]      [forward Metropolis]     [backward Metropolis]                   [u_kl]
     200           -1.33613728e+05            4.71503152e+00            9.93813543e-01            1.00322959e+00     2.422868382716191e+04     2.422895483632556e+04     2.422922672167084e+04     2.422949799186222e+04     2.422976938149744e+04     2.423085493583296e+04
     400           -1.29556255e+05            7.49134624e+00            9.91045976e-01            1.00600631e+00     2.426393396030584e+04     2.426455136684755e+04     2.426516964515313e+04     2.426578733231419e+04     2.426640512433973e+04     2.426887628837362e+04
     600           -1.26971573e+05            3.74210906e+00            9.94781248e-01            1.00225434e+00     2.408694509158663e+04     2.408709325956047e+04     2.408724233710459e+04     2.408739078019999e+04     2.408753934471427e+04     2.408813359784191e+04
     800           -1.25406901e+05            6.54603882e+00            9.92000718e-01            1.00507346e+00     2.415771698382661e+04     2.415821506161987e+04     2.415871397691018e+04     2.415921232551723e+04     2.415971077365249e+04     2.416170456347838e+04
    1000           -1.24407904e+05            7.33073375e+00            9.91263200e-01            1.00590364e+00     2.416990062251259e+04     2.417049795709740e+04     2.417109616933643e+04     2.417169376220882e+04     2.417229147710497e+04     2.417468233169734e+04
    1200           -1.23553436e+05            6.32030678e+00            9.92227162e-01            1.00484913e+00     2.409541047261425e+04     2.409588257666497e+04     2.409635557073011e+04     2.409682795775384e+04     2.409730045417650e+04     2.409919043573875e+04
    1400           -1.23320560e+05            6.53543532e+00            9.91980902e-01            1.00503207e+00     2.414334019952827e+04     2.414383629277187e+04     2.414433328890087e+04     2.414482967018096e+04     2.414532616175207e+04     2.414731212397588e+04
    1600           -1.23042383e+05            9.41748773e+00            9.89156014e-01            1.00796330e+00     2.413348820780106e+04     2.413434575379426e+04     2.413520416946640e+04     2.413606197218149e+04     2.413691989537409e+04     2.414035158294711e+04
    1800           -1.22827539e+05            5.33227786e+00            9.93239460e-01            1.00388860e+00     2.415577699966676e+04     2.415612669683065e+04     2.415647729177515e+04     2.415682729991076e+04     2.415717740166482e+04     2.415857780366288e+04
    2000           -1.22838326e+05            3.68178770e+00            9.94840673e-01            1.00219329e+00     2.417479620364160e+04     2.417493946990823e+04     2.417508357098958e+04     2.417522708846634e+04     2.417537071810033e+04     2.417594523255906e+04
    2200           -1.23031643e+05            6.43100035e+00            9.92156071e-01            1.00499960e+00     2.403529087889320e+04     2.403577585533720e+04     2.403626164192034e+04     2.403674687253160e+04     2.403723220491430e+04     2.403917353093541e+04
    2400           -1.23134481e+05            3.44879898e+00            9.95097407e-01            1.00198491e+00     2.423171947862697e+04     2.423183185832031e+04     2.423194512861053e+04     2.423205780344731e+04     2.423217057964819e+04     2.423262168066941e+04
    2600           -1.22887126e+05            7.22696787e+00            9.91323476e-01            1.00575605e+00     2.401580582589454e+04     2.401639121725884e+04     2.401697747328394e+04     2.401756313501921e+04     2.401814890654153e+04     2.402049198718852e+04
    2800           -1.22904656e+05            6.53611081e+00            9.91987928e-01            1.00504054e+00     2.416810834173519e+04     2.416860001908676e+04     2.416909254817141e+04     2.416958449582674e+04     2.417007654849293e+04     2.417204475525067e+04
    3000           -1.22833463e+05            3.96094632e+00            9.94591699e-01            1.00250204e+00     2.411772318025600e+04     2.411789975791492e+04     2.411807717640139e+04     2.411825401259166e+04     2.411843095834328e+04     2.411913873643057e+04
    3200           -1.22718473e+05            4.90769179e+00            9.93646434e-01            1.00344748e+00     2.413333152990501e+04     2.413362750658749e+04     2.413392435225893e+04     2.413422059779051e+04     2.413451695539121e+04     2.413570238087741e+04
    3400           -1.22655635e+05            5.77255603e+00            9.92767779e-01            1.00429581e+00     2.418553541516197e+04     2.418593498766569e+04     2.418633548465675e+04     2.418673534732643e+04     2.418713532647071e+04     2.418873523777945e+04
    3600           -1.22731431e+05            5.69493062e+00            9.92884140e-01            1.00425760e+00     2.421089176450469e+04     2.421128831764369e+04     2.421168571362944e+04     2.421208252542441e+04     2.421247944696162e+04     2.421406712941856e+04
    3800           -1.22762801e+05            5.32799139e+00            9.93224664e-01            1.00386504e+00     2.409638562389350e+04     2.409673442379130e+04     2.409708409539621e+04     2.409743317137014e+04     2.409778235565853e+04     2.409917908742355e+04
    4000           -1.22688046e+05            8.39120490e+00            9.90188232e-01            1.00694620e+00     2.419021652135623e+04     2.419094797821279e+04     2.419168026062736e+04     2.419241196796149e+04     2.419314378484669e+04     2.419607104833715e+04
    4200           -1.22864039e+05            7.74462628e+00            9.90826275e-01            1.00629291e+00     2.406521766046400e+04     2.406586612562560e+04     2.406651549793802e+04     2.406716424980936e+04     2.406781311463715e+04     2.407040856881029e+04
    4400           -1.22494935e+05            6.20057825e+00            9.92350970e-01            1.00473389e+00     2.420249509794672e+04     2.420295261207495e+04     2.420341099748317e+04     2.420386878328326e+04     2.420432668025926e+04     2.420615826257180e+04
    4600           -1.22826559e+05            4.28127938e+00            9.94255288e-01            1.00280521e+00     2.430298556099147e+04     2.430320136400488e+04     2.430341801518189e+04     2.430363407205676e+04     2.430385024415278e+04     2.430471492731409e+04
    4800           -1.22713413e+05            4.83486570e+00            9.93634751e-01            1.00328954e+00     2.409254387772948e+04     2.409282584382566e+04     2.409310858689337e+04     2.409339077839520e+04     2.409367308013326e+04     2.409480228253704e+04
    5000           -1.22618449e+05            9.29869899e+00            9.89280681e-01            1.00785087e+00     2.422292856657912e+04     2.422377050655354e+04     2.422461330281323e+04     2.422545549687912e+04     2.422629780828394e+04     2.422966704998877e+04
    5200           -1.22904445e+05            3.94464020e+00            9.94565181e-01            1.00244262e+00     2.415154956112979e+04     2.415171845457829e+04     2.415188822821400e+04     2.415205740695501e+04     2.415222669066505e+04     2.415290382020032e+04
    5400           -1.22726295e+05            3.72136227e+00            9.94855450e-01            1.00228751e+00     2.407946696643263e+04     2.407961171497374e+04     2.407975719650885e+04     2.407990215478947e+04     2.408004721897686e+04     2.408062747152108e+04
    5600           -1.22650440e+05            5.32163147e+00            9.93230352e-01            1.00385802e+00     2.410909522549258e+04     2.410944287859209e+04     2.410979138193416e+04     2.411013930614690e+04     2.411048733467452e+04     2.411187944385646e+04
    5800           -1.22437784e+05            4.23001031e+00            9.94315485e-01            1.00276310e+00     2.413992419809501e+04     2.414013674292407e+04     2.414035006669608e+04     2.414056280416587e+04     2.414077567497444e+04     2.414162715185386e+04
    6000           -1.22396181e+05            6.44457217e+00            9.92126173e-01            1.00499660e+00     2.416638880595700e+04     2.416687448078093e+04     2.416736100525599e+04     2.416784695554521e+04     2.416833300738932e+04     2.417027720882163e+04
    6200           -1.22911643e+05            4.86271325e+00            9.93669393e-01            1.00338040e+00     2.419393795211209e+04     2.419422191469456e+04     2.419450671841820e+04     2.419479095350286e+04     2.419507528906410e+04     2.419621262601611e+04
    6400           -1.22605540e+05            8.85648835e+00            9.89690660e-01            1.00737721e+00     2.427661111531090e+04     2.427739393651933e+04     2.427817761472989e+04     2.427896072116213e+04     2.427974392466577e+04     2.428287673402065e+04
    6600           -1.22764744e+05            9.14091324e+00            9.89472401e-01            1.00772813e+00     2.409964122969200e+04     2.410046436248013e+04     2.410128831366943e+04     2.410211168528277e+04     2.410293517181799e+04     2.410622911394398e+04
    6800           -1.22723539e+05            1.09757280e+01            9.87593151e-01            1.00951195e+00     2.414401585591407e+04     2.414506766801172e+04     2.414612041219264e+04     2.414717252013861e+04     2.414822474264233e+04     2.415243362937060e+04
    7000           -1.22831045e+05            5.98995278e+00            9.92540529e-01            1.00450258e+00     2.410218299127108e+04     2.410260848054309e+04     2.410303483581706e+04     2.410346058945915e+04     2.410388645680427e+04     2.410558992233745e+04
    7200           -1.22517143e+05            8.07850487e+00            9.90506927e-01            1.00664054e+00     2.417826248322519e+04     2.417894622445504e+04     2.417963086245888e+04     2.418031488154810e+04     2.418099901569642e+04     2.418373554816765e+04
    7400           -1.22524817e+05            5.65940733e+00            9.92900757e-01            1.00420306e+00     2.414540905851932e+04     2.414579134441079e+04     2.414617452531392e+04     2.414655708722608e+04     2.414693976533576e+04     2.414847047215221e+04
    7600           -1.22875169e+05            8.18924435e+00            9.90432811e-01            1.00678818e+00     2.413361959347882e+04     2.413432487755760e+04     2.413503105596102e+04     2.413573661855220e+04     2.413644229484861e+04     2.413926499621840e+04
    7800           -1.22548833e+05            8.30675632e+00            9.90226010e-01            1.00681456e+00     2.412781139141859e+04     2.412853082428826e+04     2.412925117481103e+04     2.412997089601995e+04     2.413069073229096e+04     2.413357007316333e+04
    8000           -1.22610155e+05            3.80512777e+00            9.94713250e-01            1.00231215e+00     2.416529082964060e+04     2.416544256664359e+04     2.416559527396937e+04     2.416574732905268e+04     2.416589949651963e+04     2.416650816339867e+04
    8200           -1.22666939e+05            4.34992852e+00            9.94195130e-01            1.00288222e+00     2.414349753501468e+04     2.414372281275766e+04     2.414394895861140e+04     2.414417451645504e+04     2.414440017879366e+04     2.414530282257264e+04
    8400           -1.22653183e+05            1.00150884e+01            9.88543448e-01            1.00854378e+00     2.409977784983495e+04     2.410071129484509e+04     2.410164565535768e+04     2.410257938729141e+04     2.410351323501569e+04     2.410724862019643e+04
    8600           -1.22791888e+05            1.09747708e+01            9.87637955e-01            1.00955582e+00     2.413128285880552e+04     2.413233674606634e+04     2.413339149512044e+04     2.413444564804622e+04     2.413549991307397e+04     2.413971696734242e+04
    8800           -1.22481705e+05            3.41157030e+00            9.95115509e-01            1.00192854e+00     2.422758758085814e+04     2.422769225560549e+04     2.422779775702500e+04     2.422790267099695e+04     2.422800770208197e+04     2.422842782330579e+04
    9000           -1.22692849e+05            1.30635902e+01            9.85531396e-01            1.01161988e+00     2.411165330696999e+04     2.411296730070692e+04     2.411428211182945e+04     2.411559637648583e+04     2.411691073425511e+04     2.412216816154024e+04
    9200           -1.22694223e+05            4.99114259e+00            9.93613584e-01            1.00358179e+00     2.413544678080931e+04     2.413575605015183e+04     2.413606608480764e+04     2.413637556495147e+04     2.413668516067114e+04     2.413792354053297e+04
    9400           -1.22661253e+05            4.53102621e+00            9.94000528e-01            1.00304915e+00     2.412392321011862e+04     2.412416582718483e+04     2.412440939208773e+04     2.412465233257732e+04     2.412489537466885e+04     2.412586753921908e+04
    9600           -1.22535417e+05            8.44481743e+00            9.90204681e-01            1.00707091e+00     2.407776597002905e+04     2.407850545607615e+04     2.407924567310997e+04     2.407998535171901e+04     2.408072514687319e+04     2.408368432371733e+04
    9800           -1.22373800e+05            8.45610377e+00            9.90084864e-01            1.00697178e+00     2.408400692020317e+04     2.408474175002351e+04     2.408547743588717e+04     2.408621253075529e+04     2.408694773557548e+04     2.408988855094780e+04
   10000           -1.22394194e+05            3.84903662e+00            9.94694939e-01            1.00238172e+00     2.422451637718963e+04     2.422467661090196e+04     2.422483767992186e+04     2.422499818381322e+04     2.422515878738817e+04     2.422580119758670e+04
   10200           -1.22362964e+05            7.10111090e+00            9.91473798e-01            1.00565540e+00     2.425928514812535e+04     2.425985239842469e+04     2.426042044757533e+04     2.426098794809682e+04     2.426155554968043e+04     2.426382595123552e+04
   10400           -1.22250941e+05            3.82258290e+00            9.94654356e-01            1.00228780e+00     2.407542834184770e+04     2.407558823650015e+04     2.407574907441920e+04     2.407590925785149e+04     2.407606956522322e+04     2.407671078859874e+04
   10600           -1.22629969e+05            5.48422876e+00            9.93023194e-01            1.00397508e+00     2.422740756650828e+04     2.422777516201021e+04     2.422814360544873e+04     2.422851146355244e+04     2.422887943078309e+04     2.423035129505790e+04
   10800           -1.22601866e+05            7.52721529e+00            9.91068691e-01            1.00610154e+00     2.421641746692954e+04     2.421704291788427e+04     2.421766921249523e+04     2.421829492370696e+04     2.421892074394106e+04     2.422142402095259e+04
   11000           -1.22529881e+05            7.03145826e+00            9.91533675e-01            1.00557604e+00     2.416771189807746e+04     2.416827008506858e+04     2.416882918646890e+04     2.416938763085619e+04     2.416994620972258e+04     2.417218052136770e+04
   11200           -1.22765290e+05            3.33367991e+00            9.95206919e-01            1.00186449e+00     2.395692635667323e+04     2.395703111002545e+04     2.395713668937478e+04     2.395724167933222e+04     2.395734678854101e+04     2.395776722040879e+04
   11400           -1.22588728e+05            7.09651478e+00            9.91506528e-01            1.00567935e+00     2.417239375973416e+04     2.417296539120367e+04     2.417353781804760e+04     2.417410966642981e+04     2.417468163599147e+04     2.417696951224877e+04
   11600           -1.22492541e+05            6.17495642e+00            9.92360433e-01            1.00469199e+00     2.425500057677566e+04     2.425545440286318e+04     2.425590913506503e+04     2.425636324379548e+04     2.425681746734630e+04     2.425863435791694e+04
   11800           -1.22520082e+05            4.76065309e+00            9.93810005e-01            1.00331756e+00     2.417036027828348e+04     2.417063919992059e+04     2.417091902539893e+04     2.417119820633114e+04     2.417147751715009e+04     2.417259475601671e+04
   12000           -1.22731309e+05            6.49001991e+00            9.92081603e-01            1.00504280e+00     2.427716637172823e+04     2.427766113466878e+04     2.427815669518218e+04     2.427865168935901e+04     2.427914679722800e+04     2.428112722272778e+04
   12200           -1.22746850e+05            3.98644138e+00            9.94592951e-01            1.00255442e+00     2.388079726319345e+04     2.388097842373831e+04     2.388116040581471e+04     2.388134179157564e+04     2.388152330218798e+04     2.388224934118252e+04
   12400           -1.22811650e+05            5.86822059e+00            9.92738008e-01            1.00445786e+00     2.414205919718789e+04     2.414247817117896e+04     2.414289798048955e+04     2.414331723970275e+04     2.414373658866958e+04     2.414541398015128e+04
   12600           -1.22798858e+05            4.80852399e+00            9.93736036e-01            1.00333894e+00     2.403357720208409e+04     2.403385860814882e+04     2.403414093761663e+04     2.403442264580261e+04     2.403470446199241e+04     2.403583172190074e+04
   12800           -1.22973080e+05            6.24266697e+00            9.92261518e-01            1.00472790e+00     2.421204949138313e+04     2.421251018471345e+04     2.421297182132828e+04     2.421343284174217e+04     2.421389395949632e+04     2.421573842760950e+04
   13000           -1.22704187e+05            9.74980654e+00            9.88852097e-01            1.00832356e+00     2.416478052519399e+04     2.416567815518268e+04     2.416657678574647e+04     2.416747473283153e+04     2.416837280369511e+04     2.417196508219622e+04
   13200           -1.22810420e+05            4.67492990e+00            9.93831186e-01            1.00316694e+00     2.428717394334885e+04     2.428744231456051e+04     2.428771164103752e+04     2.428798030361331e+04     2.428824909188079e+04     2.428932424041273e+04
   13400           -1.22721770e+05            6.82266597e+00            9.91717933e-01            1.00534300e+00     2.417227008787241e+04     2.417279901084366e+04     2.417332876417304e+04     2.417385794496633e+04     2.417438723187379e+04     2.417650437587517e+04
   13600           -1.22542278e+05            8.44197605e+00            9.90141018e-01            1.00700044e+00     2.433255070731003e+04     2.433328522269486e+04     2.433402057539453e+04     2.433475534289904e+04     2.433549022244130e+04     2.433842973757257e+04
   13800           -1.22584535e+05            5.60621147e+00            9.92972922e-01            1.00416921e+00     2.418256963703824e+04     2.418295441137824e+04     2.418334012621589e+04     2.418372519143697e+04     2.418411037756888e+04     2.418565111809951e+04
   14000           -1.22520313e+05            4.47616837e+00            9.94056689e-01            1.00299577e+00     2.412749673385525e+04     2.412773448676828e+04     2.412797314331942e+04     2.412821116690062e+04     2.412844931260517e+04     2.412940189135509e+04
   14200           -1.22280451e+05            8.45351815e+00            9.90152729e-01            1.00703559e+00     2.411560274095237e+04     2.411633968926036e+04     2.411707751115429e+04     2.411781473059008e+04     2.411855206136990e+04     2.412150138178742e+04
   14400           -1.22519857e+05            6.53488687e+00            9.92027475e-01            1.00507815e+00     2.423837422585822e+04     2.423886578450507e+04     2.423935818977722e+04     2.423985001861880e+04     2.424034195065214e+04     2.424230967544606e+04
   14600           -1.22610611e+05            3.80913352e+00            9.94715388e-01            1.00232233e+00     2.426137328939612e+04     2.426153211067893e+04     2.426169173636883e+04     2.426185078631275e+04     2.426200995335476e+04     2.426264661731339e+04
   14800           -1.22577150e+05            7.85542191e+00            9.90673180e-01            1.00636040e+00     2.417468715928639e+04     2.417534507716738e+04     2.417600391334069e+04     2.417666212000300e+04     2.417732044211572e+04     2.417995372494504e+04
   15000           -1.22282247e+05            8.53647336e+00            9.90035104e-01            1.00708304e+00     2.415132526292399e+04     2.415207086828358e+04     2.415281736529146e+04     2.415356325949808e+04     2.415430926008657e+04     2.415729325724916e+04
   15200           -1.22657160e+05            1.09487833e+01            9.87664581e-01            1.00953056e+00     2.407650444349504e+04     2.407755616329809e+04     2.407860877035856e+04     2.407966074264290e+04     2.408071284363803e+04     2.408492124378103e+04
   15400           -1.22495099e+05            6.79026659e+00            9.91785908e-01            1.00534676e+00     2.420637149598579e+04     2.420690126337402e+04     2.420743190197354e+04     2.420796192927677e+04     2.420849207519063e+04     2.421061265439548e+04
   15600           -1.22820565e+05            8.21956142e+00            9.90366001e-01            1.00678131e+00     2.409633723474691e+04     2.409704735953213e+04     2.409775835977912e+04     2.409846876653288e+04     2.409917927882805e+04     2.410202132290920e+04
   15800           -1.22804978e+05            8.35854550e+00            9.90269673e-01            1.00696325e+00     2.412187224128304e+04     2.412259635576781e+04     2.412332132256214e+04     2.412404567920608e+04     2.412477015949299e+04     2.412766807770294e+04
   16000           -1.22547346e+05            4.57721927e+00            9.93918038e-01            1.00305857e+00     2.410223574450461e+04     2.410249374161161e+04     2.410275258329186e+04     2.410301083719878e+04     2.410326920313227e+04     2.410430266175992e+04
   16200           -1.22435033e+05            6.40133399e+00            9.92145140e-01            1.00492890e+00     2.420386065714561e+04     2.420433578432886e+04     2.420481177161476e+04     2.420528715947018e+04     2.420576266184410e+04     2.420766466654259e+04
   16400           -1.22436814e+05            7.32062527e+00            9.91188164e-01            1.00580716e+00     2.405150563633344e+04     2.405209479465439e+04     2.405268491655650e+04     2.405327437360547e+04     2.405386395404428e+04     2.405622227175512e+04
   16600           -1.22353354e+05            3.76465795e+00            9.94814955e-01            1.00233350e+00     2.408374934665065e+04     2.408390699137124e+04     2.408406549151683e+04     2.408422340372220e+04     2.408438142440184e+04     2.408501350215303e+04
   16800           -1.22449729e+05            9.21782754e+00            9.89341128e-01            1.00774944e+00     2.406019007653493e+04     2.406103016439832e+04     2.406187115481554e+04     2.406271154748213e+04     2.406355203896528e+04     2.406691400139564e+04
   17000           -1.22584427e+05            5.19711451e+00            9.93388828e-01            1.00376819e+00     2.429775299985287e+04     2.429808541368748e+04     2.429841875300411e+04     2.429875144370604e+04     2.429908425935776e+04     2.430041551886266e+04
   17200           -1.22420763e+05            7.90964855e+00            9.90663796e-01            1.00646001e+00     2.410817932170384e+04     2.410885068773455e+04     2.410952291778087e+04     2.411019454066495e+04     2.411086628158906e+04     2.411355324147428e+04
   17400           -1.22390841e+05            4.59241811e+00            9.93984296e-01            1.00315593e+00     2.414064271806273e+04     2.414089962286908e+04     2.414115734221442e+04     2.414141449165995e+04     2.414167175127847e+04     2.414270078449421e+04
   17600           -1.22292855e+05            3.86792116e+00            9.94667810e-01            1.00239224e+00     2.413298737379947e+04     2.413314649521157e+04     2.413330645258540e+04     2.413346585579335e+04     2.413362535161388e+04     2.413426332942828e+04
   17800           -1.22383158e+05            6.34057928e+00            9.92217509e-01            1.00488010e+00     2.420671049370688e+04     2.420718232873666e+04     2.420765509193078e+04     2.420812722487518e+04     2.420859946977408e+04     2.421048844584127e+04
   18000           -1.22380291e+05            4.02621436e+00            9.94529440e-01            1.00257015e+00     2.411196968340705e+04     2.411215727697358e+04     2.411234571411868e+04     2.411253354802337e+04     2.411272150392306e+04     2.411347332443907e+04
   18200           -1.22342291e+05            4.19526647e+00            9.94345540e-01            1.00272373e+00     2.418515139410693e+04     2.418536090820707e+04     2.418557126409955e+04     2.418578102171643e+04     2.418599089890802e+04     2.418683040370911e+04
   18400           -1.22301510e+05            6.11170679e+00            9.92413975e-01            1.00461910e+00     2.415618690309541e+04     2.415662681372445e+04     2.415706763663895e+04     2.415750783213335e+04     2.415794814332608e+04     2.415970938355674e+04
   18600           -1.22285777e+05            6.94625287e+00            9.91622449e-01            1.00549471e+00     2.423494793716078e+04     2.423549616678568e+04     2.423604518317349e+04     2.423659363956369e+04     2.423714220873391e+04     2.423933648030704e+04
   18800           -1.22222669e+05            1.03965866e+01            9.88194903e-01            1.00895773e+00     2.415026708204008e+04     2.415124493957812e+04     2.415222365095507e+04     2.415320178469321e+04     2.415418002153349e+04     2.415809296102690e+04
   19000           -1.22315713e+05            9.14384824e+00            9.89404014e-01            1.00766440e+00     2.425426600569871e+04     2.425508804734026e+04     2.425591096274697e+04     2.425673325837268e+04     2.425755567746617e+04     2.426084534923364e+04
   19200           -1.22328025e+05            6.50713474e+00            9.92022742e-01            1.00501757e+00     2.421213440488275e+04     2.421262435206718e+04     2.421311514401900e+04     2.421360534971976e+04     2.421409566610815e+04     2.421605692733355e+04
   19400           -1.22435553e+05            4.89099916e+00            9.93626314e-01            1.00339366e+00     2.412568165941045e+04     2.412597179963436e+04     2.412626284475690e+04     2.412655327626787e+04     2.412684381721415e+04     2.412800597501784e+04
   19600           -1.22307110e+05            9.64750726e+00            9.88994724e-01            1.00826268e+00     2.421702976541652e+04     2.421792074917510e+04     2.421881256109040e+04     2.421970378671876e+04     2.422059512852191e+04     2.422416049162729e+04
   19800           -1.22230947e+05            5.09939815e+00            9.93444109e-01            1.00362789e+00     2.424658017358659e+04     2.424689497087567e+04     2.424721060117235e+04     2.424752564018673e+04     2.424784079740926e+04     2.424910142123192e+04
   20000           -1.22460105e+05            5.79520826e+00            9.92736225e-01            1.00430939e+00     2.411694386232241e+04     2.411734585824356e+04     2.411774868358493e+04     2.411815093158963e+04     2.411855328954474e+04     2.412016271676708e+04
   20200           -1.22289911e+05            6.96664483e+00            9.91606997e-01            1.00552005e+00     2.422388300816971e+04     2.422443543625103e+04     2.422498865109826e+04     2.422554130890907e+04     2.422609407742178e+04     2.422830514667385e+04
   20400           -1.22446401e+05            4.28718584e+00            9.94260278e-01            1.00282209e+00     2.418540589750733e+04     2.418562538004334e+04     2.418584579173836e+04     2.418606557767260e+04     2.418628547253056e+04     2.418716504755378e+04
   20600           -1.22650903e+05            7.28709691e+00            9.91252558e-01            1.00580505e+00     2.417176988846109e+04     2.417235746433546e+04     2.417294589272251e+04     2.417353373259294e+04     2.417412168189628e+04     2.417647347533148e+04
   20800           -1.22462221e+05            5.08730156e+00            9.93424471e-01            1.00358377e+00     2.431392781396733e+04     2.431423716201142e+04     2.431454734897436e+04     2.431485695601289e+04     2.431516667171349e+04     2.431640552945965e+04
   21000           -1.22433605e+05            4.03620956e+00            9.94466316e-01            1.00252655e+00     2.410480047739300e+04     2.410498464581043e+04     2.410516964738182e+04     2.410535405870591e+04     2.410553858737191e+04     2.410627669735082e+04
   21200           -1.22572739e+05            4.80907104e+00            9.93747838e-01            1.00335196e+00     2.399626764211009e+04     2.399655210798718e+04     2.399683738947559e+04     2.399712209055513e+04     2.399740690772652e+04     2.399854617334295e+04
   21400           -1.22484958e+05            4.16832469e+00            9.94316349e-01            1.00264026e+00     2.417871589796238e+04     2.417891311561177e+04     2.417911121700886e+04     2.417930870360601e+04     2.417950630723946e+04     2.418029671651655e+04
   21600           -1.22790461e+05            7.66450992e+00            9.90870536e-01            1.00617662e+00     2.412756658715065e+04     2.412820290018041e+04     2.412884004920179e+04     2.412947661943361e+04     2.413011329848320e+04     2.413266000981575e+04
   21800           -1.22544003e+05            4.41503177e+00            9.94159094e-01            1.00297645e+00     2.417308739057115e+04     2.417332309604746e+04     2.417355963953758e+04     2.417379559072423e+04     2.417403165960451e+04     2.417497592863787e+04
   22000           -1.22721976e+05            3.45973056e+00            9.95098687e-01            1.00200811e+00     2.398571491334655e+04     2.398582386358023e+04     2.398593365126616e+04     2.398604283918952e+04     2.398615214934190e+04     2.398658938533725e+04
   22200           -1.22364273e+05            6.91704977e+00            9.91630916e-01            1.00544457e+00     2.419926701775354e+04     2.419981206475544e+04     2.420035790161477e+04     2.420090317378547e+04     2.420144856073440e+04     2.420363010371526e+04
   22400           -1.22620238e+05            5.54577635e+00            9.93052431e-01            1.00412824e+00     2.414208539305857e+04     2.414246435588794e+04     2.414284415553930e+04     2.414322336005029e+04     2.414360268339744e+04     2.414511997373631e+04
   22600           -1.22711726e+05            1.09017031e+01            9.87725210e-01            1.00949748e+00     2.400643620643854e+04     2.400747763189964e+04     2.400851986034006e+04     2.400956153997794e+04     2.401060331893980e+04     2.401477043144106e+04
   22800           -1.22723283e+05            9.81263443e+00            9.88798761e-01            1.00839587e+00     2.418675924313375e+04     2.418766577616122e+04     2.418857316185072e+04     2.418947996764920e+04     2.419038687730854e+04     2.419401451148333e+04
   23000           -1.22646570e+05            1.25846343e+01            9.86073060e-01            1.01120677e+00     2.409981666582367e+04     2.410107334876827e+04     2.410233085932893e+04     2.410358777276734e+04     2.410484481019449e+04     2.410987295456531e+04
   23200           -1.22808290e+05            1.05356494e+01            9.88004485e-01            1.00904391e+00     2.415276978584292e+04     2.415377039076556e+04     2.415477190828430e+04     2.415577280772628e+04     2.415677381676115e+04     2.416077784767939e+04
   23400           -1.22444412e+05            8.27488365e+00            9.90266409e-01            1.00679145e+00     2.414537512858988e+04     2.414608788159924e+04     2.414680150849623e+04     2.414751453094746e+04     2.414822766633731e+04     2.415108020408473e+04
   23600           -1.22392429e+05            1.56393078e+01            9.83009029e-01            1.01424211e+00     2.428045255901730e+04     2.428208419645002e+04     2.428371664941043e+04     2.428534852973674e+04     2.428698052147802e+04     2.429350848393876e+04
   23800           -1.22472181e+05            1.01234636e+01            9.88493001e-01            1.00871093e+00     2.419061463539416e+04     2.419156590397010e+04     2.419251793949918e+04     2.419346941338032e+04     2.419442100712967e+04     2.419822737886518e+04
   24000           -1.22510186e+05            6.45464808e+00            9.92176110e-01            1.00506744e+00     2.417343273897043e+04     2.417392454119227e+04     2.417441724139485e+04     2.417490931273051e+04     2.417540150560033e+04     2.417737027223022e+04
   24200           -1.22730996e+05            5.70933954e+00            9.92872333e-01            1.00427460e+00     2.408006656536574e+04     2.408046187770791e+04     2.408085803483540e+04     2.408125360020081e+04     2.408164927947981e+04     2.408323199359389e+04
   24400           -1.22592063e+05            5.60426208e+00            9.92925671e-01            1.00411751e+00     2.407606515031659e+04     2.407644287524540e+04     2.407682151581408e+04     2.407719952844516e+04     2.407757765627126e+04     2.407909016222593e+04
   24600           -1.22373530e+05            3.87035392e+00            9.94697939e-01            1.00242748e+00     2.409743096475824e+04     2.409759578830248e+04     2.409776141857471e+04     2.409792649544499e+04     2.409809167360059e+04     2.409875238244293e+04
   24800           -1.22564701e+05            9.11940788e+00            9.89470945e-01            1.00768330e+00     2.424846207916264e+04     2.424927595640053e+04     2.425009076918363e+04     2.425090494167198e+04     2.425171923028122e+04     2.425497638139980e+04
   25000           -1.22629076e+05            9.22596893e+00            9.89355336e-01            1.00778032e+00     2.427024274070610e+04     2.427108141537182e+04     2.427192093053054e+04     2.427275986737166e+04     2.427359891131303e+04     2.427695508191996e+04
   25200           -1.22760144e+05            6.94992645e+00            9.91570094e-01            1.00544901e+00     2.423764312008470e+04     2.423818745415547e+04     2.423873271230735e+04     2.423927731631299e+04     2.423982204969141e+04     2.424200097929813e+04
   25400           -1.22809653e+05            6.24800046e+00            9.92321834e-01            1.00479969e+00     2.407370887872420e+04     2.407416785516053e+04     2.407462771779091e+04     2.407508697227965e+04     2.407554633875909e+04     2.407738379879398e+04
   25600           -1.22694618e+05            4.60707977e+00            9.93941198e-01            1.00314185e+00     2.405107448043502e+04     2.405133431377540e+04     2.405159502532857e+04     2.405185512659698e+04     2.405211534323429e+04     2.405315620603357e+04
   25800           -1.22764419e+05            4.54228836e+00            9.93944219e-01            1.00301492e+00     2.417238508878471e+04     2.417263660754944e+04     2.417288903148162e+04     2.417314084304304e+04     2.417339276328464e+04     2.417440043778457e+04
   26000           -1.22566023e+05            3.91131122e+00            9.94588756e-01            1.00239956e+00     2.405812989634927e+04     2.405829904003975e+04     2.405846905579578e+04     2.405863846419977e+04     2.405880798849342e+04     2.405948608063758e+04
   26200           -1.22424107e+05            7.73717184e+00            9.90760581e-01            1.00621119e+00     2.425011632765817e+04     2.425076195910582e+04     2.425140848261099e+04     2.425205438428025e+04     2.425270040460198e+04     2.425528448154578e+04
   26400           -1.22448068e+05            5.31535096e+00            9.93223137e-01            1.00383812e+00     2.400759004142382e+04     2.400794080834950e+04     2.400829243870234e+04     2.400864346559715e+04     2.400899460824030e+04     2.401039917505678e+04
   26600           -1.22384859e+05            3.05911415e+00            9.95465480e-01            1.00157464e+00     2.413563834887275e+04     2.413570139396857e+04     2.413576536741393e+04     2.413582873890027e+04     2.413589220313898e+04     2.413614605740521e+04
   26800           -1.22827880e+05            5.69769509e+00            9.92810225e-01            1.00418839e+00     2.405267339090607e+04     2.405306505228665e+04     2.405345760915084e+04     2.405384955689971e+04     2.405424161398068e+04     2.405580983705530e+04
   27000           -1.22696407e+05            7.29368051e+00            9.91249874e-01            1.00581557e+00     2.407963221886347e+04     2.408022520653308e+04     2.408081906735253e+04     2.408141232198196e+04     2.408200569093271e+04     2.408437916300195e+04
   27200           -1.22542433e+05            5.47815666e+00            9.93036162e-01            1.00397600e+00     2.402848405380188e+04     2.402884772616085e+04     2.402921223339129e+04     2.402957615285532e+04     2.402994018742662e+04     2.403139632105135e+04
   27400           -1.22255681e+05            9.04125124e+00            9.89521429e-01            1.00757721e+00     2.417977456940346e+04     2.418057800480418e+04     2.418138227596949e+04     2.418218595723324e+04     2.418298975406613e+04     2.418620493872880e+04
   27600           -1.22456290e+05            4.52179719e+00            9.94021042e-01            1.00305134e+00     2.419058601243174e+04     2.419083631098202e+04     2.419108734690821e+04     2.419133785031100e+04     2.419158846432564e+04     2.419259091621953e+04
   27800           -1.22618011e+05            6.88812235e+00            9.91662409e-01            1.00541833e+00     2.418285912360574e+04     2.418340263561075e+04     2.418394705653489e+04     2.418449086262155e+04     2.418503477717222e+04     2.418721043073869e+04
   28000           -1.22695971e+05            4.65633344e+00            9.93973128e-01            1.00327290e+00     2.424967895728997e+04     2.424994625961974e+04     2.425021443295170e+04     2.425048200494119e+04     2.425074968910504e+04     2.425182042092011e+04
   28200           -1.22717800e+05            5.37321475e+00            9.93209343e-01            1.00394035e+00     2.412552144924251e+04     2.412587137065031e+04     2.412622215652774e+04     2.412657235289901e+04     2.412692265512944e+04     2.412832386101636e+04
   28400           -1.22535741e+05            4.10372589e+00            9.94457714e-01            1.00265326e+00     2.425502236560592e+04     2.425521656926214e+04     2.425541159961144e+04     2.425560605188713e+04     2.425580061537504e+04     2.425657886514415e+04
   28600           -1.22494156e+05            6.67478585e+00            9.91898516e-01            1.00522871e+00     2.425305092280340e+04     2.425356264218093e+04     2.425407519065607e+04     2.425458715747452e+04     2.425509923768607e+04     2.425714755256875e+04
   28800           -1.22644404e+05            5.56518679e+00            9.92974388e-01            1.00408830e+00     2.416268442109242e+04     2.416306032291208e+04     2.416343706400306e+04     2.416381320929150e+04     2.416418947391603e+04     2.416569452673964e+04
   29000           -1.22427997e+05            5.72325680e+00            9.92827548e-01            1.00425725e+00     2.410684650258214e+04     2.410724615942400e+04     2.410764662980122e+04     2.410804654861015e+04     2.410844656535073e+04     2.411004662811932e+04
   29200           -1.22602421e+05            4.91811912e+00            9.93609868e-01            1.00343148e+00     2.425658383158309e+04     2.425688046894681e+04     2.425717798378255e+04     2.425747487354373e+04     2.425777188930389e+04     2.425895994702469e+04
   29400           -1.23082097e+05            7.98621932e+00            9.90574637e-01            1.00652356e+00     2.419068290312866e+04     2.419136458205925e+04     2.419204711601459e+04     2.419272906698365e+04     2.419341112335932e+04     2.419613934358999e+04
   29600           -1.22943298e+05            3.45352132e+00            9.95092454e-01            1.00198939e+00     2.440116141627685e+04     2.440126774868371e+04     2.440137490594067e+04     2.440148149857008e+04     2.440158819459158e+04     2.440201497290631e+04
   29800           -1.22833271e+05            8.30336726e+00            9.90271505e-01            1.00685399e+00     2.425653099714209e+04     2.425725235146593e+04     2.425797461155162e+04     2.425869626816397e+04     2.425941802671654e+04     2.426230505629098e+04
   30000           -1.22768188e+05            9.05115981e+00            9.89598438e-01            1.00767559e+00     2.421970416107131e+04     2.422052600267665e+04     2.422134868435084e+04     2.422217080205845e+04     2.422299301706000e+04     2.422628187304868e+04
   30200           -1.22886455e+05            5.70372961e+00            9.92861758e-01            1.00425263e+00     2.419678500137314e+04     2.419718404706899e+04     2.419758400657369e+04     2.419798333049015e+04     2.419838277513243e+04     2.419998054889173e+04
   30400           -1.22554481e+05            8.92163444e+00            9.89680543e-01            1.00749817e+00     2.431591715603037e+04     2.431671659889497e+04     2.431751689149435e+04     2.431831657948303e+04     2.431911638891861e+04     2.432231562180684e+04
   30600           -1.22817453e+05            3.99443789e+00            9.94474557e-01            1.00245111e+00     2.416765715035541e+04     2.416783018216137e+04     2.416800414257971e+04     2.416817745801554e+04     2.416835089517522e+04     2.416904463999502e+04
   30800           -1.22432198e+05            4.54939878e+00            9.94031913e-01            1.00311768e+00     2.420986978167489e+04     2.421012258901822e+04     2.421037627665030e+04     2.421062934331308e+04     2.421088253141146e+04     2.421189528114802e+04
   31000           -1.22710766e+05            4.62721782e+00            9.93926569e-01            1.00316749e+00     2.417478072926370e+04     2.417504034168013e+04     2.417530089367122e+04     2.417556079791907e+04     2.417582082244057e+04     2.417686091561744e+04
   31200           -1.22743919e+05            1.02393822e+01            9.88373881e-01            1.00882323e+00     2.420370492915102e+04     2.420466568893096e+04     2.420562722266259e+04     2.420658821356959e+04     2.420754930973686e+04     2.421139369032269e+04
   31400           -1.22871533e+05            6.17565346e+00            9.92396979e-01            1.00473039e+00     2.418709736667856e+04     2.418755407579976e+04     2.418801163976945e+04     2.418846860165329e+04     2.418892568198942e+04     2.419075399730028e+04
   31600           -1.22637794e+05            8.05278858e+00            9.90520472e-01            1.00660253e+00     2.426214196508588e+04     2.426282776088893e+04     2.426351445122274e+04     2.426420053301520e+04     2.426488672353845e+04     2.426763148199101e+04
   31800           -1.22532823e+05            4.12903796e+00            9.94428812e-01            1.00267488e+00     2.407776980416469e+04     2.407797086336910e+04     2.407817285160408e+04     2.407837421902751e+04     2.407857569241501e+04     2.407938158066533e+04
   32000           -1.22485662e+05            3.57687749e+00            9.94973878e-01            1.00211720e+00     2.420424333163683e+04     2.420437426229070e+04     2.420450606261755e+04     2.420463727468233e+04     2.420476859011213e+04     2.420529384858743e+04
   32200           -1.22454457e+05            8.24181330e+00            9.90305262e-01            1.00676436e+00     2.422980880038171e+04     2.423051472922867e+04     2.423122155765741e+04     2.423192775651280e+04     2.423263407678586e+04     2.423545935319002e+04
   32400           -1.22373137e+05            3.88448765e+00            9.94710904e-01            1.00246888e+00     2.426242356328111e+04     2.426258975972899e+04     2.426275681910522e+04     2.426292326116579e+04     2.426308982899198e+04     2.426375609470285e+04
   32600           -1.22439660e+05            5.49586607e+00            9.93062913e-01            1.00403861e+00     2.420176053839454e+04     2.420212177728616e+04     2.420248385044288e+04     2.420284536158914e+04     2.420320697135930e+04     2.420465340432405e+04
   32800           -1.22312419e+05            3.62148591e+00            9.94914743e-01            1.00214704e+00     2.418921567913585e+04     2.418935694138848e+04     2.418949906986112e+04     2.418964059857101e+04     2.418978224016995e+04     2.419034880120405e+04
   33000           -1.22301505e+05            1.21903212e+01            9.86439859e-01            1.01078547e+00     2.414172422655230e+04     2.414292650290185e+04     2.414412966477039e+04     2.414533223323250e+04     2.414653490362438e+04     2.415134558069646e+04
   33200           -1.22356438e+05            4.29664369e+00            9.94239353e-01            1.00281995e+00     2.415573378305581e+04     2.415595703924774e+04     2.415618118918484e+04     2.415640471620923e+04     2.415662836205335e+04     2.415752294105088e+04
   33400           -1.22470872e+05            6.67318777e+00            9.91902177e-01            1.00522921e+00     2.417861470424845e+04     2.417913043769244e+04     2.417964700308961e+04     2.418016297941674e+04     2.418067907300737e+04     2.418274344176628e+04
   33600           -1.22332221e+05            3.21820146e+00            9.95321706e-01            1.00174866e+00     2.428297960428632e+04     2.428306078515544e+04     2.428314281063366e+04     2.428322427274699e+04     2.428330583034151e+04     2.428363205639671e+04
   33800           -1.22289727e+05            7.49948306e+00            9.91052404e-01            1.00602920e+00     2.416508167973163e+04     2.416570252545385e+04     2.416632422175914e+04     2.416694531229228e+04     2.416756652422954e+04     2.417005136872745e+04
   34000           -1.22550979e+05            4.13043077e+00            9.94393439e-01            1.00264201e+00     2.423459861361412e+04     2.423479919033463e+04     2.423500064058433e+04     2.423520149092267e+04     2.423540245167834e+04     2.423620628974256e+04
   34200           -1.22547298e+05            5.32113138e+00            9.93280744e-01            1.00390795e+00     2.426317316994604e+04     2.426351894377861e+04     2.426386561630581e+04     2.426421167751020e+04     2.426455784802001e+04     2.426594252609396e+04
   34400           -1.22673134e+05            6.18668277e+00            9.92396724e-01            1.00475229e+00     2.408257654881951e+04     2.408302730347789e+04     2.408347886665946e+04     2.408392985917349e+04     2.408438096382011e+04     2.408618537882070e+04
   34600           -1.22501802e+05            3.87651196e+00            9.94694002e-01            1.00243586e+00     2.412820186817255e+04     2.412837015421958e+04     2.412853924123269e+04     2.412870775564310e+04     2.412887638697045e+04     2.412955090576833e+04
   34800           -1.22456469e+05            7.77662502e+00            9.90763991e-01            1.00629405e+00     2.425116621910336e+04     2.425181520421376e+04     2.425246506480684e+04     2.425311430317254e+04     2.425376366612623e+04     2.425636111314909e+04
   35000           -1.22517548e+05            1.58734520e+01            9.82877064e-01            1.01458096e+00     2.408895064833647e+04     2.409062167655257e+04     2.409229349056976e+04     2.409396473056538e+04     2.409563609261270e+04     2.410232153688893e+04
   35200           -1.22624841e+05            5.03824266e+00            9.93481459e-01            1.00354287e+00     2.424922310578134e+04     2.424952915766721e+04     2.424983614879918e+04     2.425014250496589e+04     2.425044897281043e+04     2.425167483983952e+04
   35400           -1.22326478e+05            3.22247457e+00            9.95345101e-01            1.00178077e+00     2.415117806217758e+04     2.415126085822427e+04     2.415134454560264e+04     2.415142761107277e+04     2.415151079506224e+04     2.415184352794691e+04
   35600           -1.22477100e+05            3.42682916e+00            9.95089507e-01            1.00193293e+00     2.411493929675894e+04     2.411504656642246e+04     2.411515469053423e+04     2.411526224395317e+04     2.411536989445603e+04     2.411580049215312e+04
   35800           -1.22738552e+05            3.67529578e+00            9.94854399e-01            1.00219411e+00     2.401252735296794e+04     2.401267368172341e+04     2.401282082798994e+04     2.401296741497210e+04     2.401311410370760e+04     2.401370085444726e+04
   36000           -1.22716625e+05            4.24064031e+00            9.94303220e-01            1.00277205e+00     2.416477730045573e+04     2.416498512932352e+04     2.416519379397681e+04     2.416540188048425e+04     2.416561007557648e+04     2.416644285069723e+04
   36200           -1.22509855e+05            3.10032276e+00            9.95455945e-01            1.00164759e+00     2.421655344941530e+04     2.421662267721080e+04     2.421669278887348e+04     2.421676227781460e+04     2.421683188881039e+04     2.421711032820547e+04
   36400           -1.22588120e+05            4.15381504e+00            9.94355222e-01            1.00265037e+00     2.421347242724877e+04     2.421367284607867e+04     2.421387412151343e+04     2.421407478053668e+04     2.421427556673428e+04     2.421507870621980e+04
   36600           -1.22669238e+05            9.93957195e+00            9.88664314e-01            1.00851477e+00     2.432767365249261e+04     2.432859672671854e+04     2.432952071847809e+04     2.433044408757734e+04     2.433136756706996e+04     2.433506148164731e+04
   36800           -1.22523269e+05            2.66195467e+00            9.95924825e-01            1.00124118e+00     2.417637256973314e+04     2.417639078429563e+04     2.417640978929503e+04     2.417642825626590e+04     2.417644682010265e+04     2.417652107047215e+04
   37000           -1.22826406e+05            4.24865605e+00            9.94290180e-01            1.00277497e+00     2.422002763117881e+04     2.422024135209552e+04     2.422045592301882e+04     2.422066990836238e+04     2.422088400266261e+04     2.422174037414640e+04
   37200           -1.22399467e+05            6.34814826e+00            9.92218538e-01            1.00489635e+00     2.419239675499886e+04     2.419287057512812e+04     2.419334522151139e+04     2.419381929780146e+04     2.419429348052325e+04     2.419619020604765e+04
   37400           -1.22498210e+05            3.66379979e+00            9.94929786e-01            1.00224701e+00     2.415402040708212e+04     2.415416169141348e+04     2.415430385168154e+04     2.415444538360431e+04     2.415458704382002e+04     2.415515368055792e+04
   37600           -1.22481007e+05            6.80174103e+00            9.91708714e-01            1.00529158e+00     2.420323652904898e+04     2.420375989571186e+04     2.420428416951361e+04     2.420480782695611e+04     2.420533159432905e+04     2.420742665960912e+04
   37800           -1.22455406e+05            4.80551396e+00            9.93693541e-01            1.00329000e+00     2.426660763873097e+04     2.426688498472277e+04     2.426716324747157e+04     2.426744088706274e+04     2.426771863816144e+04     2.426882963759190e+04
   38000           -1.22399378e+05            4.92664442e+00            9.93656250e-01            1.00349543e+00     2.414802235688508e+04     2.414832077697265e+04     2.414862000532653e+04     2.414891868266320e+04     2.414921745932646e+04     2.415041256176783e+04
   38200           -1.22517377e+05            9.03164146e+00            9.89554046e-01            1.00759105e+00     2.412034925727190e+04     2.412116231337036e+04     2.412197614873735e+04     2.412278944047774e+04     2.412360283626263e+04     2.412685641525336e+04
   38400           -1.22477981e+05            4.43037374e+00            9.94140934e-01            1.00298891e+00     2.426382644246204e+04     2.426406309718396e+04     2.426430058500308e+04     2.426453749926101e+04     2.426477451957748e+04     2.426572259669293e+04
   38600           -1.22553427e+05            1.15171218e+01            9.87136859e-01            1.01013871e+00     2.415652864232501e+04     2.415765742713568e+04     2.415878702932298e+04     2.415991603919953e+04     2.416104517276126e+04     2.416556170319750e+04
   38800           -1.22556203e+05            1.01289328e+01            9.88478191e-01            1.00870685e+00     2.414480472077780e+04     2.414575143007888e+04     2.414669902439115e+04     2.414764603368822e+04     2.414859313947722e+04     2.415238155817664e+04
   39000           -1.22827047e+05            1.12134098e+01            9.87377840e-01            1.00977176e+00     2.409907548657642e+04     2.410015941751338e+04     2.410124425819985e+04     2.410232848188042e+04     2.410341281503435e+04     2.410775014349228e+04
   39200           -1.22570831e+05            5.42294733e+00            9.93099795e-01            1.00392947e+00     2.421841317789084e+04     2.421877465845699e+04     2.421913695901043e+04     2.421949867995888e+04     2.421986051525697e+04     2.422130785262310e+04
   39400           -1.22620172e+05            1.89426463e+01            9.79752777e-01            1.01758308e+00     2.424734251606712e+04     2.424938468434243e+04     2.425142769906979e+04     2.425347012177149e+04     2.425551265869293e+04     2.426368280131875e+04
   39600           -1.22853466e+05            7.65105258e+00            9.90905345e-01            1.00618489e+00     2.423635992267500e+04     2.423700117445085e+04     2.423764327152578e+04     2.423828478775462e+04     2.423892641028318e+04     2.424149289789137e+04
   39800           -1.22652207e+05            3.22867505e+00            9.95252041e-01            1.00169953e+00     2.431820507615057e+04     2.431828786320610e+04     2.431837152303211e+04     2.431845457129154e+04     2.431853773783598e+04     2.431887039952138e+04
   40000           -1.22652097e+05            5.09205222e+00            9.93457885e-01            1.00362706e+00     2.431834857218860e+04     2.431866085240878e+04     2.431897406532457e+04     2.431928664629851e+04     2.431959933941812e+04     2.432085010664764e+04
   40200           -1.22443909e+05            1.23735638e+01            9.86242556e-01            1.01095373e+00     2.417355485781306e+04     2.417478561759365e+04     2.417601728109299e+04     2.417724830783770e+04     2.417847945934364e+04     2.418340406087421e+04
   40400           -1.22610406e+05            5.01930962e+00            9.93526115e-01            1.00354997e+00     2.428342186910037e+04     2.428373303065883e+04     2.428404504145922e+04     2.428435646947718e+04     2.428466800420260e+04     2.428591413930483e+04
   40600           -1.22395854e+05            1.01353826e+01            9.88415732e-01            1.00865613e+00     2.411552747720095e+04     2.411647490039549e+04     2.411742323201031e+04     2.411837092847628e+04     2.411931874717892e+04     2.412311001715689e+04
   40800           -1.22505703e+05            8.93129618e+00            9.89646186e-01            1.00748266e+00     2.426844390205151e+04     2.426923892691539e+04     2.427003485331455e+04     2.427083013784476e+04     2.427162555134004e+04     2.427480720062856e+04
   41000           -1.22558922e+05            4.33493007e+00            9.94182964e-01            1.00283986e+00     2.426427382356414e+04     2.426449125441103e+04     2.426470960001064e+04     2.426492730446075e+04     2.426514513267044e+04     2.426601644177673e+04
   41200           -1.22465869e+05            4.39572909e+00            9.94131128e-01            1.00290952e+00     2.418245061767893e+04     2.418267799796827e+04     2.418290627489719e+04     2.418313396946858e+04     2.418336175492682e+04     2.418427289217470e+04
   41400           -1.22607918e+05            1.23019140e+01            9.86372890e-01            1.01094245e+00     2.419322124982353e+04     2.419444156311073e+04     2.419566272635672e+04     2.419688329949618e+04     2.419810398421788e+04     2.420298671861224e+04
   41600           -1.22536699e+05            6.86684580e+00            9.91739461e-01            1.00545366e+00     2.427584628190703e+04     2.427639054144468e+04     2.427693556255590e+04     2.427748004142113e+04     2.427802462971815e+04     2.428020297752927e+04
   41800           -1.22616106e+05            8.58986081e+00            9.90025949e-01            1.00718126e+00     2.429182597182921e+04     2.429258153820294e+04     2.429333797901988e+04     2.429409382804413e+04     2.429484978157740e+04     2.429787359132560e+04
   42000           -1.22424184e+05            4.78963723e+00            9.93743768e-01            1.00330885e+00     2.419773865013300e+04     2.419802485012072e+04     2.419831194517386e+04     2.419859842964013e+04     2.419888502449384e+04     2.420003139885468e+04
   42200           -1.22560780e+05            1.17289617e+01            9.86874225e-01            1.01029791e+00     2.425240685340192e+04     2.425355439131978e+04     2.425470274843337e+04     2.425585054299546e+04     2.425699844024152e+04     2.426159002708112e+04
   42400           -1.22547120e+05            3.82039746e+00            9.94682580e-01            1.00231186e+00     2.423401899720431e+04     2.423417148434237e+04     2.423432487096662e+04     2.423447763856722e+04     2.423463052068030e+04     2.423524204415629e+04
   42600           -1.22596997e+05            6.19637689e+00            9.92392518e-01            1.00476752e+00     2.429076374227839e+04     2.429121917547943e+04     2.429167544183145e+04     2.429213112185398e+04     2.429258691580653e+04     2.429441008933468e+04
   42800           -1.22563660e+05            5.97957111e+00            9.92567607e-01            1.00450913e+00     2.428478116435287e+04     2.428520752715758e+04     2.428563477104858e+04     2.428606141396930e+04     2.428648816534496e+04     2.428819516633705e+04
   43000           -1.22626147e+05            3.63999336e+00            9.94875331e-01            1.00214444e+00     2.431381722084381e+04     2.431395053174311e+04     2.431408469383184e+04     2.431421827707185e+04     2.431435196335763e+04     2.431488670587145e+04
   43200           -1.22506505e+05            4.07964550e+00            9.94394875e-01            1.00254162e+00     2.416253795965245e+04     2.416272767570510e+04     2.416291823447008e+04     2.416310820896045e+04     2.416329829335176e+04     2.416405862705106e+04
   43400           -1.22520909e+05            3.68306156e+00            9.94815015e-01            1.00217000e+00     2.423878769021937e+04     2.423893095682571e+04     2.423907498485926e+04     2.423921845587841e+04     2.423936204611914e+04     2.423993640201891e+04
   43600           -1.22570867e+05            1.13783284e+01            9.87204131e-01            1.00992717e+00     2.413476138120052e+04     2.413586188992586e+04     2.413696322723804e+04     2.413806399239777e+04     2.413916486441282e+04     2.414356834762512e+04
   43800           -1.22846998e+05            4.41023238e+00            9.94117787e-01            1.00292515e+00     2.425669683441739e+04     2.425693055723300e+04     2.425716514345787e+04     2.425739914998737e+04     2.425763325702929e+04     2.425856967964120e+04
   44000           -1.22535481e+05            6.91453819e+00            9.91597676e-01            1.00540581e+00     2.414764202163741e+04     2.414818488474535e+04     2.414872859419186e+04     2.414927170048163e+04     2.414981492801360e+04     2.415198783438979e+04
   44200           -1.22472977e+05            8.99905031e+00            9.89643103e-01            1.00761605e+00     2.412419830515570e+04     2.412501361155214e+04     2.412582974044195e+04     2.412664531948321e+04     2.412746099226688e+04     2.413072367937805e+04
   44400           -1.22277084e+05            1.60145971e+01            9.82645890e-01            1.01462870e+00     2.420454173251992e+04     2.420622714055231e+04     2.420791346578974e+04     2.420959915257750e+04     2.421128496044634e+04     2.421802818837275e+04
   44600           -1.22608286e+05            1.28046340e+01            9.85836837e-01            1.01140945e+00     2.417749049730101e+04     2.417877592655450e+04     2.418006225046421e+04     2.418134796034191e+04     2.418263378218344e+04     2.418777706706586e+04
   44800           -1.22399671e+05            6.41493646e+00            9.92110636e-01            1.00492129e+00     2.435392845921914e+04     2.435441171501222e+04     2.435489583725231e+04     2.435537934979227e+04     2.435586298151120e+04     2.435779750380325e+04
   45000           -1.22328581e+05            6.96341140e+00            9.91609509e-01            1.00551609e+00     2.426123524566014e+04     2.426178399262087e+04     2.426233361298235e+04     2.426288261943541e+04     2.426343174515625e+04     2.426562824465235e+04
   45200           -1.22694789e+05            5.32503772e+00            9.93209293e-01            1.00384357e+00     2.419514810792551e+04     2.419549670589712e+04     2.419584616136969e+04     2.419619503374023e+04     2.419654401082591e+04     2.419793991372631e+04
   45400           -1.22297347e+05            7.40966480e+00            9.91161094e-01            1.00595881e+00     2.423237014308927e+04     2.423296800557425e+04     2.423356665856486e+04     2.423416476490376e+04     2.423476297373246e+04     2.423715580437566e+04
   45600           -1.22564850e+05            5.68612478e+00            9.92873245e-01            1.00422890e+00     2.423737359296313e+04     2.423776757880299e+04     2.423816236053104e+04     2.423855656855714e+04     2.423895089437245e+04     2.424052819578176e+04
   45800           -1.22574087e+05            5.33726986e+00            9.93180119e-01            1.00383865e+00     2.412310966491554e+04     2.412346165052045e+04     2.412381440824005e+04     2.412416659652910e+04     2.412451890860227e+04     2.412592815228900e+04
   46000           -1.22614969e+05            6.65802367e+00            9.91904347e-01            1.00520092e+00     2.426797431996920e+04     2.426848750495562e+04     2.426900151298502e+04     2.426951493929536e+04     2.427002848088884e+04     2.427208264180847e+04
   46200           -1.22464796e+05            6.87048362e+00            9.91647298e-01            1.00536754e+00     2.409401845432939e+04     2.409455398086630e+04     2.409509039939502e+04     2.409562622401476e+04     2.409616214907524e+04     2.409830584382109e+04
   46400           -1.22981943e+05            8.31805466e+00            9.90258687e-01            1.00687053e+00     2.420630145770976e+04     2.420702386522090e+04     2.420774714985459e+04     2.420846981964344e+04     2.420919260894201e+04     2.421208376017426e+04
   46600           -1.22979927e+05            1.02684952e+01            9.88331105e-01            1.00883831e+00     2.412829627228887e+04     2.412925714225538e+04     2.413021888585263e+04     2.413118000140550e+04     2.413214124628636e+04     2.413598622028384e+04
   46800           -1.22587795e+05            4.83281169e+00            9.93691374e-01            1.00334259e+00     2.425687303879455e+04     2.425715235981783e+04     2.425743254313321e+04     2.425771210111940e+04     2.425799178957459e+04     2.425911054035463e+04
   47000           -1.22515373e+05            5.17116290e+00            9.93287628e-01            1.00361384e+00     2.420819335766829e+04     2.420851727941024e+04     2.420884217717419e+04     2.420916643128381e+04     2.420949079099553e+04     2.421078822432276e+04
   47200           -1.22543271e+05            8.35256730e+00            9.90194593e-01            1.00687486e+00     2.417308510567756e+04     2.417380516791831e+04     2.417452616356258e+04     2.417524650564466e+04     2.417596697367027e+04     2.417884884166297e+04
   47400           -1.22706717e+05            2.89354723e+00            9.95650952e-01            1.00142958e+00     2.398278707170160e+04     2.398282625419828e+04     2.398286628053639e+04     2.398290571782676e+04     2.398294526780773e+04     2.398310346391386e+04
   47600           -1.22780794e+05            1.23214182e+01            9.86275614e-01            1.01088219e+00     2.422320396711258e+04     2.422442226697320e+04     2.422564139948297e+04     2.422685997734354e+04     2.422807864845178e+04     2.423295332979099e+04
   47800           -1.22562137e+05            7.72612932e+00            9.90837712e-01            1.00626730e+00     2.425091968794881e+04     2.425156862429593e+04     2.425221839402702e+04     2.425286756495865e+04     2.425351685875590e+04     2.425611402956299e+04
   48000           -1.22615407e+05            2.13800971e+01            9.77375773e-01            1.02007496e+00     2.410890408949015e+04     2.411125499121543e+04     2.411360682157699e+04     2.411595802327587e+04     2.411830933644945e+04     2.412771458340875e+04
   48200           -1.22473194e+05            1.00138272e+01            9.88640794e-01            1.00864056e+00     2.410225748399306e+04     2.410319317048693e+04     2.410412969524251e+04     2.410506565087072e+04     2.410600170817928e+04     2.410974593236550e+04
   48400           -1.22248101e+05            7.37667636e+00            9.91174660e-01            1.00590621e+00     2.421600125742784e+04     2.421660099107956e+04     2.421720155977599e+04     2.421780152154761e+04     2.421840161133592e+04     2.422080196524399e+04
   48600           -1.22326802e+05            2.64461363e+00            9.95883483e-01            1.00116489e+00     2.416855036850210e+04     2.416856445405271e+04     2.416857928009765e+04     2.416859355707873e+04     2.416860795460933e+04     2.416866554071656e+04
   48800           -1.22622243e+05            4.55224694e+00            9.94010486e-01            1.00310177e+00     2.428527814875738e+04     2.428552345558631e+04     2.428576959086468e+04     2.428601512104319e+04     2.428626077991365e+04     2.428724341106992e+04
   49000           -1.22381834e+05            4.18015483e+00            9.94301231e-01            1.00264874e+00     2.422356957023614e+04     2.422376676810368e+04     2.422396490877184e+04     2.422416241642825e+04     2.422436003325938e+04     2.422515049628262e+04
   49200           -1.22535635e+05            5.02797873e+00            9.93568881e-01            1.00361057e+00     2.403124547610736e+04     2.403155446204702e+04     2.403186428230557e+04     2.403217352404750e+04     2.403248287501716e+04     2.403372027392696e+04
   49400           -1.22651014e+05            6.65292825e+00            9.91890565e-01            1.00517671e+00     2.417413122924988e+04     2.417464154598716e+04     2.417515272806030e+04     2.417566330850232e+04     2.417617400343144e+04     2.417821677761300e+04
   49600           -1.22705570e+05            3.09050499e+00            9.95408484e-01            1.00158017e+00     2.426300771770312e+04     2.426307372685143e+04     2.426314056653708e+04     2.426320679772244e+04     2.426327315949298e+04     2.426353860128283e+04
   49800           -1.22873066e+05            4.39215333e+00            9.94148694e-01            1.00292007e+00     2.421271264966113e+04     2.421294650830888e+04     2.421318120555887e+04     2.421341528808645e+04     2.421364950236454e+04     2.421458635506795e+04
   50000           -1.22968019e+05            7.44646679e+00            9.91119236e-01            1.00599037e+00     2.410700974856634e+04     2.410762380962606e+04     2.410823872230834e+04     2.410885306069574e+04     2.410946749938649e+04     2.411192525020663e+04
