#This file was generated on Mon Feb 10 21:38:42 2025
#Using the somd command, of the molecular library Sire version <2024.4.0.dev> 
#For more information visit: https://github.com/openbiosim/sire
#
#General information on simulation parameters:
#Simulation used 50000 moves, 1 cycles and 200 ps of simulation time
#Generating lambda is		 0.25000
#Alchemical array is		 (0.0, 0.125, 0.25, 0.375, 0.5, 1.0)
#Generating temperature is 	25°C
#Energy was saved every 200 steps 
#
#
#   [step]               [potential]                [gradient]      [forward Metropolis]     [backward Metropolis]                   [u_kl]
     200           -1.37166765e+05            7.41125595e+00            9.94086828e-01            1.00893144e+00     2.422419531425570e+04     2.422493801822756e+04     2.422568157058109e+04     2.422642452437777e+04     2.422716759568906e+04     2.423013987712242e+04
     400           -1.33397332e+05            9.74206009e+00            9.91729613e-01            1.01124207e+00     2.403325629821973e+04     2.403429603077204e+04     2.403533661132666e+04     2.403637660773530e+04     2.403741671259580e+04     2.404157712697187e+04
     600           -1.30947181e+05            2.76870409e+00            9.98678388e-01            1.00422382e+00     2.423932927829246e+04     2.423949608601099e+04     2.423966381081508e+04     2.423983090259401e+04     2.423999811225171e+04     2.424066694621096e+04
     800           -1.29575972e+05            2.24476167e+00            9.99148777e-01            1.00364456e+00     2.420888364328758e+04     2.420898904737370e+04     2.420909527823654e+04     2.420920093148143e+04     2.420930669523035e+04     2.420972974717312e+04
    1000           -1.28646816e+05            7.44314810e+00            9.93979355e-01            1.00888671e+00     2.410888466602910e+04     2.410964036353860e+04     2.411039680507009e+04     2.411115269083653e+04     2.411190870087398e+04     2.411493273571887e+04
    1200           -1.28040434e+05            3.45101677e+00            9.97952289e-01            1.00486401e+00     2.410666023795887e+04     2.410692200125007e+04     2.410718465348336e+04     2.410744668428464e+04     2.410770883396707e+04     2.410875742997527e+04
    1400           -1.27441756e+05            4.25689362e+00            9.97162450e-01            1.00568832e+00     2.431495550520645e+04     2.431531135514596e+04     2.431566808633008e+04     2.431602419971353e+04     2.431638043283111e+04     2.431780536045578e+04
    1600           -1.27594767e+05            3.39100930e+00            9.98031000e-01            1.00482267e+00     2.425842836867776e+04     2.425867352953498e+04     2.425891946751608e+04     2.425916485945518e+04     2.425941035800542e+04     2.426039234733308e+04
    1800           -1.27257475e+05            4.29700166e+00            9.97085027e-01            1.00569091e+00     2.426460582868744e+04     2.426496633172949e+04     2.426532760268950e+04     2.426568830350245e+04     2.426604912966695e+04     2.426749243064646e+04
    2000           -1.27119272e+05            5.93571145e+00            9.95590490e-01            1.00748000e+00     2.418835925855095e+04     2.418891253888585e+04     2.418946673406906e+04     2.419002030224063e+04     2.419057398473804e+04     2.419278871092514e+04
    2200           -1.26990868e+05            3.39023144e+00            9.98035443e-01            1.00482558e+00     2.427920930876983e+04     2.427945721725390e+04     2.427970596371892e+04     2.427995412084290e+04     2.428020239349626e+04     2.428119547822268e+04
    2400           -1.26562822e+05            9.17832483e+00            9.92268944e-01            1.01065189e+00     2.428377936015006e+04     2.428474702882811e+04     2.428571557890609e+04     2.428668353216276e+04     2.428765159062742e+04     2.429152382110478e+04
    2600           -1.26760634e+05            2.68682002e+00            9.98742257e-01            1.00412358e+00     2.431457496897922e+04     2.431473345567523e+04     2.431489278344372e+04     2.431505151440921e+04     2.431521036409808e+04     2.431584575921694e+04
    2800           -1.26654390e+05            3.44756886e+00            9.97990109e-01            1.00489517e+00     2.425182822666903e+04     2.425207876775090e+04     2.425233006830350e+04     2.425258083959244e+04     2.425283171160140e+04     2.425383519653379e+04
    3000           -1.26383757e+05            9.13667601e+00            9.92329834e-01            1.01062972e+00     2.420700837043279e+04     2.420796989868701e+04     2.420893234142811e+04     2.420989418007009e+04     2.421085611755179e+04     2.421470386467078e+04
    3200           -1.26700744e+05            4.37347128e+00            9.97060648e-01            1.00582013e+00     2.432221555117285e+04     2.432258090313130e+04     2.432294710462439e+04     2.432331271852002e+04     2.432367844200855e+04     2.432514133284425e+04
    3400           -1.26817820e+05            5.51033582e+00            9.95898215e-01            1.00693438e+00     2.419393332887065e+04     2.419444883959411e+04     2.419496516972536e+04     2.419548091929166e+04     2.419599678393872e+04     2.419806023900679e+04
    3600           -1.26758455e+05            3.48715630e+00            9.97984899e-01            1.00496949e+00     2.431440800800355e+04     2.431466039197391e+04     2.431491364964672e+04     2.431516629680788e+04     2.431541906112389e+04     2.431643011424424e+04
    3800           -1.26845870e+05            2.28436943e+00            9.99143202e-01            1.00371847e+00     2.432298130742370e+04     2.432308781718141e+04     2.432319524261185e+04     2.432330205756929e+04     2.432340897569983e+04     2.432383664397596e+04
    4000           -1.26904232e+05            8.15712254e+00            9.93287859e-01            1.00962551e+00     2.418139193104808e+04     2.418223540914378e+04     2.418307973447713e+04     2.418392346768323e+04     2.418476731457442e+04     2.418814269810076e+04
    4200           -1.26918784e+05            5.53041259e+00            9.95924785e-01            1.00700168e+00     2.426520150195579e+04     2.426571160281612e+04     2.426622259455710e+04     2.426673295653170e+04     2.426724344270262e+04     2.426928538344945e+04
    4400           -1.26978001e+05            4.32683484e+00            9.97119224e-01            1.00578541e+00     2.424743587452102e+04     2.424779740842278e+04     2.424815984729783e+04     2.424852167458386e+04     2.424888360877450e+04     2.425033134302799e+04
    4600           -1.26966340e+05            4.70863022e+00            9.96731589e-01            1.00616241e+00     2.424413958393136e+04     2.424455149325562e+04     2.424496425522100e+04     2.424537640797427e+04     2.424578868422939e+04     2.424743778452743e+04
    4800           -1.26935777e+05            3.34596729e+00            9.98122960e-01            1.00482473e+00     2.431054545280393e+04     2.431078191112040e+04     2.431101918384146e+04     2.431125588315142e+04     2.431149269472540e+04     2.431243993664687e+04
    5000           -1.27032491e+05            4.74135221e+00            9.96737878e-01            1.00623461e+00     2.421871229552677e+04     2.421912147408662e+04     2.421953150576849e+04     2.421994095727784e+04     2.422035051235680e+04     2.422198872918684e+04
    5200           -1.27075124e+05            3.66415367e+00            9.97793659e-01            1.00513266e+00     2.418656827054096e+04     2.418684541006013e+04     2.418712339959185e+04     2.418740079502342e+04     2.418767830467774e+04     2.418878833881452e+04
    5400           -1.26914911e+05            3.97904127e+00            9.97451773e-01            1.00542125e+00     2.433966627908562e+04     2.433998446409603e+04     2.434030356733902e+04     2.434062206052989e+04     2.434094065573846e+04     2.434221503239129e+04
    5600           -1.26881216e+05            4.77016263e+00            9.96621905e-01            1.00617550e+00     2.424615276823190e+04     2.424657509349127e+04     2.424699824079894e+04     2.424742080505537e+04     2.424784348548206e+04     2.424953420273222e+04
    5800           -1.26946661e+05            9.18829582e+00            9.92251852e-01            1.01065463e+00     2.419639371749782e+04     2.419736139865853e+04     2.419832994536419e+04     2.419929791277026e+04     2.420026597938644e+04     2.420413824127505e+04
    6000           -1.26871442e+05            2.41158812e+00            9.98996341e-01            1.00382631e+00     2.422134986500076e+04     2.422147723517281e+04     2.422160544015958e+04     2.422173305916859e+04     2.422186079196275e+04     2.422237171892474e+04
    6200           -1.26712805e+05            4.65532998e+00            9.96791521e-01            1.00611565e+00     2.429570724546949e+04     2.429611274053644e+04     2.429651910369923e+04     2.429692485323216e+04     2.429733072387730e+04     2.429895420228511e+04
    6400           -1.27148256e+05            4.59424702e+00            9.96802409e-01            1.00600373e+00     2.423287675127509e+04     2.423327577055019e+04     2.423367556458646e+04     2.423407479760056e+04     2.423447414780352e+04     2.423607154433196e+04
    6600           -1.27224189e+05            3.83038228e+00            9.97630724e-01            1.00530269e+00     2.425959670954089e+04     2.425989256899062e+04     2.426018926053393e+04     2.426048536413782e+04     2.426078158371473e+04     2.426196645788857e+04
    6800           -1.26875639e+05            3.25756137e+00            9.98187057e-01            1.00471160e+00     2.421701592514806e+04     2.421724301838451e+04     2.421747091062160e+04     2.421769823755990e+04     2.421792567652700e+04     2.421883542790595e+04
    7000           -1.26895595e+05            2.37585848e+00            9.99080277e-01            1.00383892e+00     2.423060192808391e+04     2.423071665017257e+04     2.423083220250884e+04     2.423094717224098e+04     2.423106225520306e+04     2.423152258232221e+04
    7200           -1.26736134e+05            2.86347076e+00            9.98559838e-01            1.00429494e+00     2.422103110197025e+04     2.422120937448218e+04     2.422138850398131e+04     2.422156705363125e+04     2.422174570583970e+04     2.422246030970916e+04
    7400           -1.26703112e+05            2.07396284e+00            9.99331090e-01            1.00348485e+00     2.424464083817355e+04     2.424472343728616e+04     2.424480688577809e+04     2.424488972370667e+04     2.424497268697933e+04     2.424530453578511e+04
    7600           -1.26892461e+05            2.55844931e+00            9.98869951e-01            1.00399417e+00     2.423024902612838e+04     2.423038859168598e+04     2.423052903493664e+04     2.423066886805679e+04     2.423080881715134e+04     2.423136860817431e+04
    7800           -1.26651470e+05            4.57286277e+00            9.96967509e-01            1.00612732e+00     2.421699975722610e+04     2.421738671448074e+04     2.421777457837541e+04     2.421816181135223e+04     2.421854916430474e+04     2.422009857138337e+04
    8000           -1.26898757e+05            2.45099067e+00            9.99001426e-01            1.00391053e+00     2.412470176911697e+04     2.412482951934819e+04     2.412495814118198e+04     2.412508614933240e+04     2.412521427734596e+04     2.412572678557495e+04
    8200           -1.26736637e+05            3.95584637e+00            9.97434406e-01            1.00535710e+00     2.413776720219496e+04     2.413808478716156e+04     2.413840319247687e+04     2.413872104431592e+04     2.413903899371775e+04     2.414031078524054e+04
    8400           -1.26823388e+05            6.87838756e+00            9.94566642e-01            1.00834321e+00     2.419581385835707e+04     2.419649537584032e+04     2.419717777872308e+04     2.419785957084255e+04     2.419854147600825e+04     2.420126909365943e+04
    8600           -1.26939835e+05            3.16561248e+00            9.98300100e-01            1.00464061e+00     2.427247298452325e+04     2.427268555819876e+04     2.427289904239442e+04     2.427311190675228e+04     2.427332488183251e+04     2.427417677914176e+04
    8800           -1.26786859e+05            6.45229958e+00            9.95018512e-01            1.00794203e+00     2.424047199446016e+04     2.424109698967764e+04     2.424172272381531e+04     2.424234792384442e+04     2.424297323550206e+04     2.424547447654396e+04
    9000           -1.27151189e+05            3.41854859e+00            9.97997971e-01            1.00484476e+00     2.419129334159204e+04     2.419154239355883e+04     2.419179232592789e+04     2.419204165774068e+04     2.419229109757764e+04     2.419328885356324e+04
    9200           -1.26840131e+05            4.04811906e+00            9.97394034e-01            1.00550195e+00     2.420448676243826e+04     2.420481393687281e+04     2.420514195455736e+04     2.420546937652955e+04     2.420579691619982e+04     2.420710706996136e+04
    9400           -1.27048077e+05            2.21906120e+00            9.99227042e-01            1.00367159e+00     2.425737310576345e+04     2.425746881283294e+04     2.425756543030608e+04     2.425766142671918e+04     2.425775753544784e+04     2.425814196513223e+04
    9600           -1.26882072e+05            2.49073816e+00            9.98885209e-01            1.00387355e+00     2.421987105896803e+04     2.422000803992644e+04     2.422014582396573e+04     2.422028305590057e+04     2.422042038988610e+04     2.422096972080417e+04
    9800           -1.26950102e+05            5.50843495e+00            9.95957454e-01            1.00699045e+00     2.432429735184140e+04     2.432480055407385e+04     2.432530463134690e+04     2.432580812045515e+04     2.432631171105818e+04     2.432832607027495e+04
   10000           -1.26506426e+05            1.88175759e+00            9.99525515e-01            1.00329433e+00     2.424985860630305e+04     2.424991753362447e+04     2.424997729671645e+04     2.425003648180259e+04     2.425009577500531e+04     2.425033294370757e+04
   10200           -1.26822190e+05            3.87280905e+00            9.97480059e-01            1.00523616e+00     2.427280230524744e+04     2.427311514030422e+04     2.427342877006635e+04     2.427374183453790e+04     2.427405501265272e+04     2.427530772005799e+04
   10400           -1.26770632e+05            6.08942862e+00            9.95318125e-01            1.00751408e+00     2.420083618106495e+04     2.420142451514048e+04     2.420201360856426e+04     2.420260216104599e+04     2.420319082211100e+04     2.420554546315705e+04
   10600           -1.26921418e+05            2.77217626e+00            9.98624924e-01            1.00417703e+00     2.423720886038559e+04     2.423738051601009e+04     2.423755306442691e+04     2.423772498725214e+04     2.423789703083473e+04     2.423858520128388e+04
   10800           -1.26983974e+05            3.74913800e+00            9.97763568e-01            1.00527319e+00     2.415781493930882e+04     2.415809407904858e+04     2.415837412863342e+04     2.415865355416180e+04     2.415893309381380e+04     2.416005124831878e+04
   11000           -1.27037100e+05            2.55128186e+00            9.98941822e-01            1.00405201e+00     2.424319312468906e+04     2.424332788361433e+04     2.424346349320035e+04     2.424359849852452e+04     2.424373362425736e+04     2.424427412382567e+04
   11200           -1.26773881e+05            3.02523179e+00            9.98387863e-01            1.00444688e+00     2.422336319893415e+04     2.422356500466607e+04     2.422376765011139e+04     2.422396970428301e+04     2.422417187452782e+04     2.422498055012149e+04
   11400           -1.26539719e+05            7.42383715e+00            9.94003744e-01            1.00887250e+00     2.423591530998285e+04     2.423666495608167e+04     2.423741541359508e+04     2.423816530998544e+04     2.423891531173780e+04     2.424191531349276e+04
   11600           -1.26729451e+05            2.87305619e+00            9.98598604e-01            1.00435318e+00     2.415184758472846e+04     2.415202101990402e+04     2.415219536772647e+04     2.415236911606546e+04     2.415254296169540e+04     2.415323833866233e+04
   11800           -1.26696574e+05            1.93672650e+00            9.99557858e-01            1.00343711e+00     2.426249567680121e+04     2.426255314324452e+04     2.426261153804932e+04     2.426266928898650e+04     2.426272716165201e+04     2.426295864650281e+04
   12000           -1.26839089e+05            3.36379276e+00            9.98130701e-01            1.00486835e+00     2.423441960073243e+04     2.423465620481539e+04     2.423489372260862e+04     2.423513060466258e+04     2.423536760755625e+04     2.423631561438006e+04
   12200           -1.26664206e+05            3.57453878e+00            9.97865413e-01            1.00502479e+00     2.417227570078407e+04     2.417254462819804e+04     2.417281440576198e+04     2.417308358519706e+04     2.417335288139829e+04     2.417443006201251e+04
   12400           -1.27207099e+05            3.42344971e+00            9.97995247e-01            1.00485187e+00     2.418788623478098e+04     2.418813848480398e+04     2.418839159944595e+04     2.418864411845058e+04     2.418889674825860e+04     2.418990726173622e+04
   12600           -1.26934630e+05            2.99969813e+00            9.98372212e-01            1.00437985e+00     2.429108952475738e+04     2.429128945231880e+04     2.429149016994675e+04     2.429169032525622e+04     2.429189059371605e+04     2.429269166267473e+04
   12800           -1.26730723e+05            3.50617466e+00            9.97916943e-01            1.00493928e+00     2.428122545611031e+04     2.428148698779507e+04     2.428174946390836e+04     2.428201128847699e+04     2.428227323402513e+04     2.428332101193995e+04
   13000           -1.26739735e+05            2.73933221e+00            9.98714655e-01            1.00420129e+00     2.426277757219379e+04     2.426293921770730e+04     2.426310179869732e+04     2.426326373173518e+04     2.426342578627697e+04     2.426407400036014e+04
   13200           -1.26874160e+05            5.98520765e+00            9.95453591e-01            1.00744119e+00     2.426017159227084e+04     2.426073526804187e+04     2.426129983702937e+04     2.426186379276037e+04     2.426242786043952e+04     2.426468412860821e+04
   13400           -1.26575518e+05            3.41835822e+00            9.97963353e-01            1.00480952e+00     2.428262853105897e+04     2.428288082635960e+04     2.428313392728006e+04     2.428338646992621e+04     2.428363911749398e+04     2.428464970392899e+04
   13600           -1.26677264e+05            8.11523679e+00            9.93377067e-01            1.00963160e+00     2.421734594200119e+04     2.421817522195751e+04     2.421900537445133e+04     2.421983491286199e+04     2.422066457096459e+04     2.422398319992799e+04
   13800           -1.26620757e+05            3.14427423e+00            9.98299963e-01            1.00459760e+00     2.421311966210891e+04     2.421333398936583e+04     2.421354910993316e+04     2.421376366098024e+04     2.421397832855919e+04     2.421483699500948e+04
   14000           -1.26466529e+05            3.42868521e+00            9.98052262e-01            1.00491980e+00     2.427427853314735e+04     2.427452002170602e+04     2.427476235272015e+04     2.427500411139703e+04     2.427524597227174e+04     2.427621341139613e+04
   14200           -1.26513313e+05            3.90150236e+00            9.97564768e-01            1.00537922e+00     2.430511555725164e+04     2.430541505338302e+04     2.430571543328600e+04     2.430601524313191e+04     2.430631513914520e+04     2.430751472103877e+04
   14400           -1.26682503e+05            4.74980666e+00            9.96672634e-01            1.00618575e+00     2.410876479642517e+04     2.410918150068028e+04     2.410959900162708e+04     2.411001595994115e+04     2.411043301558953e+04     2.411210123475387e+04
   14600           -1.26722748e+05            3.73820289e+00            9.97687270e-01            1.00517434e+00     2.417666692980314e+04     2.417695818651022e+04     2.417725023490874e+04     2.417754171169174e+04     2.417783330677772e+04     2.417899968375229e+04
   14800           -1.26664785e+05            3.69625340e+00            9.97771697e-01            1.00517506e+00     2.421179607427602e+04     2.421207553856960e+04     2.421235581545466e+04     2.421263550046152e+04     2.421291531028973e+04     2.421403454630344e+04
   15000           -1.26496716e+05            2.92880532e+00            9.98508728e-01            1.00437477e+00     2.415345860943313e+04     2.415364287498746e+04     2.415382796718410e+04     2.415401248254617e+04     2.415419710801938e+04     2.415493560660564e+04
   15200           -1.26619525e+05            3.02168262e+00            9.98394517e-01            1.00444645e+00     2.426516269435605e+04     2.426535511129507e+04     2.426554844106915e+04     2.426574115254618e+04     2.426593397325617e+04     2.426670525215628e+04
   15400           -1.26658562e+05            4.18052586e+00            9.97260224e-01            1.00563332e+00     2.429548980408719e+04     2.429583081328894e+04     2.429617272041765e+04     2.429651400861606e+04     2.429685541230520e+04     2.429822102052320e+04
   15600           -1.26757939e+05            4.56402872e+00            9.96858590e-01            1.00599963e+00     2.430937487902286e+04     2.430977119152942e+04     2.431016836758561e+04     2.431056494030885e+04     2.431096162919639e+04     2.431254837936992e+04
   15800           -1.26693147e+05            4.37883988e+00            9.97038741e-01            1.00580883e+00     2.425249883702728e+04     2.425286868344240e+04     2.425323936277552e+04     2.425360946695350e+04     2.425397967801219e+04     2.425546051899711e+04
   16000           -1.26500573e+05            2.33765108e+00            9.99107169e-01            1.00378923e+00     2.439669774671774e+04     2.439680408410720e+04     2.439691134988203e+04     2.439701799066036e+04     2.439712474043192e+04     2.439755173414611e+04
   16200           -1.26505636e+05            4.87583126e+00            9.96582975e-01            1.00634886e+00     2.427875114936652e+04     2.427917888985963e+04     2.427960745735946e+04     2.428003545151317e+04     2.428046355398059e+04     2.428217595859467e+04
   16400           -1.26631232e+05            2.16205881e+00            9.99224109e-01            1.00355423e+00     2.426224832431643e+04     2.426234072611661e+04     2.426243394293370e+04     2.426252659714665e+04     2.426261935653548e+04     2.426299038875453e+04
   16600           -1.26685818e+05            2.05607307e+00            9.99407018e-01            1.00352519e+00     2.419797953825198e+04     2.419805297043568e+04     2.419812733433823e+04     2.419820106580420e+04     2.419827491023506e+04     2.419857028221813e+04
   16800           -1.26729128e+05            3.93519950e+00            9.97502289e-01            1.00538401e+00     2.433510208537058e+04     2.433541158922593e+04     2.433572189222828e+04     2.433603163411961e+04     2.433634148527676e+04     2.433758088518294e+04
   17000           -1.26680039e+05            2.84153835e+00            9.98627044e-01            1.00431848e+00     2.428691015700165e+04     2.428708349550788e+04     2.428725769496505e+04     2.428743128674332e+04     2.428760499815052e+04     2.428829983929939e+04
   17200           -1.26797240e+05            3.67274345e+00            9.97795867e-01            1.00515215e+00     2.425289977590857e+04     2.425317787030393e+04     2.425345680658424e+04     2.425373516167316e+04     2.425401362498004e+04     2.425512747405151e+04
   17400           -1.26733491e+05            2.84527382e+00            9.98667892e-01            1.00436706e+00     2.428822109777295e+04     2.428838967500581e+04     2.428855919537682e+04     2.428872807935721e+04     2.428889707471489e+04     2.428957305165682e+04
   17600           -1.26808577e+05            4.98506124e+00            9.96457395e-01            1.00644189e+00     2.440971028790232e+04     2.441014888128593e+04     2.441058840477244e+04     2.441102729527221e+04     2.441146629896795e+04     2.441322231003357e+04
   17800           -1.26940573e+05            4.34940079e+00            9.97097563e-01            1.00580895e+00     2.425192965986623e+04     2.425229564898260e+04     2.425266255846724e+04     2.425302886179025e+04     2.425339526378570e+04     2.425486086770516e+04
   18000           -1.26471818e+05            2.74028738e+00            9.98746627e-01            1.00423536e+00     2.422901263689399e+04     2.422917053216257e+04     2.422932924517518e+04     2.422948736867739e+04     2.422964561320628e+04     2.423027858951857e+04
   18200           -1.26549141e+05            5.44342504e+00            9.96001056e-01            1.00690361e+00     2.413786955014539e+04     2.413837133325388e+04     2.413887393689029e+04     2.413937594186690e+04     2.413987807385060e+04     2.414188659755583e+04
   18400           -1.26966106e+05            8.40391889e+00            9.93072252e-01            1.00990471e+00     2.424628402393216e+04     2.424715205520359e+04     2.424802090049726e+04     2.424888919449220e+04     2.424975758620523e+04     2.425323114847830e+04
   18600           -1.26808466e+05            4.37806851e+00            9.97093237e-01            1.00586226e+00     2.417069134788412e+04     2.417105294323478e+04     2.417141542831610e+04     2.417177731131195e+04     2.417213930067391e+04     2.417358725346371e+04
   18800           -1.26806276e+05            2.19240379e+00            9.99262303e-01            1.00365350e+00     2.416811622479030e+04     2.416820660233368e+04     2.416829784532941e+04     2.416838848512826e+04     2.416847924013522e+04     2.416884225548015e+04
   19000           -1.27086533e+05            3.22472904e+00            9.98159957e-01            1.00461835e+00     2.429814552258335e+04     2.429837642534875e+04     2.429860809756145e+04     2.429883922368249e+04     2.429907045886176e+04     2.429999539514018e+04
   19200           -1.26982728e+05            5.31137704e+00            9.96144705e-01            1.00678291e+00     2.426321270315297e+04     2.426369131545681e+04     2.426417086260093e+04     2.426464979853836e+04     2.426512883190863e+04     2.426704496066430e+04
   19400           -1.26842204e+05            2.41445864e+00            9.99008898e-01            1.00384470e+00     2.420795103775556e+04     2.420807160457156e+04     2.420819300791681e+04     2.420831385678182e+04     2.420843479734089e+04     2.420891855692622e+04
   19600           -1.26758794e+05            1.90637119e+00            9.99545333e-01            1.00336362e+00     2.427202468154918e+04     2.427207818204863e+04     2.427213256923497e+04     2.427218633437890e+04     2.427224021980104e+04     2.427245575805289e+04
   19800           -1.26766175e+05            3.06002755e+00            9.98374911e-01            1.00450376e+00     2.430295451044105e+04     2.430315509492006e+04     2.430335648807459e+04     2.430355730123134e+04     2.430375823329592e+04     2.430456195615081e+04
   20000           -1.26800392e+05            4.24408407e+00            9.97210271e-01            1.00571079e+00     2.419785423891439e+04     2.419820514777654e+04     2.419855684794184e+04     2.419890797996706e+04     2.419925922814145e+04     2.420066421736852e+04
   20200           -1.26759799e+05            2.18701133e+00            9.99201686e-01            1.00358179e+00     2.421412411139868e+04     2.421421815956812e+04     2.421431298525871e+04     2.421440729131926e+04     2.421450168568178e+04     2.421487925996489e+04
   20400           -1.26745406e+05            4.41476441e+00            9.97004775e-01            1.00584684e+00     2.411969093532861e+04     2.412006285143529e+04     2.412043561473180e+04     2.412080779347891e+04     2.412118008109045e+04     2.412266922685229e+04
   20600           -1.27084270e+05            6.38576160e+00            9.95123236e-01            1.00791398e+00     2.418914365206833e+04     2.418975741077741e+04     2.419037206857242e+04     2.419098610636833e+04     2.419160025904451e+04     2.419405686602070e+04
   20800           -1.27077263e+05            4.72628863e+00            9.96697091e-01            1.00616312e+00     2.419168187932155e+04     2.419209379462541e+04     2.419250650371759e+04     2.419291865920621e+04     2.419333092095946e+04     2.419497996259736e+04
   21000           -1.26871263e+05            4.24910532e+00            9.97158101e-01            1.00566827e+00     2.425412920377699e+04     2.425447886052085e+04     2.425482930923096e+04     2.425517922513485e+04     2.425552923392386e+04     2.425692926407074e+04
   21200           -1.26795220e+05            6.65111093e+00            9.94787245e-01            1.00810853e+00     2.408892272795700e+04     2.408957561732769e+04     2.409022928649562e+04     2.409088238518270e+04     2.409153560534570e+04     2.409414848273439e+04
   21400           -1.27047171e+05            5.96927419e+00            9.95480308e-01            1.00743612e+00     2.425373461956523e+04     2.425430135596514e+04     2.425486890554795e+04     2.425543588114430e+04     2.425600296970437e+04     2.425827131984351e+04
   21600           -1.26851103e+05            2.22093364e+00            9.99188011e-01            1.00363614e+00     2.426184338417681e+04     2.426194207724141e+04     2.426204158136516e+04     2.426214051811826e+04     2.426223956443364e+04     2.426263574469047e+04
   21800           -1.26876004e+05            5.28986726e+00            9.96110466e-01            1.00670500e+00     2.442000861075687e+04     2.442049149180121e+04     2.442097519084946e+04     2.442145831888704e+04     2.442194155639207e+04     2.442387450202727e+04
   22000           -1.26873795e+05            4.25824057e+00            9.97244163e-01            1.00577344e+00     2.423047460060760e+04     2.423082360406260e+04     2.423117346126390e+04     2.423152273228366e+04     2.423187211097852e+04     2.423326962134944e+04
   22200           -1.26699126e+05            2.01334826e+00            9.99402862e-01            1.00343527e+00     2.431177072911280e+04     2.431184171201691e+04     2.431191348287575e+04     2.431198471194298e+04     2.431205604064395e+04     2.431234135217511e+04
   22400           -1.26735787e+05            4.98648741e+00            9.96424736e-01            1.00641177e+00     2.423150786568616e+04     2.423195606907478e+04     2.423240505686958e+04     2.423285349939266e+04     2.423330204511646e+04     2.423509622454676e+04
   22600           -1.26533925e+05            3.19806067e+00            9.98223739e-01            1.00462896e+00     2.405382866522117e+04     2.405405153869886e+04     2.405427527376372e+04     2.405449842483120e+04     2.405472167932193e+04     2.405561469342270e+04
   22800           -1.26503571e+05            2.30048353e+00            9.99081930e-01            1.00368926e+00     2.432514810009457e+04     2.432526022052197e+04     2.432537315384252e+04     2.432548552514346e+04     2.432559800132045e+04     2.432604790254632e+04
   23000           -1.26777663e+05            3.46168251e+00            9.97959421e-01            1.00489263e+00     2.404747085145468e+04     2.404772926186902e+04     2.404798853673207e+04     2.404824719663231e+04     2.404850598026588e+04     2.404954110907707e+04
   23200           -1.26814896e+05            4.17620436e+00            9.97215559e-01            1.00557959e+00     2.409529123111640e+04     2.409563900922059e+04     2.409598761086359e+04     2.409633563953533e+04     2.409668377668209e+04     2.409807632224778e+04
   23400           -1.26877764e+05            2.85081781e+00            9.98580473e-01            1.00429028e+00     2.411987727082910e+04     2.412005425943181e+04     2.412023206478687e+04     2.412040927447217e+04     2.412058661051330e+04     2.412129595019749e+04
   23600           -1.26803828e+05            2.08282495e+00            9.99354227e-01            1.00352587e+00     2.413143306771802e+04     2.413151427447902e+04     2.413159636978783e+04     2.413167786572238e+04     2.413175946632839e+04     2.413208586493875e+04
   23800           -1.26946199e+05            5.27859044e+00            9.96177678e-01            1.00675022e+00     2.410536243551740e+04     2.410584218940983e+04     2.410632281394003e+04     2.410680283152461e+04     2.410728296507614e+04     2.410920349463489e+04
   24000           -1.27037913e+05            5.28943940e+00            9.96137501e-01            1.00673146e+00     2.421843345720543e+04     2.421891121906045e+04     2.421938976888213e+04     2.421986779081797e+04     2.422034590354943e+04     2.422225834989344e+04
   24200           -1.26937590e+05            3.74522160e+00            9.97703731e-01            1.00520503e+00     2.416481662597148e+04     2.416510198682453e+04     2.416538812796169e+04     2.416567371484833e+04     2.416595941303623e+04     2.416710220010098e+04
   24400           -1.26827652e+05            6.38591711e+00            9.95056821e-01            1.00784702e+00     2.426504602278882e+04     2.426566487608318e+04     2.426628452951324e+04     2.426690361324710e+04     2.426752281168722e+04     2.426999960058562e+04
   24600           -1.26812627e+05            3.44946903e+00            9.97974061e-01            1.00488283e+00     2.424126165863961e+04     2.424151599524633e+04     2.424177124952706e+04     2.424202587540347e+04     2.424228061612691e+04     2.424329957361421e+04
   24800           -1.26865588e+05            2.55889591e+00            9.98836715e-01            1.00396166e+00     2.416402975495772e+04     2.416417249009456e+04     2.416431606006703e+04     2.416445906932427e+04     2.416460217549013e+04     2.416517459602254e+04
   25000           -1.27253924e+05            3.63038581e+00            9.97769208e-01            1.00504015e+00     2.415717004313079e+04     2.415744629056442e+04     2.415772338338972e+04     2.415799989050629e+04     2.415827650750959e+04     2.415938297188839e+04
   25200           -1.26865299e+05            2.83384424e+00            9.98599125e-01            1.00427494e+00     2.419916667726384e+04     2.419934091400643e+04     2.419951604318887e+04     2.419969056547170e+04     2.419986519648755e+04     2.420056371571125e+04
   25400           -1.26779665e+05            2.50757751e+00            9.98916772e-01            1.00393908e+00     2.418119634401061e+04     2.418133034198462e+04     2.418146518676912e+04     2.418159945022550e+04     2.418173382013918e+04     2.418227129626776e+04
   25600           -1.26739986e+05            3.15735193e+00            9.98250357e-01            1.00457396e+00     2.423529419619590e+04     2.423551312005144e+04     2.423573289851056e+04     2.423595209052893e+04     2.423617138976405e+04     2.423704858333221e+04
   25800           -1.26830906e+05            5.79831752e+00            9.95686232e-01            1.00730005e+00     2.411863825268257e+04     2.411917954310955e+04     2.411972172613471e+04     2.412026331836106e+04     2.412080500766635e+04     2.412297176265013e+04
   26000           -1.26697480e+05            2.71036521e+00            9.98753825e-01            1.00418250e+00     2.419976379789652e+04     2.419991891000657e+04     2.420007498049145e+04     2.420023041041793e+04     2.420038594958782e+04     2.420100810127912e+04
   26200           -1.26571461e+05            2.57780469e+00            9.98905450e-01            1.00406872e+00     2.425845753600210e+04     2.425859492587270e+04     2.425873319993008e+04     2.425887085422220e+04     2.425900862824378e+04     2.425955972048547e+04
   26400           -1.26591474e+05            3.90042520e+00            9.97566060e-01            1.00537836e+00     2.407037611873759e+04     2.407068242601982e+04     2.407098967067531e+04     2.407129628471917e+04     2.407160300851708e+04     2.407282989829657e+04
   26600           -1.26565311e+05            3.92438856e+00            9.97482951e-01            1.00534278e+00     2.409463857436307e+04     2.409495065385466e+04     2.409526350349251e+04     2.409557580303090e+04     2.409588821453536e+04     2.409713785470765e+04
   26800           -1.26622780e+05            2.40237048e+00            9.99056681e-01            1.00386844e+00     2.415072501826305e+04     2.415084315053561e+04     2.415096216808221e+04     2.415108057254556e+04     2.415119909213223e+04     2.415167316600141e+04
   27000           -1.26765240e+05            5.29125224e+00            9.96130027e-01            1.00672755e+00     2.410995211903820e+04     2.411043635428942e+04     2.411092149785638e+04     2.411140604662724e+04     2.411189069046521e+04     2.411382926189223e+04
   27200           -1.26804405e+05            2.40361215e+00            9.99008851e-01            1.00382287e+00     2.410525514646095e+04     2.410537702426270e+04     2.410549978489515e+04     2.410562193892988e+04     2.410574420488433e+04     2.410623326330772e+04
   27400           -1.26853752e+05            3.87564758e+00            9.97564356e-01            1.00532682e+00     2.420026702100073e+04     2.420056705401084e+04     2.420086790208566e+04     2.420116817312961e+04     2.420146855876351e+04     2.420267009652629e+04
   27600           -1.26715022e+05            4.58663479e+00            9.96834156e-01            1.00602045e+00     2.409881438696611e+04     2.409920608142590e+04     2.409959858152642e+04     2.409999052953274e+04     2.410038257871796e+04     2.410195077046982e+04
   27800           -1.27066125e+05            3.25227620e+00            9.98179975e-01            1.00469385e+00     2.428218439205964e+04     2.428241340292637e+04     2.428264330289649e+04     2.428287259661563e+04     2.428310199964933e+04     2.428401960723901e+04
   28000           -1.26827444e+05            3.29603649e+00            9.98091433e-01            1.00469266e+00     2.411276022968939e+04     2.411299474894658e+04     2.411323019652941e+04     2.411346499761984e+04     2.411369992113597e+04     2.411463961258254e+04
   28200           -1.26808792e+05            3.73379289e+00            9.97611086e-01            1.00508872e+00     2.424459085216660e+04     2.424488099234673e+04     2.424517186861539e+04     2.424546223114308e+04     2.424575269192499e+04     2.424691453168340e+04
   28400           -1.26888024e+05            6.08885053e+00            9.95332499e-01            1.00752746e+00     2.420543687882041e+04     2.420602166283033e+04     2.420660730568237e+04     2.420719234794669e+04     2.420777750596272e+04     2.421011813310503e+04
   28600           -1.26871561e+05            4.51538688e+00            9.96898097e-01            1.00594163e+00     2.414278601235760e+04     2.414317527621756e+04     2.414356531746425e+04     2.414395479980619e+04     2.414434439711240e+04     2.414590278186720e+04
   28800           -1.26873321e+05            2.97320821e+00            9.98520073e-01            1.00447538e+00     2.421028070533961e+04     2.421046750333038e+04     2.421065529830291e+04     2.421084241471646e+04     2.421102965283220e+04     2.421177860032480e+04
   29000           -1.26359374e+05            3.60790042e+00            9.97792588e-01            1.00501850e+00     2.418635667419792e+04     2.418663017119067e+04     2.418690444661858e+04     2.418717819336381e+04     2.418745203347508e+04     2.418854739275223e+04
   29200           -1.26664966e+05            4.40562055e+00            9.97032541e-01            1.00585645e+00     2.406591809685966e+04     2.406628905109723e+04     2.406666090229698e+04     2.406703212704591e+04     2.406740347176158e+04     2.406888884666350e+04
   29400           -1.26620318e+05            5.48373415e+00            9.95945241e-01            1.00692836e+00     2.425700012099151e+04     2.425750565056313e+04     2.425801208044237e+04     2.425851789168048e+04     2.425902381653758e+04     2.426104751208366e+04
   29600           -1.26766640e+05            2.35643720e+00            9.99078708e-01            1.00379835e+00     2.412737169071253e+04     2.412748309776959e+04     2.412759531760930e+04     2.412770698998426e+04     2.412781875809359e+04     2.412826582547465e+04
   29800           -1.27134666e+05            8.78526522e+00            9.92676152e-01            1.01027213e+00     2.433419114530546e+04     2.433510640098419e+04     2.433602243776248e+04     2.433693793828867e+04     2.433785353765382e+04     2.434151593000217e+04
   30000           -1.26945920e+05            4.39951525e+00            9.96973977e-01            1.00578509e+00     2.417377943077285e+04     2.417415795490262e+04     2.417453729868512e+04     2.417491606296361e+04     2.417529494239343e+04     2.417681045401401e+04
   30200           -1.26930156e+05            3.32169621e+00            9.98131636e-01            1.00478469e+00     2.411076563965032e+04     2.411100123227665e+04     2.411123760738553e+04     2.411147345064929e+04     2.411170938880386e+04     2.411265313795740e+04
   30400           -1.26884589e+05            5.68198606e+00            9.95737806e-01            1.00711788e+00     2.411196998089978e+04     2.411250153555369e+04     2.411303389807064e+04     2.411356571314358e+04     2.411409762498178e+04     2.411622526906378e+04
   30600           -1.26888871e+05            4.44265570e+00            9.97009682e-01            1.00590790e+00     2.411788528687016e+04     2.411825508958867e+04     2.411862576906232e+04     2.411899584391414e+04     2.411936603088582e+04     2.412084677490149e+04
   30800           -1.26800575e+05            6.99389430e+00            9.94467966e-01            1.00847612e+00     2.422900781092514e+04     2.422970324126522e+04     2.423039951636075e+04     2.423109518001064e+04     2.423179097192813e+04     2.423457413293111e+04
   31000           -1.26779761e+05            6.35243837e+00            9.95160622e-01            1.00788467e+00     2.421635974154785e+04     2.421696775041108e+04     2.421757675094518e+04     2.421818507344845e+04     2.421879351889761e+04     2.422122729624736e+04
   31200           -1.26867027e+05            6.40386510e+00            9.95033606e-01            1.00785969e+00     2.429743680019482e+04     2.429805736568688e+04     2.429867883159109e+04     2.429929967831335e+04     2.429992063864004e+04     2.430240447708525e+04
   31400           -1.26842613e+05            4.56287131e+00            9.96841483e-01            1.00598004e+00     2.416855499813667e+04     2.416894569893121e+04     2.416933720690479e+04     2.416972817352260e+04     2.417011923310769e+04     2.417168346807871e+04
   31600           -1.26926979e+05            3.68733067e+00            9.97729444e-01            1.00511456e+00     2.426116582855193e+04     2.426144936680543e+04     2.426173381861686e+04     2.426201764682707e+04     2.426230158784716e+04     2.426343734714240e+04
   31800           -1.27116415e+05            2.71235771e+00            9.98660261e-01            1.00409243e+00     2.415180445044798e+04     2.415196641207908e+04     2.415212917131290e+04     2.415229138762127e+04     2.415245370153576e+04     2.415310295262354e+04
   32000           -1.26951108e+05            2.63789521e+00            9.98772920e-01            1.00405616e+00     2.416265134528733e+04     2.416280483655111e+04     2.416295912910654e+04     2.416311285093862e+04     2.416326668702519e+04     2.416388202876304e+04
   32200           -1.27007080e+05            5.19905209e+00            9.96237931e-01            1.00665096e+00     2.417486346103794e+04     2.417533463934613e+04     2.417580667063296e+04     2.417627811668057e+04     2.417674966978810e+04     2.417863587853825e+04
   32400           -1.26839251e+05            3.12940209e+00            9.98291130e-01            1.00455883e+00     2.423659416673181e+04     2.423680438586234e+04     2.423701548319970e+04     2.423722599279663e+04     2.423743660237049e+04     2.423827903800915e+04
   32600           -1.26769664e+05            4.59125735e+00            9.96836604e-01            1.00603223e+00     2.425120894876765e+04     2.425160507936426e+04     2.425200209188353e+04     2.425239850939421e+04     2.425279503115482e+04     2.425438111354198e+04
   32800           -1.26760423e+05            3.57462438e+00            9.97857379e-01            1.00501687e+00     2.416341245184210e+04     2.416368249127109e+04     2.416395334235664e+04     2.416422363645807e+04     2.416449403292164e+04     2.416557561400118e+04
   33000           -1.26781949e+05            2.34511207e+00            9.99058917e-01            1.00375573e+00     2.420215914303401e+04     2.420227377201524e+04     2.420238922587943e+04     2.420250411521106e+04     2.420261910731766e+04     2.420307907160132e+04
   33200           -1.26686815e+05            6.88448599e+00            9.94547898e-01            1.00833651e+00     2.423815852006564e+04     2.423884005640766e+04     2.423952242737623e+04     2.424020422873896e+04     2.424088613337522e+04     2.424361374668479e+04
   33400           -1.26770583e+05            4.08631338e+00            9.97344542e-01            1.00552887e+00     2.430408211430419e+04     2.430441411504821e+04     2.430474689190651e+04     2.430507912988973e+04     2.430541147020447e+04     2.430674082610475e+04
   33600           -1.26706788e+05            4.83100013e+00            9.96562324e-01            1.00623778e+00     2.415049875208812e+04     2.415092799658622e+04     2.415135817803041e+04     2.415178772207384e+04     2.415221738017499e+04     2.415393600826185e+04
   33800           -1.26742814e+05            3.35367053e+00            9.98081144e-01            1.00479812e+00     2.414937902383766e+04     2.414961942775734e+04     2.414986068964098e+04     2.415010134799750e+04     2.415034212316351e+04     2.415130522248937e+04
   34000           -1.26811122e+05            2.09326466e+00            9.99327489e-01            1.00351997e+00     2.414712472776726e+04     2.414720834499416e+04     2.414729283778140e+04     2.414737673444227e+04     2.414746073851461e+04     2.414779674926196e+04
   34200           -1.27042362e+05            2.36392954e+00            9.99101009e-01            1.00383580e+00     2.425004243411651e+04     2.425015353598566e+04     2.425026548346155e+04     2.425037683613591e+04     2.425048830463590e+04     2.425093417515529e+04
   34400           -1.27039044e+05            3.14707814e+00            9.98307159e-01            1.00461048e+00     2.414257137181102e+04     2.414278208826344e+04     2.414299363198841e+04     2.414320461747940e+04     2.414341570086660e+04     2.414426002992217e+04
   34600           -1.26964954e+05            3.71376205e+00            9.97731883e-01            1.00517015e+00     2.402499371989844e+04     2.402527886094445e+04     2.402556481281662e+04     2.402585018880933e+04     2.402613567996566e+04     2.402727764003289e+04
   34800           -1.26893508e+05            5.55086660e+00            9.95878940e-01            1.00699652e+00     2.406382367013712e+04     2.406434108692909e+04     2.406485929005085e+04     2.406537692255362e+04     2.406589467425472e+04     2.406796567837232e+04
   35000           -1.26932371e+05            1.82827228e+00            9.99638581e-01            1.00330049e+00     2.409040529805441e+04     2.409045131113065e+04     2.409049815858551e+04     2.409054442363457e+04     2.409059080019366e+04     2.409077630233291e+04
   35200           -1.26768640e+05            5.54931736e+00            9.95910193e-01            1.00702500e+00     2.424855049352955e+04     2.424906504417075e+04     2.424958048137339e+04     2.425009533280960e+04     2.425061028092892e+04     2.425267006832828e+04
   35400           -1.26739328e+05            4.22054091e+00            9.97194106e-01            1.00564713e+00     2.428403971203327e+04     2.428438550710462e+04     2.428473216265496e+04     2.428507823581119e+04     2.428542441152297e+04     2.428680911101266e+04
   35600           -1.26894558e+05            2.30010096e+00            9.99175797e-01            1.00378280e+00     2.427783158226218e+04     2.427793333091388e+04     2.427803593366734e+04     2.427813792548204e+04     2.427824004164425e+04     2.427864850102632e+04
   35800           -1.26825296e+05            3.06165383e+00            9.98337962e-01            1.00446985e+00     2.414862969465359e+04     2.414883060236470e+04     2.414903234763560e+04     2.414923353708845e+04     2.414943481903212e+04     2.415023994341065e+04
   36000           -1.27000828e+05            5.30485981e+00            9.96145561e-01            1.00677065e+00     2.416126780049751e+04     2.416174766188443e+04     2.416222838483762e+04     2.416270850776758e+04     2.416318874526052e+04     2.416510969002353e+04
   36200           -1.26670775e+05            4.26847558e+00            9.97170431e-01            1.00571967e+00     2.421234582384943e+04     2.421270037450654e+04     2.421305572161340e+04     2.421341051731623e+04     2.421376541654836e+04     2.421518500924730e+04
   36400           -1.26654113e+05            2.73042289e+00            9.98737443e-01            1.00420631e+00     2.416184963515688e+04     2.416200635359264e+04     2.416216389481747e+04     2.416232086391600e+04     2.416247794140963e+04     2.416310624766239e+04
   36600           -1.26959800e+05            2.81803283e+00            9.98590803e-01            1.00423482e+00     2.414103923898514e+04     2.414121184597256e+04     2.414138534617645e+04     2.414155825211108e+04     2.414173125749248e+04     2.414242327599982e+04
   36800           -1.27019083e+05            1.98816086e+00            9.99493253e-01            1.00347547e+00     2.425935297700450e+04     2.425941739886175e+04     2.425948264122304e+04     2.425954731316340e+04     2.425961209280327e+04     2.425987120860205e+04
   37000           -1.26834656e+05            8.65757196e+00            9.92845308e-01            1.01018626e+00     2.416940106116623e+04     2.417030088386886e+04     2.417120162813457e+04     2.417210174031450e+04     2.417300196837794e+04     2.417660287558966e+04
   37200           -1.27116769e+05            3.83719101e+00            9.97571489e-01            1.00525669e+00     2.417393387128408e+04     2.417423583582003e+04     2.417453859214601e+04     2.417484078535969e+04     2.417514309142060e+04     2.417635231155713e+04
   37400           -1.26642260e+05            4.33223424e+00            9.97111303e-01            1.00578828e+00     2.417655372556287e+04     2.417691289390496e+04     2.417727302952610e+04     2.417763252374371e+04     2.417799212438763e+04     2.417943052321239e+04
   37600           -1.26804350e+05            3.00861116e+00            9.98409402e-01            1.00443516e+00     2.412236934883778e+04     2.412256620661449e+04     2.412276392474176e+04     2.412296105546265e+04     2.412315829270301e+04     2.412394723656824e+04
   37800           -1.26620256e+05            3.66024317e+00            9.97759125e-01            1.00509001e+00     2.417146132951645e+04     2.417174120662008e+04     2.417202191070951e+04     2.417230204814052e+04     2.417258228870318e+04     2.417370324788991e+04
   38000           -1.26837896e+05            3.15084158e+00            9.98266090e-01            1.00457671e+00     2.422889108961145e+04     2.422910967918785e+04     2.422932910862103e+04     2.422954794964765e+04     2.422976690459757e+04     2.423064271958369e+04
   38200           -1.26722509e+05            3.58871234e+00            9.97794897e-01            1.00498226e+00     2.417769281928108e+04     2.417796545383572e+04     2.417823889561122e+04     2.417851177245009e+04     2.417878475809630e+04     2.417987669691152e+04
   38400           -1.26531066e+05            3.85106109e+00            9.97573191e-01            1.00528629e+00     2.412393776262418e+04     2.412423930119635e+04     2.412454161961953e+04     2.412484338837115e+04     2.412514526505189e+04     2.412635276747959e+04
   38600           -1.26648086e+05            4.29903791e+00            9.97113302e-01            1.00572352e+00     2.421803064435783e+04     2.421838801976501e+04     2.421874621895295e+04     2.421910384129383e+04     2.421946157381267e+04     2.422089250326752e+04
   38800           -1.26731198e+05            3.48657251e+00            9.97887641e-01            1.00487037e+00     2.416510152776387e+04     2.416535917112182e+04     2.416561754423585e+04     2.416587540951924e+04     2.416613337172655e+04     2.416716521568922e+04
   39000           -1.26725058e+05            2.71173601e+00            9.98729422e-01            1.00416072e+00     2.410199961745508e+04     2.410216160384868e+04     2.410232448721342e+04     2.410248675840364e+04     2.410264914013971e+04     2.410329866282434e+04
   39200           -1.26685142e+05            2.77240314e+00            9.98612710e-01            1.00416520e+00     2.416702077728643e+04     2.416719174771854e+04     2.416736358939180e+04     2.416753482843834e+04     2.416770617982619e+04     2.416839158236596e+04
   39400           -1.26776606e+05            4.82758585e+00            9.96584146e-01            1.00625294e+00     2.422493831416955e+04     2.422536250225768e+04     2.422578749908106e+04     2.422621195675159e+04     2.422663650568083e+04     2.422833469719211e+04
   39600           -1.26952744e+05            2.69415758e+00            9.98713377e-01            1.00410928e+00     2.414483492559658e+04     2.414499380743756e+04     2.414515352484300e+04     2.414531267837614e+04     2.414547193112946e+04     2.414610893666233e+04
   39800           -1.26943155e+05            4.33779140e+00            9.97112314e-01            1.00580048e+00     2.419309541718935e+04     2.419345784570259e+04     2.419382115269445e+04     2.419418381598111e+04     2.419454661713558e+04     2.419599781708181e+04
   40000           -1.26858059e+05            2.78193479e+00            9.98643539e-01            1.00421535e+00     2.422049420225433e+04     2.422065909442108e+04     2.422082491426827e+04     2.422099012887231e+04     2.422115543959492e+04     2.422181667693550e+04
   40200           -1.26930231e+05            3.28157105e+00            9.98138481e-01            1.00471095e+00     2.409735084420859e+04     2.409758360769729e+04     2.409781719473376e+04     2.409805021674624e+04     2.409828334208342e+04     2.409921583995824e+04
   40400           -1.26980050e+05            3.03398952e+00            9.98381339e-01            1.00445791e+00     2.413429555862377e+04     2.413449235984839e+04     2.413468998030159e+04     2.413488704176229e+04     2.413508420432387e+04     2.413587285002396e+04
   40600           -1.26806680e+05            2.74617622e+00            9.98712855e-01            1.00421323e+00     2.414740427070950e+04     2.414756659524589e+04     2.414772980447089e+04     2.414789240139261e+04     2.414805511242730e+04     2.414870595414510e+04
   40800           -1.26560038e+05            5.87725890e+00            9.95576272e-01            1.00734784e+00     2.419189818618088e+04     2.419245510380825e+04     2.419301295949887e+04     2.419357020643811e+04     2.419412754842359e+04     2.419635691066630e+04
   41000           -1.26642012e+05            3.37357002e+00            9.98079005e-01            1.00483595e+00     2.403225289470825e+04     2.403249609810605e+04     2.403274016450388e+04     2.403298363822973e+04     2.403322722026331e+04     2.403420154581837e+04
   41200           -1.26945958e+05            4.22531313e+00            9.97199249e-01            1.00566191e+00     2.419354479866475e+04     2.419389462207479e+04     2.419424532281348e+04     2.419459543505189e+04     2.419494564872123e+04     2.419634649877772e+04
   41400           -1.26594022e+05            2.63867894e+00            9.98807813e-01            1.00409281e+00     2.421366212174948e+04     2.421381122347391e+04     2.421396109496225e+04     2.421411041142903e+04     2.421425984285989e+04     2.421485756397030e+04
   41600           -1.26902976e+05            3.65099560e+00            9.97787833e-01            1.00510034e+00     2.413771555558954e+04     2.413798873976632e+04     2.413826276356390e+04     2.413853621883284e+04     2.413880977518507e+04     2.413990399478059e+04
   41800           -1.26901379e+05            5.20389985e+00            9.96236189e-01            1.00665896e+00     2.409395211845887e+04     2.409442398376429e+04     2.409489662997810e+04     2.409536871329916e+04     2.409584091331470e+04     2.409772970817052e+04
   42000           -1.26816916e+05            2.73656754e+00            9.98648050e-01            1.00412877e+00     2.425364979138593e+04     2.425381554858258e+04     2.425398214952805e+04     2.425414817511162e+04     2.425431430429155e+04     2.425497881719716e+04
   42200           -1.26797068e+05            3.08175171e+00            9.98393052e-01            1.00456565e+00     2.413135662698495e+04     2.413155794276213e+04     2.413176019860684e+04     2.413196183330194e+04     2.413216356992074e+04     2.413297051285654e+04
   42400           -1.26850039e+05            1.13946349e+01            9.90042084e-01            1.01286347e+00     2.418608057371237e+04     2.418732205272638e+04     2.418856440173596e+04     2.418980616871285e+04     2.419104803521049e+04     2.419601549670860e+04
   42600           -1.26741464e+05            7.76414101e+00            9.93689231e-01            1.00923994e+00     2.444469665455766e+04     2.444548552090137e+04     2.444627526535633e+04     2.444706441769412e+04     2.444785367407871e+04     2.445101069359975e+04
   42800           -1.27139613e+05            2.51157090e+00            9.98964337e-01            1.00399490e+00     2.417442014235105e+04     2.417454824146654e+04     2.417467714305355e+04     2.417480548834571e+04     2.417493393820291e+04     2.417544773405477e+04
   43000           -1.26959783e+05            4.10786516e+00            9.97324060e-01            1.00555156e+00     2.415956390345503e+04     2.415989804907352e+04     2.416023299952626e+04     2.416056738233744e+04     2.416090187638778e+04     2.416223984932053e+04
   43200           -1.26918374e+05            4.98034513e+00            9.96418076e-01            1.00639268e+00     2.401263963808019e+04     2.401308548841794e+04     2.401353213485596e+04     2.401397824663729e+04     2.401442445091843e+04     2.401620926375667e+04
   43400           -1.27044854e+05            4.23926759e+00            9.97195847e-01            1.00568655e+00     2.428372030653536e+04     2.428406801200288e+04     2.428441661069884e+04     2.428476460239829e+04     2.428511270272583e+04     2.428650509891631e+04
   43600           -1.26886473e+05            4.14087168e+00            9.97258319e-01            1.00555165e+00     2.426348885440893e+04     2.426382877904956e+04     2.426416957608432e+04     2.426450976896994e+04     2.426485007532407e+04     2.426621129623922e+04
   43800           -1.26826778e+05            2.63252780e+00            9.98831090e-01            1.00410386e+00     2.412042258937400e+04     2.412056825817319e+04     2.412071477066744e+04     2.412086070701339e+04     2.412100674747110e+04     2.412159090556819e+04
   44000           -1.27049435e+05            2.87335184e+00            9.98526469e-01            1.00428122e+00     2.414432495937076e+04     2.414451010217593e+04     2.414469607098119e+04     2.414488144114980e+04     2.414506693672597e+04     2.414580891408117e+04
   44200           -1.26969981e+05            6.23071314e+00            9.95236445e-01            1.00771611e+00     2.420824544118628e+04     2.420884467436016e+04     2.420944474298201e+04     2.421004422493400e+04     2.421064382117118e+04     2.421304220115608e+04
   44400           -1.26863846e+05            4.66557706e+00            9.96739359e-01            1.00608362e+00     2.429206073464863e+04     2.429246257737837e+04     2.429286530923241e+04     2.429326745565560e+04     2.429366969736787e+04     2.429527866008710e+04
   44600           -1.27149912e+05            1.88768406e+00            9.99517471e-01            1.00329815e+00     2.419220469165746e+04     2.419226274536433e+04     2.419232162801050e+04     2.419237992461601e+04     2.419243833713675e+04     2.419267198261605e+04
   44800           -1.27008691e+05            2.72761701e+00            9.98695895e-01            1.00415890e+00     2.416001625914885e+04     2.416018075431269e+04     2.416034609863182e+04     2.416051085197939e+04     2.416067571765055e+04     2.416133517615224e+04
   45000           -1.26862005e+05            4.05655006e+00            9.97389056e-01            1.00551389e+00     2.407846769045591e+04     2.407879502903282e+04     2.407912318184404e+04     2.407945076775956e+04     2.407977846177673e+04     2.408108923309755e+04
   45200           -1.26889770e+05            3.17328238e+00            9.98261640e-01            1.00461732e+00     2.421365366189357e+04     2.421387305572474e+04     2.421409335241143e+04     2.421431301978912e+04     2.421453280729111e+04     2.421541195268864e+04
   45400           -1.26799119e+05            3.55094468e+00            9.97906350e-01            1.00501860e+00     2.421069372896208e+04     2.421095639571227e+04     2.421121995206767e+04     2.421148287721693e+04     2.421174592869826e+04     2.421279812843445e+04
   45600           -1.26862378e+05            6.43670691e+00            9.95028327e-01            1.00792054e+00     2.414762442008359e+04     2.414824819460598e+04     2.414887279189057e+04     2.414949682820827e+04     2.415012096581501e+04     2.415261751154644e+04
   45800           -1.26676324e+05            2.44620172e+00            9.98940102e-01            1.00383930e+00     2.420920862631538e+04     2.420933910188242e+04     2.420947046134951e+04     2.420960120915514e+04     2.420973207184514e+04     2.421025551737490e+04
   46000           -1.27082514e+05            1.68424180e+00            9.99687121e-01            1.00306023e+00     2.414458101037097e+04     2.414461799373104e+04     2.414465573243083e+04     2.414469294009398e+04     2.414473025137493e+04     2.414487949237889e+04
   46200           -1.26943816e+05            2.85206665e+00            9.98518677e-01            1.00423064e+00     2.414590298913022e+04     2.414608498378153e+04     2.414626789364556e+04     2.414645016414151e+04     2.414663255728951e+04     2.414736212544880e+04
   46400           -1.26765994e+05            3.05219434e+00            9.98392140e-01            1.00450535e+00     2.427525159969683e+04     2.427545484597392e+04     2.427565888947737e+04     2.427586237223716e+04     2.427606596423001e+04     2.427688032876319e+04
   46600           -1.26774458e+05            3.92367416e+00            9.97494186e-01            1.00535266e+00     2.429767589292685e+04     2.429798835370786e+04     2.429830165464732e+04     2.429861435514991e+04     2.429892717732444e+04     2.430017846172204e+04
   46800           -1.26731836e+05            2.83427446e+00            9.98596979e-01            1.00427365e+00     2.428245413373080e+04     2.428263134445008e+04     2.428280927397810e+04     2.428298668854495e+04     2.428316420842136e+04     2.428387428311191e+04
   47000           -1.26715751e+05            3.54226554e+00            9.97881586e-01            1.00497621e+00     2.401817360259872e+04     2.401843696093541e+04     2.401870113072553e+04     2.401896472602214e+04     2.401922843540111e+04     2.402028326820349e+04
   47200           -1.27075208e+05            2.79531609e+00            9.98610980e-01            1.00420948e+00     2.414456371824949e+04     2.414473419063150e+04     2.414490559070888e+04     2.414507634355940e+04     2.414524721994313e+04     2.414593072163678e+04
   47400           -1.26901746e+05            8.79802671e+00            9.92655271e-01            1.01027667e+00     2.412666389220087e+04     2.412758252065671e+04     2.412850204501134e+04     2.412942096011727e+04     2.413033998450247e+04     2.413401607680406e+04
   47600           -1.26876076e+05            3.18990809e+00            9.98261259e-01            1.00465034e+00     2.423991919646849e+04     2.424013575876426e+04     2.424035315221269e+04     2.424056997392461e+04     2.424078690123283e+04     2.424165460599717e+04
   47800           -1.26770729e+05            2.29172883e+00            9.99102591e-01            1.00369245e+00     2.429101709522770e+04     2.429112447732186e+04     2.429123274506345e+04     2.429134039713971e+04     2.429144816623865e+04     2.429187923724959e+04
   48000           -1.26836166e+05            2.12398723e+00            9.99288698e-01            1.00354268e+00     2.410402150495035e+04     2.410410957413760e+04     2.410419844016890e+04     2.410428673054185e+04     2.410437514033473e+04     2.410472877571913e+04
   48200           -1.26409045e+05            4.84682285e+00            9.96576222e-01            1.00628365e+00     2.416960425431362e+04     2.417003349716886e+04     2.417046346225595e+04     2.417089291755012e+04     2.417132247351054e+04     2.417304069270746e+04
   48400           -1.26738639e+05            5.42885389e+00            9.96002222e-01            1.00687545e+00     2.420135452706936e+04     2.420185569482399e+04     2.420235769863893e+04     2.420285912654303e+04     2.420336066121434e+04     2.420536679535931e+04
   48600           -1.27006739e+05            2.30368922e+00            9.99078861e-01            1.00369262e+00     2.400760323398156e+04     2.400771920388444e+04     2.400783597163796e+04     2.400795219107154e+04     2.400806851137598e+04     2.400853378877040e+04
   48800           -1.27104032e+05            2.94602644e+00            9.98519204e-01            1.00441990e+00     2.414949581289778e+04     2.414968365000697e+04     2.414987228955185e+04     2.415006036988861e+04     2.415024855639929e+04     2.415100129990079e+04
   49000           -1.27035275e+05            3.94320747e+00            9.97406120e-01            1.00530318e+00     2.405074248892487e+04     2.405106196310852e+04     2.405138222179990e+04     2.405170194422354e+04     2.405202176405677e+04     2.405330103918867e+04
   49200           -1.26950178e+05            2.88604321e+00            9.98540339e-01            1.00432067e+00     2.415545021919299e+04     2.415563163945833e+04     2.415581382272204e+04     2.415599546058521e+04     2.415617720857073e+04     2.415690419794846e+04
   49400           -1.26875357e+05            4.04710783e+00            9.97423545e-01            1.00552967e+00     2.414289622290026e+04     2.414321735593473e+04     2.414353941221396e+04     2.414386086655067e+04     2.414418241621439e+04     2.414546860952851e+04
   49600           -1.27279769e+05            1.80582067e+00            9.99615734e-01            1.00323252e+00     2.403823360218566e+04     2.403828451982828e+04     2.403833625062394e+04     2.403838738759761e+04     2.403843865077112e+04     2.403864369935659e+04
   49800           -1.27000352e+05            2.20786119e+00            9.99266472e-01            1.00368871e+00     2.411652103677519e+04     2.411661516304271e+04     2.411671018053438e+04     2.411680459960298e+04     2.411689912134509e+04     2.411727720591500e+04
   50000           -1.27052181e+05            2.71453189e+00            9.98741946e-01            1.00417893e+00     2.412139309397587e+04     2.412154716388420e+04     2.412170207618824e+04     2.412185642214581e+04     2.412201086634870e+04     2.412262863872154e+04
