#This file was generated on Sun Sep  3 11:58:46 2023
#Using the somd command, of the molecular library Sire version <2023.1.3> 
#For more information visit: https://github.com/openbiosim/sire
#
#General information on simulation parameters:
#Simulation used 25000 moves, 2 cycles and 200 ps of simulation time
#Generating lambda is		 0.00000
#Alchemical array is		 (0.0, 0.125, 0.25, 0.375, 0.5, 1.0)
#Generating temperature is 	25°C
#Energy was saved every 200 steps 
#
#
#   [step]      [potential kcal/mol]       [gradient kcal/mol]      [forward Metropolis]     [backward Metropolis]                   [u_kl]
     200           -1.27832319e+05            1.15870253e+01            9.88479846e-01            1.01165441e+00     1.000660654779976e+04     1.000793031075270e+04     1.000925441427999e+04     1.001057824489569e+04     1.001190214636929e+04     1.001719774493881e+04
     400           -1.24018042e+05            5.97995254e+00            9.94037892e-01            1.00599787e+00     9.999117869606567e+03     9.999727538416522e+03     1.000033752248005e+04     1.000094726576965e+04     1.000155706691363e+04     1.000399626422068e+04
     600           -1.21408682e+05            7.08471120e+00            9.92940326e-01            1.00710987e+00     9.993152974986864e+03     9.993917579028599e+03     9.994682498204433e+03     9.995447182844315e+03     9.996211921560734e+03     9.999270868134607e+03
     800           -1.20089318e+05            1.16953645e+01            9.88372760e-01            1.01176402e+00     9.901686768242960e+03     9.903023972463308e+03     9.904361541264492e+03     9.905698844915603e+03     9.907036206371817e+03     9.912385644500673e+03
    1000           -1.19159963e+05            1.91651859e+01            9.81017299e-01            1.01935002e+00     1.006913828267613e+04     1.007140566030999e+04     1.007367341226828e+04     1.007594088199732e+04     1.007820841720710e+04     1.008727855173807e+04
    1200           -1.18461146e+05            2.24810389e+01            9.77769777e-01            1.02273564e+00     9.960338065980284e+03     9.963022484181558e+03     9.965707259630593e+03     9.968391760295697e+03     9.971076327361081e+03     9.981814588741876e+03
    1400           -1.17916986e+05            1.80080936e+01            9.82153083e-01            1.01817122e+00     9.977826609537346e+03     9.979948853894881e+03     9.982071420247643e+03     9.984193729578325e+03     9.986316105348767e+03     9.994805601160189e+03
    1600           -1.17813277e+05            6.94684905e+00            9.93077225e-01            1.00697103e+00     9.979468569833640e+03     9.980216823562459e+03     9.980965407575422e+03     9.981713744552952e+03     9.982462138012344e+03     9.985455706191049e+03
    1800           -1.17410133e+05            4.80187633e+00            9.95209634e-01            1.00481342e+00     9.996131277335935e+03     9.996605703955265e+03     9.997080514233379e+03     9.997555045012268e+03     9.998029636669118e+03     9.999927996002301e+03
    2000           -1.17176490e+05            6.48179051e+00            9.93539171e-01            1.00650284e+00     9.985574639356060e+03     9.986261853745136e+03     9.986949408822067e+03     9.987636697444726e+03     9.988324053144872e+03     9.991073466933683e+03
    2200           -1.17195100e+05            9.14336934e+00            9.90898304e-01            1.00918530e+00     9.930042579964775e+03     9.931062995148148e+03     9.932083716316449e+03     9.933104200627882e+03     9.934124743583016e+03     9.938206907201256e+03
    2400           -1.17277637e+05            6.63681432e+00            9.93385161e-01            1.00665889e+00     9.904049632498565e+03     9.904762909585645e+03     9.905476588889715e+03     9.906189979724977e+03     9.906903431117860e+03     9.909757229737153e+03
    2600           -1.17335698e+05            1.44709121e+01            9.85633288e-01            1.01457612e+00     9.931543642029392e+03     9.933225398973402e+03     9.934907462541558e+03     9.936589294649249e+03     9.938271180958185e+03     9.944998719886980e+03
    2800           -1.17294842e+05            1.35374661e+01            9.86553753e-01            1.01362951e+00     9.947506150220126e+03     9.949071698872705e+03     9.950637589745469e+03     9.952203216756119e+03     9.953768907843432e+03     9.960031665466740e+03
    3000           -1.17244706e+05            1.99671536e+01            9.80230870e-01            1.02016783e+00     9.968410985245826e+03     9.970778008174697e+03     9.973145346712598e+03     9.975512430764376e+03     9.977879581184230e+03     9.987348177122634e+03
    3200           -1.17328149e+05            9.82311522e+00            9.90224974e-01            1.00987152e+00     1.003325810618337e+04     1.003436379659223e+04     1.003546984959857e+04     1.003657564407444e+04     1.003768149226836e+04     1.004210487835336e+04
    3400           -1.17179026e+05            9.39028310e+00            9.90653668e-01            1.00943451e+00     9.975626078185962e+03     9.976666413462624e+03     9.977707104391990e+03     9.978747537529376e+03     9.979788026650544e+03     9.983949975115123e+03
    3600           -1.16999292e+05            1.72908101e+01            9.82857818e-01            1.01744116e+00     9.873293976237866e+03     9.875327714654399e+03     9.877361764728164e+03     9.879395565148023e+03     9.881429430094471e+03     9.889564883951074e+03
    3800           -1.17077177e+05            1.18074419e+01            9.88261992e-01            1.01187742e+00     9.920295032180593e+03     9.921652131717467e+03     9.923009495773782e+03     9.924366631796071e+03     9.925723833913124e+03     9.931152635645654e+03
    4000           -1.17247966e+05            1.82202064e+01            9.81944778e-01            1.01838721e+00     9.934771380919381e+03     9.936929098104969e+03     9.939087171603387e+03     9.941244988664150e+03     9.943402860084325e+03     9.952034339249270e+03
    4200           -1.17094996e+05            1.25718506e+01            9.87506845e-01            1.01265121e+00     9.857160536370293e+03     9.858611191523019e+03     9.860062183187780e+03     9.861512927632846e+03     9.862963726655191e+03     9.868766916940089e+03
    4400           -1.16952218e+05            7.15413615e+00            9.92871394e-01            1.00717979e+00     9.977654846140862e+03     9.978418223382627e+03     9.979181924358052e+03     9.979945390695526e+03     9.980708907899401e+03     9.983762969657942e+03
    4600           -1.17012943e+05            1.24280740e+01            9.87648836e-01            1.01250562e+00     9.966598278210899e+03     9.968026923641326e+03     9.969455859112095e+03     9.970884558363672e+03     9.972313320354215e+03     9.978028362497531e+03
    4800           -1.17112688e+05            1.23387437e+01            9.87737067e-01            1.01241518e+00     9.984123295630043e+03     9.985543622942665e+03     9.986964229778414e+03     9.988384606885385e+03     9.989805046095749e+03     9.995486796561454e+03
    5000           -1.16727895e+05            1.60167239e+01            9.84110862e-01            1.01614568e+00     9.957709940450644e+03     9.959580450657202e+03     9.961451225221906e+03     9.963321780458929e+03     9.965192395889904e+03     9.972674851329166e+03
    5200           -1.16729190e+05            1.28409017e+01            9.87241191e-01            1.01292370e+00     9.932700404086178e+03     9.934177968136381e+03     9.935655887582408e+03     9.937133534474719e+03     9.938611246771796e+03     9.944522089457414e+03
    5400           -1.16811452e+05            1.07648983e+01            9.89292836e-01            1.01082305e+00     9.930635965295416e+03     9.931858831137501e+03     9.933081974172854e+03     9.934304881719663e+03     9.935527855660870e+03     9.940419746026322e+03
    5600           -1.17153816e+05            1.02819882e+01            9.89770691e-01            1.01033503e+00     9.980741087961173e+03     9.981894912235564e+03     9.983049087293857e+03     9.984203010054001e+03     9.985356986490473e+03     9.989972885019772e+03
    5800           -1.17115810e+05            7.75493286e+00            9.92275059e-01            1.00778508e+00     9.998557644111015e+03     9.999407860161320e+03     1.000025848426820e+04     1.000110880561311e+04     1.000195919450298e+04     1.000536074489495e+04
    6000           -1.16913546e+05            2.05750968e+01            9.79635126e-01            1.02078822e+00     9.934070997287530e+03     9.936515289901225e+03     9.938959917885917e+03     9.941404287029447e+03     9.943848719362886e+03     9.953626441438244e+03
    6200           -1.17151509e+05            6.81216021e+00            9.93210990e-01            1.00683542e+00     9.965864414388587e+03     9.966586966155879e+03     9.967309810359082e+03     9.968032402033037e+03     9.968755066932426e+03     9.971645719476266e+03
    6400           -1.17048396e+05            7.72386732e+00            9.92305885e-01            1.00775377e+00     9.877434711464692e+03     9.878279615871785e+03     9.879124932881656e+03     9.879969943485061e+03     9.880815023707137e+03     9.884195335949582e+03
    6600           -1.16834241e+05            1.02637305e+01            9.89788762e-01            1.01031658e+00     9.999060673689050e+03     1.000022001002343e+04     1.000137966810810e+04     1.000253908403095e+04     1.000369855642904e+04     1.000833643916903e+04
    6800           -1.16851081e+05            6.00797701e+00            9.94010035e-01            1.00602606e+00     9.892108703622436e+03     9.892737218968452e+03     9.893366077499448e+03     9.893994664166068e+03     9.894623319972510e+03     9.897137936322584e+03
    7000           -1.17046495e+05            6.06702648e+00            9.93951341e-01            1.00608547e+00     9.942753837749660e+03     9.943391229210505e+03     9.944028932845333e+03     9.944666393871645e+03     9.945303914829425e+03     9.947853991909191e+03
    7200           -1.17045888e+05            1.07407437e+01            9.89316732e-01            1.01079863e+00     9.979020420409610e+03     9.980245239934546e+03     9.981470457590263e+03     9.982695388882639e+03     9.983920380703499e+03     9.988820340997388e+03
    7400           -1.17177224e+05            8.93612827e+00            9.91103680e-01            1.00897617e+00     9.897312776205577e+03     9.898303225686879e+03     9.899293965369819e+03     9.900284477134479e+03     9.901275046751283e+03     9.905237317296987e+03
    7600           -1.17051630e+05            7.72713376e+00            9.92302644e-01            1.00775707e+00     9.943816138077495e+03     9.944656701348318e+03     9.945497578113376e+03     9.946338215902293e+03     9.947178910868295e+03     9.950541683659098e+03
    7800           -1.17088167e+05            1.15247014e+01            9.88541454e-01            1.01159137e+00     1.000854890735523e+04     1.000987088319866e+04     1.001119318748624e+04     1.001251524517002e+04     1.001383735998980e+04     1.001912581262438e+04
    8000           -1.16941562e+05            7.38952580e+00            9.92637710e-01            1.00741690e+00     1.004071448694444e+04     1.004150901886588e+04     1.004230385295786e+04     1.004309845582680e+04     1.004389311460562e+04     1.004707174226680e+04
    8200           -1.17382770e+05            8.66361322e+00            9.91373808e-01            1.00870125e+00     9.874185249334500e+03     9.875148941562533e+03     9.876112985814072e+03     9.877076770215261e+03     9.878040613566973e+03     9.881895977799446e+03
    8400           -1.17062219e+05            7.44541920e+00            9.92582229e-01            1.00747321e+00     9.904283139255149e+03     9.905086972121517e+03     9.905891128100251e+03     9.906695038827733e+03     9.907499007501801e+03     9.910714875748456e+03
    8600           -1.16939647e+05            9.32217229e+00            9.90721144e-01            1.00936576e+00     9.853697212486932e+03     9.854735177596809e+03     9.855773411763379e+03     9.856811439373172e+03     9.857849517009179e+03     9.862001821531429e+03
    8800           -1.17043402e+05            9.49753520e+00            9.90547424e-01            1.00954278e+00     9.951563834687106e+03     9.952626163329787e+03     9.953688848079199e+03     9.954751272449143e+03     9.955813753724357e+03     9.960063672761609e+03
    9000           -1.17297956e+05            1.34247258e+01            9.86664984e-01            1.01351524e+00     1.003929245102416e+04     1.004084614447442e+04     1.004240015070203e+04     1.004395391233982e+04     1.004550773448444e+04     1.005172301794473e+04
    9200           -1.16993992e+05            1.47169206e+01            9.85390844e-01            1.01482575e+00     9.844687833514305e+03     9.846404342220567e+03     9.848121210032501e+03     9.849837821905143e+03     9.851554486725279e+03     9.858421139936256e+03
    9400           -1.17114833e+05            9.92021050e+00            9.90128832e-01            1.00996958e+00     9.944637267329264e+03     9.945748336895860e+03     9.946859717773199e+03     9.947970849687305e+03     9.949082045869758e+03     9.953526824410252e+03
    9600           -1.16947564e+05            6.27079360e+00            9.93748827e-01            1.00629050e+00     9.969331005253482e+03     9.969988822085970e+03     9.970646919475088e+03     9.971304787922969e+03     9.971962717944607e+03     9.974594430635734e+03
    9800           -1.16940876e+05            1.36190436e+01            9.86473276e-01            1.01371221e+00     9.874556551214397e+03     9.876136170958478e+03     9.877716177796387e+03     9.879295887257891e+03     9.880875668231078e+03     9.887194785247757e+03
   10000           -1.17231519e+05            1.47129171e+01            9.85394789e-01            1.01482168e+00     9.959473556851553e+03     9.961185232039606e+03     9.962897257563511e+03     9.964609032947372e+03     9.966320860887436e+03     9.973168164923318e+03
   10200           -1.16842382e+05            7.31977239e+00            9.92706952e-01            1.00734663e+00     9.961546551217580e+03     9.962341832172169e+03     9.963137399929195e+03     9.963932735510534e+03     9.964728133008204e+03     9.967909714798827e+03
   10400           -1.16840800e+05            1.69789825e+01            9.83164348e-01            1.01712394e+00     9.984038021382879e+03     9.986031858568334e+03     9.988026046313666e+03     9.990019982055070e+03     9.992013971239814e+03     9.999989921096749e+03
   10600           -1.17294049e+05            8.29006316e+00            9.91744205e-01            1.00832452e+00     9.867463434072897e+03     9.868374094602275e+03     9.869285051226634e+03     9.870195772430847e+03     9.871106554528014e+03     9.874749674983133e+03
   10800           -1.17403781e+05            7.20904306e+00            9.92816880e-01            1.00723509e+00     9.948847827035290e+03     9.949629797162464e+03     9.950412096704566e+03     9.951194141765118e+03     9.951976248757868e+03     9.955104670480447e+03
   11000           -1.17137113e+05            1.04314616e+01            9.89622757e-01            1.01048606e+00     9.919234028847897e+03     9.920416442383546e+03     9.921599144926035e+03     9.922781628543715e+03     9.923964164141853e+03     9.928694299435811e+03
   11200           -1.17072115e+05            8.71573051e+00            9.91322141e-01            1.00875382e+00     9.848384218621299e+03     9.849344120738044e+03     9.850304404733324e+03     9.851264401876695e+03     9.852224465080853e+03     9.856064711540408e+03
   11400           -1.16919749e+05            7.65669766e+00            9.92372540e-01            1.00768609e+00     9.907889926622967e+03     9.908722137322737e+03     9.909554623295135e+03     9.910386865940458e+03     9.911219181514045e+03     9.914548436405121e+03
   11600           -1.16914287e+05            1.25317928e+01            9.87546403e-01            1.01261064e+00     9.886367959969622e+03     9.887809796170557e+03     9.889251997734924e+03     9.890693925254640e+03     9.892135916104004e+03     9.897903872238385e+03
   11800           -1.17050551e+05            1.26851490e+01            9.87394968e-01            1.01276595e+00     9.937842464742407e+03     9.939299587507321e+03     9.940757000945821e+03     9.942214188432275e+03     9.943671432066702e+03     9.949500399390998e+03
   12000           -1.17135805e+05            1.18006956e+01            9.88268660e-01            1.01187060e+00     9.938023428217140e+03     9.939376677815850e+03     9.940730223410968e+03     9.942083546389718e+03     9.943436921395985e+03     9.948850414574828e+03
   12200           -1.17080292e+05            9.32680033e+00            9.90716559e-01            1.00937043e+00     9.916201933322598e+03     9.917241308642826e+03     9.918281018975615e+03     9.919320483362848e+03     9.920360002091016e+03     9.924518070859433e+03
   12400           -1.17030873e+05            9.35744191e+00            9.90686203e-01            1.00940136e+00     9.952681997190735e+03     9.953719978588659e+03     9.954758262984515e+03     9.955796306886738e+03     9.956834411831409e+03     9.960986826472081e+03
   12600           -1.17271375e+05            7.58811699e+00            9.92440600e-01            1.00761698e+00     9.969514678807211e+03     9.970335994989444e+03     9.971157633429762e+03     9.971979029581353e+03     9.972800482025890e+03     9.976086285244570e+03
   12800           -1.17083287e+05            6.27902819e+00            9.93740644e-01            1.00629878e+00     9.951359433615124e+03     9.952017917069306e+03     9.952676769193524e+03     9.953335339563351e+03     9.953993977286915e+03     9.956628520958706e+03
   13000           -1.16966219e+05            1.94424328e+01            9.80745352e-01            1.01963267e+00     9.934973887797480e+03     9.937272787086746e+03     9.939571996727927e+03     9.941870971550959e+03     9.944170001782586e+03     9.953366115767694e+03
   13200           -1.16893743e+05            8.60866882e+00            9.91428280e-01            1.00864583e+00     1.001938708808259e+04     1.002033222021827e+04     1.002127769946982e+04     1.002222291699924e+04     1.002316819591741e+04     1.002694930375224e+04
   13400           -1.17219652e+05            8.29369960e+00            9.91740598e-01            1.00832819e+00     9.955038313251995e+03     9.955953528882552e+03     9.956869105010719e+03     9.957784416903956e+03     9.958699787063038e+03     9.962361260874080e+03
   13600           -1.17237582e+05            1.59242298e+01            9.84201890e-01            1.01605170e+00     1.002213194549862e+04     1.002399566587845e+04     1.002585970660170e+04     1.002772348918872e+04     1.002958733924004e+04     1.003704273298146e+04
   13800           -1.17000130e+05            1.01984362e+01            9.89853392e-01            1.01025062e+00     1.002247187014602e+04     1.002361995529433e+04     1.002476840183335e+04     1.002591656278565e+04     1.002706479592768e+04     1.003165772170934e+04
   14000           -1.16991454e+05            6.83517795e+00            9.93188129e-01            1.00685859e+00     1.003419350924575e+04     1.003492229380349e+04     1.003565136312355e+04     1.003638021073491e+04     1.003710911389023e+04     1.004002471853471e+04
   14200           -1.17114571e+05            8.90469524e+00            9.91134834e-01            1.00894446e+00     9.961929307358430e+03     9.962917392787378e+03     9.963905837495242e+03     9.964894005178603e+03     9.965882240338215e+03     9.969835173317999e+03
   14400           -1.17080078e+05            6.51885905e+00            9.93502343e-01            1.00654015e+00     9.897206437746980e+03     9.897896298345158e+03     9.898586476072749e+03     9.899276407118727e+03     9.899966399315521e+03     9.902726360884064e+03
   14600           -1.17190087e+05            7.56713410e+00            9.92461425e-01            1.00759584e+00     9.958452904749378e+03     9.959275025087036e+03     9.960097465508245e+03     9.960919663753955e+03     9.961741919368482e+03     9.965030933987584e+03
   14800           -1.17141959e+05            1.30842608e+01            9.87000966e-01            1.01317023e+00     1.007206321039466e+04     1.007357521531764e+04     1.007508757939708e+04     1.007659966737835e+04     1.007811182228850e+04     1.008416043418234e+04
   15000           -1.17107585e+05            1.24256287e+01            9.87651251e-01            1.01250315e+00     9.943707646018562e+03     9.945136854695380e+03     9.946566373491129e+03     9.947995663358990e+03     9.949425004435920e+03     9.955142362853276e+03
   15200           -1.17366418e+05            7.57253354e+00            9.92456066e-01            1.00760128e+00     9.946093717155740e+03     9.946919890404271e+03     9.947746383999211e+03     9.948572618939672e+03     9.949398921923914e+03     9.952704126692086e+03
   15400           -1.17168916e+05            9.97845802e+00            9.90071162e-01            1.01002841e+00     9.964306905885645e+03     9.965434833110030e+03     9.966563095409701e+03     9.967691100627550e+03     9.968819166863763e+03     9.973331427841880e+03
   15600           -1.17273996e+05            1.06272468e+01            9.89429023e-01            1.01068392e+00     9.874924930862791e+03     9.876130628479972e+03     9.877336698184312e+03     9.878542500404614e+03     9.879748359610834e+03     9.884571788358875e+03
   15800           -1.17136747e+05            6.68265770e+00            9.93339622e-01            1.00670504e+00     1.003580419545290e+04     1.003651585144474e+04     1.003722785338752e+04     1.003793959149339e+04     1.003865139295345e+04     1.004149859045400e+04
   16000           -1.17302904e+05            1.09914909e+01            9.89068695e-01            1.01105212e+00     9.964302008974881e+03     9.965549160282471e+03     9.966796682658654e+03     9.968043930084848e+03     9.969291239765931e+03     9.974280470556980e+03
   16200           -1.17504829e+05            1.15054454e+01            9.88560489e-01            1.01157189e+00     9.887301700648026e+03     9.888619105869415e+03     9.889936854230978e+03     9.891254340646772e+03     9.892571889672248e+03     9.897842078696471e+03
   16400           -1.17313664e+05            1.00422969e+01            9.90007959e-01            1.01009289e+00     1.001618937134879e+04     1.001731815526354e+04     1.001844725918119e+04     1.001957610124492e+04     1.002070501357849e+04     1.002522065580820e+04
   16600           -1.17160086e+05            8.19473478e+00            9.91838751e-01            1.00822840e+00     9.952087495751035e+03     9.952980083049217e+03     9.953872992178343e+03     9.954765640494888e+03     9.955658357811053e+03     9.959229219871071e+03
   16800           -1.17066976e+05            9.57216024e+00            9.90473507e-01            1.00961812e+00     9.987435852960345e+03     9.988508761314404e+03     9.989581985101260e+03     9.990654968354254e+03     9.991728009280178e+03     9.996020165600008e+03
   17000           -1.17218281e+05            9.70037739e+00            9.90346520e-01            1.00974758e+00     9.931326061442813e+03     9.932408822798945e+03     9.933491923370340e+03     9.934574752928562e+03     9.935657652400421e+03     9.939989243358030e+03
   17200           -1.17165296e+05            5.94379589e+00            9.94073834e-01            1.00596150e+00     9.961335835658714e+03     9.961951795721679e+03     9.962568072301721e+03     9.963184103891304e+03     9.963800195976526e+03     9.966264556294338e+03
   17400           -1.17231330e+05            1.26673444e+01            9.87412549e-01            1.01274792e+00     9.879710655388011e+03     9.881166173884887e+03     9.882621980498478e+03     9.884077558521711e+03     9.885533195257347e+03     9.891355735126681e+03
   17600           -1.17040552e+05            1.21351068e+01            9.87938227e-01            1.01220904e+00     9.909562314100260e+03     9.910951116914002e+03     9.912340265810113e+03     9.913729152374755e+03     9.915118100979313e+03     9.920673887858367e+03
   17800           -1.16918445e+05            9.26558507e+00            9.90777208e-01            1.00930864e+00     1.000573258866965e+04     1.000676926428500e+04     1.000780626871191e+04     1.000884303234209e+04     1.000987984917965e+04     1.001402710968964e+04
   18000           -1.17034247e+05            2.97944381e+01            9.70645041e-01            1.03024273e+00     9.939679347910327e+03     9.943282655156878e+03     9.946886235531394e+03     9.950489592036127e+03     9.954093009347895e+03     9.968506670785462e+03
   18200           -1.16971536e+05            1.58551457e+01            9.84269885e-01            1.01598151e+00     9.969087024537985e+03     9.970934850486807e+03     9.972783048860318e+03     9.974630965736113e+03     9.976478948111138e+03     9.983870871684290e+03
   18400           -1.16974666e+05            6.83909308e+00            9.93184240e-01            1.00686253e+00     9.949215083800151e+03     9.949941333853518e+03     9.950667909835987e+03     9.951394229882242e+03     9.952120614468340e+03     9.955026145136531e+03
   18600           -1.16890130e+05            7.30237116e+00            9.92724226e-01            1.00732910e+00     9.950353234479147e+03     9.951142283869642e+03     9.951931604037338e+03     9.952720704260539e+03     9.953509863315619e+03     9.956666492152093e+03
   18800           -1.16937261e+05            1.90559651e+01            9.81124452e-01            1.01923869e+00     1.000844390316019e+04     1.001069790955055e+04     1.001295225325048e+04     1.001520633859838e+04     1.001746048619077e+04     1.002647706922135e+04
   19000           -1.16998967e+05            2.49367725e+00            9.97509429e-01            1.00249679e+00     1.001764321578410e+04     1.001783045455579e+04     1.001801797860955e+04     1.001820526605071e+04     1.001839261918320e+04     1.001914202258231e+04
   19200           -1.16947886e+05            6.06248993e+00            9.93955850e-01            1.00608090e+00     9.880770601110415e+03     9.881400825140950e+03     9.882031361309626e+03     9.882661640480117e+03     9.883291988718925e+03     9.885813376327436e+03
   19400           -1.17319878e+05            6.86017433e+00            9.93163303e-01            1.00688376e+00     9.934276012110706e+03     9.935000130211913e+03     9.935724500535098e+03     9.936448663114197e+03     9.937172882299819e+03     9.940069752488935e+03
   19600           -1.17162126e+05            5.58754415e+00            9.94428037e-01            1.00560318e+00     9.955064778618158e+03     9.955636135316478e+03     9.956207801787237e+03     9.956779225837474e+03     9.957350710291499e+03     9.959636641964838e+03
   19800           -1.17021166e+05            7.19700679e+00            9.92828830e-01            1.00722297e+00     9.967971294607989e+03     9.968751063608623e+03     9.969531152193977e+03     9.970311000659916e+03     9.971090904984183e+03     9.974210515360375e+03
   20000           -1.16981527e+05            1.20013320e+01            9.88070397e-01            1.01207364e+00     9.885513196461239e+03     9.886884950887488e+03     9.888257016705129e+03     9.889628826246035e+03     9.891000704660919e+03     9.896488212860600e+03
   20200           -1.17127994e+05            9.47250436e+00            9.90572218e-01            1.00951751e+00     9.885521278665517e+03     9.886579236563262e+03     9.887637554310444e+03     9.888695617901565e+03     9.889753733343958e+03     9.893986188022398e+03
   20400           -1.17115732e+05            5.38674140e+00            9.94627741e-01            1.00540128e+00     9.914466527300490e+03     9.915019857132762e+03     9.915573480610681e+03     9.916126876635926e+03     9.916680328921972e+03     9.918894130543453e+03
   20600           -1.16997547e+05            5.26859535e+00            9.94745259e-01            1.00528250e+00     9.865213612291571e+03     9.865742863364034e+03     9.866272490326101e+03     9.866801835161876e+03     9.867331245487547e+03     9.869448878683521e+03
   20800           -1.17056549e+05            9.74335941e+00            9.90303953e-01            1.00979098e+00     1.004325708875566e+04     1.004434262223710e+04     1.004542856724002e+04     1.004651422541512e+04     1.004759994039094e+04     1.005194279202623e+04
   21000           -1.16709121e+05            5.57772219e+00            9.94437804e-01            1.00559331e+00     9.995164220930699e+03     9.995738800979389e+03     9.996313715362590e+03     9.996888362856165e+03     9.997463078964036e+03     9.999761936997373e+03
   21200           -1.16919062e+05            5.95916153e+00            9.94058559e-01            1.00597695e+00     9.947501895349455e+03     9.948124122571106e+03     9.948746707276488e+03     9.949369020137565e+03     9.949991397369909e+03     9.952480899390363e+03
   21400           -1.17011036e+05            1.37386691e+01            9.86355276e-01            1.01383348e+00     9.903673941599447e+03     9.905267722297318e+03     9.906861855553367e+03     9.908455723374087e+03     9.910049652799360e+03     9.916425363999275e+03
   21600           -1.17039435e+05            1.51513896e+01            9.84962815e-01            1.01526675e+00     9.917422265065918e+03     9.919192288944661e+03     9.920962649215955e+03     9.922732760216797e+03     9.924502927279827e+03     9.931583589493737e+03
   21800           -1.17028426e+05            7.48523075e+00            9.92542714e-01            1.00751332e+00     9.938376897496668e+03     9.939187831880350e+03     9.939999173012297e+03     9.940810225088311e+03     9.941621336300497e+03     9.944865775104327e+03
   22000           -1.16866119e+05            2.79221407e+01            9.72464079e-01            1.02831562e+00     9.983584075754758e+03     9.986949310236594e+03     9.990314878213598e+03     9.993680191475973e+03     9.997045565565542e+03     1.001050705537633e+04
   22200           -1.17119527e+05            1.32853894e+01            9.86802472e-01            1.01337403e+00     9.864803586561084e+03     9.866336682755878e+03     9.867870116618675e+03     9.869403287566791e+03     9.870936523767337e+03     9.877069460973593e+03
   22400           -1.16982016e+05            1.18782751e+01            9.88191993e-01            1.01194910e+00     9.869727007991114e+03     9.871082964550067e+03     9.872439190643632e+03     9.873795192838663e+03     9.875151256528485e+03     9.880575505065855e+03
   22600           -1.16958342e+05            1.02949807e+01            9.89757831e-01            1.01034816e+00     1.004201733379291e+04     1.004317880172846e+04     1.004434060415383e+04     1.004550216080317e+04     1.004666377238337e+04     1.005131021097383e+04
   22800           -1.17039585e+05            1.11871300e+01            9.88875213e-01            1.01124994e+00     1.001253262743089e+04     1.001380881495357e+04     1.001508531816294e+04     1.001636157428363e+04     1.001763789249772e+04     1.002274315756455e+04
   23000           -1.17018944e+05            1.05829306e+01            9.89472872e-01            1.01063913e+00     1.000082506920823e+04     1.000201987244217e+04     1.000321499090580e+04     1.000440985253552e+04     1.000560478317084e+04     1.001038449713345e+04
   23200           -1.16845530e+05            9.25480561e+00            9.90787888e-01            1.00929776e+00     1.003571841691680e+04     1.003675364300924e+04     1.003778922843735e+04     1.003882454588334e+04     1.003985992396685e+04     1.004400143101691e+04
   23400           -1.17103292e+05            9.79509578e+00            9.90252720e-01            1.00984322e+00     9.968698212800011e+03     9.969791728302254e+03     9.970885594710864e+03     9.971979212901562e+03     9.973072881109518e+03     9.977447549419025e+03
   23600           -1.17291919e+05            1.04424997e+01            9.89611834e-01            1.01049721e+00     9.912934295251780e+03     9.914116204359900e+03     9.915298490749565e+03     9.916480493201323e+03     9.917662561510379e+03     9.922390827768979e+03
   23800           -1.17390286e+05            1.40702746e+01            9.86028249e-01            1.01416973e+00     9.937663323150813e+03     9.939300540809629e+03     9.940938056985882e+03     9.942575336603966e+03     9.944212675988862e+03     9.950762028826908e+03
   24000           -1.17262303e+05            1.43542768e+01            9.85748255e-01            1.01445779e+00     9.877200723726199e+03     9.878864435061050e+03     9.880528517560078e+03     9.882192328869700e+03     9.883856199321852e+03     9.890511674917505e+03
   24200           -1.17231929e+05            1.12372614e+01            9.88825641e-01            1.01130064e+00     1.002401861656678e+04     1.002529463721224e+04     1.002657102716694e+04     1.002784713985333e+04     1.002912331666232e+04     1.003422801675786e+04
   24400           -1.17176258e+05            1.23169112e+01            9.87758631e-01            1.01239308e+00     9.941345756177636e+03     9.942761731193945e+03     9.944178041186969e+03     9.945594084995486e+03     9.947010197289483e+03     9.952674638401330e+03
   24600           -1.16965242e+05            1.05012927e+01            9.89553653e-01            1.01055662e+00     9.894488158070930e+03     9.895677712956489e+03     9.896867563175345e+03     9.898057174238840e+03     9.899246848931331e+03     9.904005539791733e+03
   24800           -1.17038643e+05            9.35438965e+00            9.90689227e-01            1.00939828e+00     1.001778219131968e+04     1.001882638153591e+04     1.001987086976776e+04     1.002091512205116e+04     1.002195943468607e+04     1.002613667805246e+04
   25000           -1.16908099e+05            1.35475085e+01            9.86543846e-01            1.01363969e+00     1.002888920935156e+04     1.003045794086636e+04     1.003202696121178e+04     1.003359576343177e+04     1.003516461669953e+04     1.004144002404751e+04
   25200           -1.16926581e+05            1.06223316e+01            9.89433886e-01            1.01067895e+00     9.920221857913519e+03     9.921423129519608e+03     9.922624738560709e+03     9.923826086178389e+03     9.925027497923897e+03     9.929833137934274e+03
   25400           -1.16872496e+05            6.00252213e+00            9.94015457e-01            1.00602057e+00     9.909664826061866e+03     9.910289774025623e+03     9.910915097753530e+03     9.911540142923674e+03     9.912165250622478e+03     9.914665675183091e+03
   25600           -1.17087761e+05            7.48809421e+00            9.92539872e-01            1.00751620e+00     9.966112482232022e+03     9.966924236188373e+03     9.967736273667442e+03     9.968548099885213e+03     9.969359974393756e+03     9.972607466555490e+03
   25800           -1.17308749e+05            1.01427089e+01            9.89908555e-01            1.01019432e+00     9.909786238365763e+03     9.910925419015583e+03     9.912064891572616e+03     9.913204151592907e+03     9.914343458503066e+03     9.918900678640368e+03
   26000           -1.17214927e+05            2.54780419e+01            9.74843784e-01            1.02580538e+00     1.002632680782078e+04     1.002938091204190e+04     1.003243532951531e+04     1.003548948881665e+04     1.003854371826461e+04     1.005076062870843e+04
   26200           -1.17036554e+05            1.53416527e+01            9.84775431e-01            1.01545994e+00     9.925943970772167e+03     9.927745138221722e+03     9.929546720161839e+03     9.931348008129235e+03     9.933149355699155e+03     9.940354740626144e+03
   26400           -1.17135221e+05            1.35395862e+01            9.86551662e-01            1.01363166e+00     9.978804565781811e+03     9.980369468303968e+03     9.981934698837164e+03     9.983499669822771e+03     9.985064707155545e+03     9.991324848529279e+03
   26600           -1.16883476e+05            6.47396976e+00            9.93546941e-01            1.00649497e+00     1.000580257322500e+04     1.000648293917464e+04     1.000716362697016e+04     1.000784407481390e+04     1.000852457752056e+04     1.001124658181612e+04
   26800           -1.16957344e+05            1.24581850e+01            9.87619097e-01            1.01253611e+00     9.893907373497310e+03     9.895343350120360e+03     9.896779669342939e+03     9.898215727378818e+03     9.899651847453117e+03     9.905396321408924e+03
   27000           -1.16725598e+05            8.30456195e+00            9.91729826e-01            1.00833914e+00     9.957592796549716e+03     9.958500599296347e+03     9.959408748214955e+03     9.960316613015690e+03     9.961224553947497e+03     9.964856311345280e+03
   27200           -1.16926426e+05            6.47268874e+00            9.93548214e-01            1.00649368e+00     9.988221366070367e+03     9.988906387992300e+03     9.989591776218565e+03     9.990276897951730e+03     9.990962076839578e+03     9.993702787608790e+03
   27400           -1.17157672e+05            7.14698888e+00            9.92878490e-01            1.00717259e+00     9.945384690760868e+03     9.946155831968286e+03     9.946927347052073e+03     9.947698590318067e+03     9.948469892752722e+03     9.951555094744579e+03
   27600           -1.17235908e+05            1.04331217e+01            9.89621115e-01            1.01048774e+00     9.918868828763954e+03     9.920056566974336e+03     9.921244659021328e+03     9.922432487807710e+03     9.923620376322444e+03     9.928371923880934e+03
   27800           -1.17221640e+05            1.33623968e+01            9.86726484e-01            1.01345207e+00     9.884232382989658e+03     9.885774314451082e+03     9.887316557943113e+03     9.888858569720391e+03     9.890400633931402e+03     9.896568884873148e+03
   28000           -1.16941481e+05            1.09760059e+01            9.89084011e-01            1.01103646e+00     9.939035942752846e+03     9.940281736209825e+03     9.941527939363234e+03     9.942773831975799e+03     9.944019797209714e+03     9.949003651666582e+03
   28200           -1.17228158e+05            1.06187751e+01            9.89437405e-01            1.01067535e+00     9.891008493832769e+03     9.892215796409806e+03     9.893423389221338e+03     9.894630758073477e+03     9.895838181534635e+03     9.900667869236500e+03
   28400           -1.17187789e+05            1.22992199e+01            9.87776106e-01            1.01237517e+00     9.937235156426706e+03     9.938645449781698e+03     9.940056022797216e+03     9.941466379972000e+03     9.942876790190614e+03     9.948518423954521e+03
   28600           -1.16818359e+05            1.58176272e+01            9.84306815e-01            1.01594339e+00     9.991996757879733e+03     9.993843133633454e+03     9.995689868215059e+03     9.997536324830158e+03     9.999382849966161e+03     1.000676894205259e+04
   28800           -1.17112464e+05            1.29381326e+01            9.87145205e-01            1.01302219e+00     9.939277171161873e+03     9.940767212947174e+03     9.942257561520904e+03     9.943747667801415e+03     9.945237835243699e+03     9.951198499325525e+03
   29000           -1.17337942e+05            1.27272505e+01            9.87353398e-01            1.01280859e+00     9.958358438635054e+03     9.959824318980644e+03     9.961290555020752e+03     9.962756538249325e+03     9.964222573970630e+03     9.970086709306204e+03
   29200           -1.17210851e+05            7.60266473e+00            9.92426162e-01            1.00763164e+00     1.002482072128217e+04     1.002564071475488e+04     1.002646100452269e+04     1.002728106366862e+04     1.002810118017159e+04     1.003138163906101e+04
   29400           -1.17164515e+05            3.20974598e+01            9.68412196e-01            1.03261814e+00     9.910694365579366e+03     9.914586549971027e+03     9.918479017290991e+03     9.922371256561244e+03     9.926263555245843e+03     9.941832744912321e+03
   29600           -1.17242007e+05            2.27405510e+01            9.77516066e-01            1.02300109e+00     9.838872168536474e+03     9.841592949971098e+03     9.844314017506213e+03     9.847034869263787e+03     9.849755771513361e+03     9.860639374490249e+03
   29800           -1.17570465e+05            8.05525579e+00            9.91977101e-01            1.00808779e+00     9.894224302612247e+03     9.895108594205132e+03     9.895993184198960e+03     9.896877526679062e+03     9.897761937416513e+03     9.901299572220780e+03
   30000           -1.17403587e+05            1.01338246e+01            9.89917350e-01            1.01018535e+00     1.001897265220685e+04     1.002010946937856e+04     1.002124653390943e+04     1.002238338003186e+04     1.002352029087503e+04     1.002806792954322e+04
   30200           -1.17176138e+05            1.42102806e+01            9.85890209e-01            1.01431173e+00     9.915375953739778e+03     9.917036512198554e+03     9.918697411258558e+03     9.920358052053885e+03     9.922018754088622e+03     9.928661554437464e+03
   30400           -1.17118502e+05            1.01012747e+01            9.89949572e-01            1.01015246e+00     9.925142607443944e+03     9.926280344081000e+03     9.927418445510970e+03     9.928556263277158e+03     9.929694151050937e+03     9.934245694657930e+03
   30600           -1.17073095e+05            6.97016036e+00            9.93054075e-01            1.00699451e+00     1.000201907544991e+04     1.000276436414974e+04     1.000351002939333e+04     1.000425540954766e+04     1.000500085664030e+04     1.000798263783069e+04
   30800           -1.17049592e+05            1.00253065e+01            9.90024779e-01            1.01007573e+00     9.964000129296370e+03     9.965123888274387e+03     9.966247988931940e+03     9.967371822734218e+03     9.968495723388463e+03     9.972991317480559e+03
   31000           -1.16882880e+05            1.09932301e+01            9.89066975e-01            1.01105388e+00     9.944089118218386e+03     9.945338842626217e+03     9.946588892070038e+03     9.947838695940189e+03     9.949088557218916e+03     9.954087996219449e+03
   31200           -1.16835105e+05            9.30056901e+00            9.90742548e-01            1.00934395e+00     1.001289139323283e+04     1.001392463327694e+04     1.001495820740166e+04     1.001599152282151e+04     1.001702490192337e+04     1.002115841061392e+04
   31400           -1.16981301e+05            1.59367747e+01            9.84189544e-01            1.01606444e+00     1.005728939007000e+04     1.005916006353271e+04     1.006103109912095e+04     1.006290186339023e+04     1.006477269007802e+04     1.007225599008604e+04
   31600           -1.16854309e+05            1.36661396e+01            9.86426818e-01            1.01375995e+00     1.003195533215151e+04     1.003353821055338e+04     1.003512138035168e+04     1.003670433312379e+04     1.003828733619392e+04     1.004461934023634e+04
   31800           -1.16518365e+05            1.10939342e+01            9.88967377e-01            1.01115570e+00     9.937997792752902e+03     9.939266377020860e+03     9.940535267954783e+03     9.941803908298945e+03     9.943072615337114e+03     9.948147437921327e+03
   32000           -1.17025677e+05            1.03491699e+01            9.89704199e-01            1.01040291e+00     9.915736223511387e+03     9.916909842185136e+03     9.918083809151631e+03     9.919257518269767e+03     9.920431285539495e+03     9.925126347567604e+03
   32200           -1.17098905e+05            9.11666177e+00            9.90924769e-01            1.00915835e+00     9.954495146783212e+03     9.955508741448471e+03     9.956522672401736e+03     9.957536344001568e+03     9.958550078528453e+03     9.962605010273695e+03
   32400           -1.17011133e+05            1.14389611e+01            9.88626215e-01            1.01150464e+00     1.005066616943971e+04     1.005197333266924e+04     1.005328080479603e+04     1.005458804218485e+04     1.005589533589423e+04     1.006112450234875e+04
   32600           -1.17145204e+05            8.56299711e+00            9.91473561e-01            1.00859976e+00     9.953361063603703e+03     9.954314054047883e+03     9.955267375968020e+03     9.956220443409595e+03     9.957173571899217e+03     9.960986080194729e+03
   32800           -1.17114379e+05            1.02479266e+01            9.89804404e-01            1.01030062e+00     9.928087567256196e+03     9.929248751800453e+03     9.930410345838025e+03     9.931571641370108e+03     9.932733001451184e+03     9.937378435646173e+03
   33000           -1.17170937e+05            1.27119859e+01            9.87368470e-01            1.01279313e+00     9.955117087247037e+03     9.956588613629821e+03     9.958060468865977e+03     9.959532075315947e+03     9.961003740300592e+03     9.966890393354144e+03
   33200           -1.17222420e+05            8.76906272e+00            9.91269273e-01            1.00880762e+00     9.951356859789526e+03     9.952326817704728e+03     9.953297066284553e+03     9.954267066991559e+03     9.955237138077990e+03     9.959117416366453e+03
   33400           -1.16886009e+05            1.64107779e+01            9.83723145e-01            1.01654617e+00     9.972742153157649e+03     9.974673064920778e+03     9.976604280610796e+03     9.978535246937397e+03     9.980466280507249e+03     9.988190407856850e+03
   33600           -1.16902686e+05            1.20295685e+01            9.88042497e-01            1.01210221e+00     9.964928928014086e+03     9.966311227233442e+03     9.967693914329220e+03     9.969076311368044e+03     9.970458774879859e+03     9.975988621745631e+03
   33800           -1.17006085e+05            6.30125728e+00            9.93718554e-01            1.00632115e+00     9.976791388811143e+03     9.977449137923662e+03     9.978107230012074e+03     9.978765057910919e+03     9.979422950347182e+03     9.982054511883220e+03
   34000           -1.17201900e+05            9.28812875e+00            9.90754873e-01            1.00933140e+00     9.875815896070020e+03     9.876852998942066e+03     9.877890440064573e+03     9.878927634313319e+03     9.879964883110593e+03     9.884113870151166e+03
   34200           -1.17032030e+05            1.09450584e+01            9.89114621e-01            1.01100517e+00     1.004414890692402e+04     1.004539057068413e+04     1.004663256990784e+04     1.004787432090952e+04     1.004911612777327e+04     1.005408334862253e+04
   34400           -1.17036854e+05            2.18816093e+01            9.78356056e-01            1.02212277e+00     9.958720063548319e+03     9.961333723325470e+03     9.963947746470738e+03     9.966561501010350e+03     9.969175315481059e+03     9.979630567413798e+03
   34600           -1.16787166e+05            1.15422202e+01            9.88524136e-01            1.01160909e+00     1.001563343558693e+04     1.001694839260294e+04     1.001826368265113e+04     1.001957871883897e+04     1.002089381532531e+04     1.002615419506369e+04
   34800           -1.16982692e+05            7.86022153e+00            9.92170589e-01            1.00789119e+00     1.006582996077379e+04     1.006668381822655e+04     1.006753804881790e+04     1.006839200809597e+04     1.006924602568600e+04     1.007266209059820e+04
   35000           -1.17131865e+05            1.94997108e+01            9.80689179e-01            1.01969107e+00     9.994537968087976e+03     9.996850403090952e+03     9.999163226203334e+03     1.000147576162166e+04     1.000378836107522e+04     1.001303875406246e+04
   35200           -1.17044882e+05            6.09712698e+00            9.93921423e-01            1.00611575e+00     9.970357299987403e+03     9.970992245047575e+03     9.971627512419596e+03     9.972262525973090e+03     9.972897603579735e+03     9.975437907172065e+03
   35400           -1.16977298e+05            7.06031401e+00            9.92964551e-01            1.00708530e+00     9.909183892435583e+03     9.909945920455024e+03     9.910708264319470e+03     9.911470365576703e+03     9.912232525636695e+03     9.915281158837808e+03
   35600           -1.16849621e+05            3.05423829e+00            9.96950421e-01            1.00305891e+00     1.002719928389902e+04     1.002745420893359e+04     1.002770940601183e+04     1.002796438138027e+04     1.002821941614812e+04     1.002923954839722e+04
   35800           -1.17145211e+05            1.83363609e+00            9.98168044e-01            1.00183532e+00     1.005042714634404e+04     1.005053024944213e+04     1.005063366621068e+04     1.005073683989953e+04     1.005084007388573e+04     1.005125300142742e+04
   36000           -1.17258670e+05            3.08250634e+00            9.96922240e-01            1.00308726e+00     9.979600668158697e+03     9.979859571703186e+03     9.980118765434378e+03     9.980377722571742e+03     9.980636743373574e+03     9.981672818588453e+03
   36200           -1.17208381e+05            2.83779892e+00            9.97166224e-01            1.00284183e+00     9.935863297388085e+03     9.936093750849481e+03     9.936324550025845e+03     9.936555112642545e+03     9.936785720007440e+03     9.937708142626792e+03
   36400           -1.17194057e+05            5.88224286e+00            9.94135024e-01            1.00589958e+00     9.929155780688909e+03     9.929771717466323e+03     9.930388088923408e+03     9.931004158585574e+03     9.931620286507610e+03     9.934084792326314e+03
   36600           -1.17211480e+05            2.76442849e+00            9.97239389e-01            1.00276825e+00     9.910760023754881e+03     9.910981385229255e+03     9.911203120140910e+03     9.911424585226723e+03     9.911646107728580e+03     9.912532191702279e+03
   36800           -1.17059306e+05            3.25860583e+00            9.96746698e-01            1.00326392e+00     9.920448064854159e+03     9.920741360647044e+03     9.921034876689097e+03     9.921328196066557e+03     9.921621575567777e+03     9.922795086281394e+03
   37000           -1.17165755e+05            5.90323783e+00            9.94114152e-01            1.00592070e+00     9.924548135754587e+03     9.925159611005896e+03     9.925771459604875e+03     9.926383045923541e+03     9.926994684609479e+03     9.929441233464373e+03
   37200           -1.17345783e+05            6.88194444e+00            9.93141682e-01            1.00690568e+00     9.989964804092586e+03     9.990695406764022e+03     9.991426344298667e+03     9.992157022056099e+03     9.992887763973467e+03     9.995810723854349e+03
   37400           -1.17236150e+05            3.99243474e+00            9.96015524e-01            1.00400042e+00     1.005559199031652e+04     1.005596037929674e+04     1.005632910471729e+04     1.005669756652762e+04     1.005706609447667e+04     1.005854019863682e+04
   37600           -1.17265760e+05            9.18527597e+00            9.90856780e-01            1.00922759e+00     1.002948816336755e+04     1.003051158461933e+04     1.003153530300856e+04     1.003255878460961e+04     1.003358232663462e+04     1.003767648990170e+04
   37800           -1.17318443e+05            1.01893390e+01            9.89862396e-01            1.01024143e+00     9.981932203032356e+03     9.983075646245570e+03     9.984219435260375e+03     9.985362967690691e+03     9.986506558451074e+03     9.991080913869791e+03
   38000           -1.17220239e+05            8.01295025e+00            9.92019068e-01            1.00804514e+00     9.926690538113655e+03     9.927573899213092e+03     9.928457601917387e+03     9.929341048791413e+03     9.930224554796021e+03     9.933758571478387e+03
   38200           -1.17267457e+05            1.20204030e+01            9.88051553e-01            1.01209294e+00     1.005050843606998e+04     1.005188455138922e+04     1.005326099671480e+04     1.005463717561001e+04     1.005601342402010e+04     1.006151841197021e+04
   38400           -1.17492673e+05            8.06114716e+00            9.91971257e-01            1.00809373e+00     9.865521874134749e+03     9.866408586145544e+03     9.867295642111965e+03     9.868182430143313e+03     9.869069284360528e+03     9.872616694586310e+03
   38600           -1.17186657e+05            5.10955894e+00            9.94903473e-01            1.00512264e+00     9.994199546589944e+03     9.994708980060806e+03     9.995218686486389e+03     9.995728173645899e+03     9.996237718289409e+03     9.998275889988876e+03
   38800           -1.17079666e+05            7.62052097e+00            9.92408442e-01            1.00764963e+00     1.000874790744056e+04     1.000956736271158e+04     1.001038715612851e+04     1.001120668250050e+04     1.001202627632783e+04     1.001530464521509e+04
   39000           -1.16909675e+05            3.11118280e+00            9.96893652e-01            1.00311603e+00     1.006382375621573e+04     1.006407901491362e+04     1.006433455904291e+04     1.006458989079974e+04     1.006484527116098e+04     1.006586678610623e+04
   39200           -1.16823439e+05            6.18571658e+00            9.93833376e-01            1.00620489e+00     1.004151517105404e+04     1.004216294013675e+04     1.004281105085120e+04     1.004345891013672e+04     1.004410682536271e+04     1.004669847967139e+04
   39400           -1.17004377e+05            4.49751704e+00            9.95512582e-01            1.00450765e+00     9.986003005012099e+03     9.986436555050117e+03     9.986870478618011e+03     9.987304120004355e+03     9.987737827713965e+03     9.989472650415833e+03
   39600           -1.17119993e+05            6.37120168e+00            9.93649051e-01            1.00639154e+00     9.961920978266609e+03     9.962589586351984e+03     9.963258483724976e+03     9.963927160491859e+03     9.964595889991164e+03     9.967270801715720e+03
   39800           -1.17047261e+05            5.50710584e+00            9.94508030e-01            1.00552230e+00     1.001917420069656e+04     1.001973748668471e+04     1.002030114046174e+04     1.002086451904230e+04     1.002142796081875e+04     1.002368172094095e+04
   40000           -1.16828736e+05            7.77638711e+00            9.92253771e-01            1.00780670e+00     9.938523884397611e+03     9.939375559009875e+03     9.940227583127602e+03     9.941079338311109e+03     9.941931158972560e+03     9.945338433547508e+03
   40200           -1.17173847e+05            5.65290813e+00            9.94363039e-01            1.00566892e+00     9.904361196792555e+03     9.904939047911870e+03     9.905517244949267e+03     9.906095171828145e+03     9.906673166015255e+03     9.908985135237954e+03
   40400           -1.17268813e+05            8.09558234e+00            9.91937099e-01            1.00812844e+00     1.000803156531252e+04     1.000891725509977e+04     1.000980324086551e+04     1.001068900105477e+04     1.001157481484867e+04     1.001511806438481e+04
   40600           -1.17367515e+05            6.89844991e+00            9.93125290e-01            1.00692230e+00     9.991464283211568e+03     9.992209985748832e+03     9.992955990629875e+03     9.993701763947240e+03     9.994447593168763e+03     9.997430903125956e+03
   40800           -1.17318906e+05            6.12804913e+00            9.93890689e-01            1.00614686e+00     9.994694799437479e+03     9.995342245012020e+03     9.995990019687853e+03     9.996637543812933e+03     9.997285127483785e+03     9.999875455530091e+03
   41000           -1.17066566e+05            2.82312172e+00            9.97180860e-01            1.00282711e+00     9.983436954897674e+03     9.983668260757495e+03     9.983899851051066e+03     9.984131219396613e+03     9.984362643077764e+03     9.985288331257852e+03
   41200           -1.16976836e+05            4.23626960e+00            9.95772691e-01            1.00424526e+00     9.949906400416772e+03     9.950315272847572e+03     9.950724493212676e+03     9.951133456530310e+03     9.951542478070478e+03     9.953178555724182e+03
   41400           -1.16991452e+05            5.36159420e+00            9.94652753e-01            1.00537599e+00     9.991430334922341e+03     9.991974837500033e+03     9.992519666051632e+03     9.993064242385733e+03     9.993608880425207e+03     9.995787425928072e+03
   41600           -1.16920103e+05            6.91272970e+00            9.93111108e-01            1.00693668e+00     9.941428646995582e+03     9.942172904417017e+03     9.942917481653172e+03     9.943661822425995e+03     9.944406216485340e+03     9.947383785975098e+03
   41800           -1.17143151e+05            9.82006878e+00            9.90227991e-01            1.00986844e+00     1.007823338661581e+04     1.007933137038761e+04     1.008042967834840e+04     1.008152773689582e+04     1.008262585547590e+04     1.008701832433599e+04
   42000           -1.17161862e+05            3.52343624e+00            9.96482764e-01            1.00352965e+00     9.968739755357392e+03     9.969062468230713e+03     9.969385525083557e+03     9.969708316033604e+03     9.970031171745468e+03     9.971322588133542e+03
   42200           -1.17108674e+05            3.80613412e+00            9.96201100e-01            1.00381339e+00     1.005557080868335e+04     1.005591749671007e+04     1.005626456187795e+04     1.005661135339551e+04     1.005695820402797e+04     1.005834559937259e+04
   42400           -1.17130090e+05            3.97769650e+00            9.96030204e-01            1.00398562e+00     1.003366562187545e+04     1.003403597973749e+04     1.003440666102852e+04     1.003477710155942e+04     1.003514759709436e+04     1.003662957231328e+04
   42600           -1.17230387e+05            4.71012233e+00            9.95300953e-01            1.00472123e+00     9.969771595291169e+03     9.970236019902213e+03     9.970700758267361e+03     9.971165250913597e+03     9.971629805049393e+03     9.973488014807617e+03
   42800           -1.17136448e+05            5.82432192e+00            9.94192607e-01            1.00584132e+00     1.000297862649537e+04     1.000358476172327e+04     1.000419127385934e+04     1.000479751625544e+04     1.000540381486233e+04     1.000782900322929e+04
   43000           -1.17041287e+05            7.90613048e+00            9.92125041e-01            1.00793747e+00     9.994235443138125e+03     9.995100484210450e+03     9.995965846856836e+03     9.996830951361064e+03     9.997696122779891e+03     1.000115680242166e+04
   43200           -1.17014109e+05            6.05255559e+00            9.93965724e-01            1.00607091e+00     9.937990466325131e+03     9.938629819505031e+03     9.939269556421377e+03     9.939909026964850e+03     9.940548549344658e+03     9.943106632364184e+03
   43400           -1.16957616e+05            7.88628894e+00            9.92144726e-01            1.00791747e+00     9.949913866971330e+03     9.950771222162663e+03     9.951628934105913e+03     9.952486373664959e+03     9.953343878008971e+03     9.956773889046610e+03
   43600           -1.16831979e+05            3.93972183e+00            9.96068029e-01            1.00394749e+00     1.002377847357960e+04     1.002414134100474e+04     1.002450456204845e+04     1.002486753219491e+04     1.002523055446745e+04     1.002668263535530e+04
   43800           -1.16855597e+05            6.74588286e+00            9.93276820e-01            1.00676869e+00     9.998761065380320e+03     9.999472117282952e+03     1.000018348741122e+04     1.000089462032269e+04     1.000160580740633e+04     1.000445054943234e+04
   44000           -1.16988147e+05            5.64457983e+00            9.94371321e-01            1.00566054e+00     9.982293718552233e+03     9.982880243868873e+03     9.983467064208162e+03     9.984053653099660e+03     9.984640300492229e+03     9.986986882432224e+03
   44200           -1.16927466e+05            1.54428793e+01            9.84675750e-01            1.01556274e+00     9.987401683218775e+03     9.989207654213282e+03     9.991013970038604e+03     9.992820020191875e+03     9.994626134140670e+03     1.000185058506256e+04
   44400           -1.16951117e+05            7.97511915e+00            9.92056598e-01            1.00800701e+00     1.006762181301051e+04     1.006849430216279e+04     1.006936713511835e+04     1.007023970175630e+04     1.007111233383935e+04     1.007460285466819e+04
   44600           -1.16951386e+05            7.55174894e+00            9.92476694e-01            1.00758034e+00     1.002105808796111e+04     1.002187612494648e+04     1.002269451408977e+04     1.002351264578832e+04     1.002433083383356e+04     1.002760357970601e+04
   44800           -1.17097612e+05            3.71748782e+00            9.96289413e-01            1.00372441e+00     9.916970798755494e+03     9.917312571356448e+03     9.917654650025965e+03     9.917996482350069e+03     9.918338379319450e+03     9.919705959883404e+03
   45000           -1.17074143e+05            4.08397873e+00            9.95924349e-01            1.00409233e+00     9.958259682796404e+03     9.958645162810206e+03     9.959030985826781e+03     9.959416538862097e+03     9.959802159950339e+03     9.961344637104276e+03
   45200           -1.17186547e+05            2.02190963e+00            9.97980133e-01            1.00202396e+00     9.859658134795587e+03     9.859792771410992e+03     9.859927751094887e+03     9.860062480362347e+03     9.860197264629560e+03     9.860736394463533e+03
   45400           -1.17075204e+05            2.97683384e+00            9.97027593e-01            1.00298127e+00     9.960008136862616e+03     9.960255886818850e+03     9.960503997457892e+03     9.960751850630535e+03     9.960999757570609e+03     9.961991378278602e+03
   45600           -1.17312209e+05            1.05227837e+01            9.89532387e-01            1.01057834e+00     9.982414334429563e+03     9.983604591359348e+03     9.984795233999983e+03     9.985985596024249e+03     9.987176018762208e+03     9.991937703094853e+03
   45800           -1.17071625e+05            3.84568133e+00            9.96161704e-01            1.00385309e+00     1.001478396906408e+04     1.001513617939417e+04     1.001548876780932e+04     1.001584107362025e+04     1.001619344366953e+04     1.001760291827498e+04
   46000           -1.17251926e+05            3.54177094e+00            9.96464494e-01            1.00354805e+00     9.940796986176920e+03     9.941117757503303e+03     9.941438871996748e+03     9.941759733094323e+03     9.942080651121063e+03     9.943364316065208e+03
   46200           -1.17198553e+05            4.77864690e+00            9.95232753e-01            1.00479008e+00     9.972392535788989e+03     9.972857339226468e+03     9.973322458986870e+03     9.973787334888118e+03     9.974252270267967e+03     9.976112004746947e+03
   46400           -1.17475816e+05            2.96443379e+00            9.97039956e-01            1.00296883e+00     9.971915513901959e+03     9.972160557052415e+03     9.972405926024441e+03     9.972651053241303e+03     9.972896234808795e+03     9.973876955715630e+03
   46600           -1.17301447e+05            3.87280291e+00            9.96134687e-01            1.00388031e+00     9.980743032691531e+03     9.981109646882984e+03     9.981476630165636e+03     9.981843346546719e+03     9.982210120382675e+03     9.983677208073821e+03
   46800           -1.17291844e+05            4.74267140e+00            9.95268557e-01            1.00475394e+00     9.875597536099252e+03     9.876071251653029e+03     9.876545335357105e+03     9.877019143425630e+03     9.877493014477961e+03     9.879388492856669e+03
   47000           -1.17165343e+05            3.62096019e+00            9.96385588e-01            1.00362752e+00     1.005428621048002e+04     1.005461031941737e+04     1.005493478102342e+04     1.005525896304389e+04     1.005558321630366e+04     1.005688022212730e+04
   47200           -1.17060538e+05            4.25694740e+00            9.95752101e-01            1.00426602e+00     9.933816408047294e+03     9.934220742100910e+03     9.934625443313140e+03     9.935029876851704e+03     9.935434369219072e+03     9.937052330390849e+03
   47400           -1.17115998e+05            3.74273012e+00            9.96264265e-01            1.00374974e+00     9.885288427000864e+03     9.885635738316290e+03     9.885983386845692e+03     9.886330777144771e+03     9.886678229456882e+03     9.888068031912901e+03
   47600           -1.17110606e+05            5.42743734e+00            9.94587265e-01            1.00544219e+00     1.009572232895191e+04     1.009627131935247e+04     1.009682064683858e+04     1.009736972756629e+04     1.009791886288062e+04     1.010011539680932e+04
   47800           -1.17355596e+05            3.63656902e+00            9.96370035e-01            1.00364319e+00     1.004331562045247e+04     1.004364603036975e+04     1.004397678198747e+04     1.004430726888281e+04     1.004463782042236e+04     1.004596002039224e+04
   48000           -1.17021945e+05            5.55758378e+00            9.94457831e-01            1.00557306e+00     1.007538982009302e+04     1.007595401067213e+04     1.007651854564597e+04     1.007708282843964e+04     1.007764716697663e+04     1.007990451386025e+04
   48200           -1.17256384e+05            7.39153570e+00            9.92635715e-01            1.00741892e+00     9.914407137516682e+03     9.915209071474334e+03     9.916011350913965e+03     9.916813370873217e+03     9.917615450984604e+03     9.920823764452523e+03
   48400           -1.17215785e+05            9.04989586e+00            9.90990931e-01            1.00909097e+00     1.002225827436538e+04     1.002326489994529e+04     1.002427178210820e+04     1.002527844778107e+04     1.002628517464854e+04     1.003031207493171e+04
   48600           -1.16946578e+05            1.58787206e+01            9.84246682e-01            1.01600546e+00     1.005356780868644e+04     1.005542444514884e+04     1.005728142368206e+04     1.005913813169647e+04     1.006099490874334e+04     1.006842200880025e+04
   48800           -1.17011026e+05            3.21721772e+00            9.96787952e-01            1.00322240e+00     9.950791936871061e+03     9.951072676088088e+03     9.951353734809187e+03     9.951634549244896e+03     9.951915422204549e+03     9.953038907538035e+03
   49000           -1.17215631e+05            8.30774542e+00            9.91726669e-01            1.00834235e+00     1.001597745052399e+04     1.001688921985170e+04     1.001780131601357e+04     1.001871315950238e+04     1.001962506484302e+04     1.002327267916204e+04
   49200           -1.17018214e+05            3.09267647e+00            9.96912101e-01            1.00309746e+00     9.926944960020715e+03     9.927208505528530e+03     9.927472430743332e+03     9.927736086622204e+03     9.927999797960547e+03     9.929054635900378e+03
   49400           -1.17246185e+05            6.51772490e+00            9.93503469e-01            1.00653901e+00     9.937147788001770e+03     9.937836153789111e+03     9.938524845147114e+03     9.939213286598060e+03     9.939901788416206e+03     9.942655788830640e+03
   49600           -1.16878149e+05            3.52347544e+00            9.96482725e-01            1.00352969e+00     9.916587535476938e+03     9.916911402652699e+03     9.917235636637597e+03     9.917559591693032e+03     9.917883612607260e+03     9.919179689737581e+03
   49800           -1.16835759e+05            6.94182336e+00            9.93082215e-01            1.00696597e+00     9.917838935196902e+03     9.918585143221846e+03     9.919331676106549e+03     9.920077960877885e+03     9.920824305039670e+03     9.923809674882441e+03
   50000           -1.16923821e+05            5.22139213e+00            9.94792216e-01            1.00523505e+00     1.002843598929641e+04     1.002895925953709e+04     1.002948288361437e+04     1.003000625985478e+04     1.003052968582532e+04     1.003262338235422e+04
