#This file was generated on Mon Feb 10 21:29:50 2025
#Using the somd command, of the molecular library Sire version <2024.4.0.dev> 
#For more information visit: https://github.com/openbiosim/sire
#
#General information on simulation parameters:
#Simulation used 50000 moves, 1 cycles and 200 ps of simulation time
#Generating lambda is		 0.12500
#Alchemical array is		 (0.0, 0.125, 0.25, 0.375, 0.5, 1.0)
#Generating temperature is 	25°C
#Energy was saved every 200 steps 
#
#
#   [step]               [potential]                [gradient]      [forward Metropolis]     [backward Metropolis]                   [u_kl]
     200           -1.36921378e+05            5.40920290e+00            9.93145691e-01            1.00394827e+00     2.418561105038187e+04     2.418596631523618e+04     2.418632245032800e+04     2.418667798160970e+04     2.418703362682291e+04     2.418845620326394e+04
     400           -1.32898092e+05            1.32985100e+01            9.85352476e-01            1.01191155e+00     2.422100348395076e+04     2.422234801452250e+04     2.422369338316182e+04     2.422503815598345e+04     2.422638304794145e+04     2.423176261193214e+04
     600           -1.30656790e+05            4.76145613e+00            9.93749864e-01            1.00325846e+00     2.415107273201447e+04     2.415134643903535e+04     2.415162099887657e+04     2.415189497264332e+04     2.415216905412789e+04     2.415326537624132e+04
     800           -1.29300946e+05            5.65901824e+00            9.92940590e-01            1.00424257e+00     2.421824599412538e+04     2.421863009446130e+04     2.421901499777356e+04     2.421939932065415e+04     2.421978376408694e+04     2.422132153404850e+04
    1000           -1.28145123e+05            3.70374051e+00            9.94850405e-01            1.00224710e+00     2.414512804816233e+04     2.414527472054067e+04     2.414542222098314e+04     2.414556915579423e+04     2.414571619311363e+04     2.414630433806494e+04
    1200           -1.27736054e+05            3.16896897e+00            9.95373553e-01            1.00170220e+00     2.411144233484547e+04     2.411152016666286e+04     2.411159884221713e+04     2.411167690650200e+04     2.411175509868109e+04     2.411206786251672e+04
    1400           -1.27340717e+05            8.20247968e+00            9.90339500e-01            1.00671997e+00     2.428275559888714e+04     2.428346085682335e+04     2.428416693111166e+04     2.428487243521221e+04     2.428557804861891e+04     2.428840049835069e+04
    1600           -1.27092972e+05            4.47182919e+00            9.94002997e-01            1.00293289e+00     2.428530160500233e+04     2.428554419180734e+04     2.428578765111701e+04     2.428603049484927e+04     2.428627345945482e+04     2.428724531390731e+04
    1800           -1.26859030e+05            7.41415558e+00            9.91187600e-01            1.00599475e+00     2.413917670814387e+04     2.413978100573394e+04     2.414038617824813e+04     2.414099074621934e+04     2.414159542686063e+04     2.414401414557737e+04
    2000           -1.27098138e+05            4.35511932e+00            9.94199530e-01            1.00289707e+00     2.425355385161091e+04     2.425377743008694e+04     2.425400187499505e+04     2.425422570212360e+04     2.425444965392341e+04     2.425534545623590e+04
    2200           -1.27160208e+05            5.47935348e+00            9.93077927e-01            1.00402063e+00     2.418890131468633e+04     2.418925999304656e+04     2.418961950356608e+04     2.418997841349246e+04     2.419033744800199e+04     2.419177358131764e+04
    2400           -1.26961649e+05            8.07506423e+00            9.90426387e-01            1.00655176e+00     2.425676606374662e+04     2.425745528024622e+04     2.425814542848560e+04     2.425883491318538e+04     2.425952453099019e+04     2.426228299823378e+04
    2600           -1.26932536e+05            4.33818577e+00            9.94230382e-01            1.00289422e+00     2.422278211307140e+04     2.422300696275834e+04     2.422323267663115e+04     2.422345778022585e+04     2.422368300421818e+04     2.422458389536495e+04
    2800           -1.26872770e+05            5.17753406e+00            9.93385716e-01            1.00372574e+00     2.422437711780722e+04     2.422470479082390e+04     2.422503323835682e+04     2.422536115739878e+04     2.422568917202798e+04     2.422700122624874e+04
    3000           -1.26811204e+05            4.12408909e+00            9.94461534e-01            1.00269795e+00     2.419543064490809e+04     2.419562608400406e+04     2.419582236100929e+04     2.419601804344690e+04     2.419621384405307e+04     2.419699704319805e+04
    3200           -1.26862119e+05            4.70191331e+00            9.93798489e-01            1.00318808e+00     2.421009133219460e+04     2.421036124968413e+04     2.421063207820161e+04     2.421090227451532e+04     2.421117259000421e+04     2.421225384781382e+04
    3400           -1.26844180e+05            6.41775412e+00            9.92152925e-01            1.00496979e+00     2.415916638614130e+04     2.415964571647428e+04     2.416012590634834e+04     2.416060552210526e+04     2.416108523557877e+04     2.416300408501624e+04
    3600           -1.26911490e+05            3.72933932e+00            9.94810362e-01            1.00225807e+00     2.415360910772704e+04     2.415375528181013e+04     2.415390236569051e+04     2.415404884361241e+04     2.415419542339379e+04     2.415478173906053e+04
    3800           -1.27028725e+05            8.35254896e+00            9.90222765e-01            1.00690347e+00     2.420908240367959e+04     2.420980164065531e+04     2.421052176053641e+04     2.421124126339738e+04     2.421196088498101e+04     2.421483936628243e+04
    4000           -1.26858495e+05            7.28550084e+00            9.91253135e-01            1.00580243e+00     2.423080918841986e+04     2.423139592720874e+04     2.423198356154992e+04     2.423257056676907e+04     2.423315769442988e+04     2.423550620043989e+04
    4200           -1.26557980e+05            8.28266460e+00            9.90342808e-01            1.00688480e+00     2.415471604975375e+04     2.415543497389729e+04     2.415615470050339e+04     2.415687384323833e+04     2.415759310895982e+04     2.416047016816589e+04
    4400           -1.26764387e+05            4.19129874e+00            9.94282743e-01            1.00265245e+00     2.419734141364003e+04     2.419753546768869e+04     2.419773037722209e+04     2.419792468178977e+04     2.419811910632492e+04     2.419889679900982e+04
    4600           -1.26833392e+05            8.03578926e+00            9.90520273e-01            1.00656811e+00     2.420795799662664e+04     2.420864202917601e+04     2.420932695796470e+04     2.421001126102617e+04     2.421069568379601e+04     2.421343337096539e+04
    4800           -1.26553387e+05            3.82643134e+00            9.94720526e-01            1.00236219e+00     2.431798673419118e+04     2.431814575856417e+04     2.431830561915875e+04     2.431846488810009e+04     2.431862427462940e+04     2.431926181506763e+04
    5000           -1.26541974e+05            9.26791523e+00            9.89307164e-01            1.00781580e+00     2.426853138464395e+04     2.426936558562574e+04     2.427020058754972e+04     2.427103503210426e+04     2.427186958251274e+04     2.427520778038154e+04
    5200           -1.26559861e+05            4.13521325e+00            9.94364149e-01            1.00262207e+00     2.426675810010874e+04     2.426694843105714e+04     2.426713968862559e+04     2.426733030572675e+04     2.426752104247206e+04     2.426828398483538e+04
    5400           -1.26591771e+05            9.28508213e+00            9.89290388e-01            1.00783331e+00     2.424836127249825e+04     2.424920097048132e+04     2.425004149373566e+04     2.425088148309127e+04     2.425172155421292e+04     2.425508183592759e+04
    5600           -1.26469563e+05            5.36861210e+00            9.93211468e-01            1.00393326e+00     2.409906845826113e+04     2.409942387696591e+04     2.409978005896478e+04     2.410013569866997e+04     2.410049144699429e+04     2.410191443572746e+04
    5800           -1.26672278e+05            4.79896123e+00            9.93710022e-01            1.00329349e+00     2.419556692524905e+04     2.419584602048452e+04     2.419612602483625e+04     2.419640541349558e+04     2.419668491133112e+04     2.419780289741319e+04
    6000           -1.26698810e+05            1.17490615e+01            9.86811090e-01            1.01027388e+00     2.420579553908567e+04     2.420694032680016e+04     2.420808607476830e+04     2.420923114993341e+04     2.421037635577961e+04     2.421495717247355e+04
    6200           -1.26672691e+05            4.51452459e+00            9.94027442e-01            1.00304321e+00     2.425796382863013e+04     2.425821187463235e+04     2.425846073681640e+04     2.425870902788440e+04     2.425895742940126e+04     2.425995103017239e+04
    6400           -1.26554918e+05            4.38502229e+00            9.94113279e-01            1.00287004e+00     2.430177781142622e+04     2.430200291624961e+04     2.430222887287478e+04     2.430245423876492e+04     2.430267971563935e+04     2.430358161985248e+04
    6600           -1.26478839e+05            7.68538756e+00            9.90861653e-01            1.00620962e+00     2.423534284558663e+04     2.423598325507689e+04     2.423662453969139e+04     2.423726521097625e+04     2.423790600028472e+04     2.424046915498281e+04
    6800           -1.26489360e+05            2.16183003e+01            9.77154810e-01            1.02033032e+00     2.423739662006068e+04     2.423978217028897e+04     2.424216861014337e+04     2.424455444759526e+04     2.424694039150669e+04     2.425648416295269e+04
    7000           -1.26558354e+05            1.61175869e+01            9.82594465e-01            1.01478461e+00     2.422348050056576e+04     2.422517590426248e+04     2.422687210284675e+04     2.422856777596980e+04     2.423026353606374e+04     2.423704657156172e+04
    7200           -1.26794170e+05            3.78310638e+00            9.94721661e-01            1.00227648e+00     2.415332594095096e+04     2.415347749093308e+04     2.415362985129629e+04     2.415378166036451e+04     2.415393356857412e+04     2.415454119619729e+04
    7400           -1.26797058e+05            5.66769480e+00            9.92883247e-01            1.00420200e+00     2.423852963514123e+04     2.423891292429853e+04     2.423929703374778e+04     2.423968056301180e+04     2.424006420726623e+04     2.424159877939122e+04
    7600           -1.27123838e+05            6.62058472e+00            9.91928442e-01            1.00515008e+00     2.411881551156785e+04     2.411932890601963e+04     2.411984309269456e+04     2.412035673723337e+04     2.412087048069404e+04     2.412292544982023e+04
    7800           -1.26708851e+05            1.15469001e+01            9.87077169e-01            1.01013779e+00     2.417282061843260e+04     2.417394775310154e+04     2.417507573886135e+04     2.417620314097624e+04     2.417733064981801e+04     2.418184068120342e+04
    8000           -1.26831785e+05            5.10636591e+00            9.93469668e-01            1.00366769e+00     2.423578727283175e+04     2.423610750175580e+04     2.423642853964511e+04     2.423674900455420e+04     2.423706958322230e+04     2.423835189361284e+04
    8200           -1.27089100e+05            8.05923140e+00            9.90520105e-01            1.00661513e+00     2.420549159152613e+04     2.420618394127000e+04     2.420687712829286e+04     2.420756973634098e+04     2.420826245249298e+04     2.421103331345983e+04
    8400           -1.26744840e+05            6.65194266e+00            9.91940005e-01            1.00522483e+00     2.429017805219374e+04     2.429068934147485e+04     2.429120138624502e+04     2.429171288684343e+04     2.429222449991570e+04     2.429427094763765e+04
    8600           -1.26513911e+05            9.51519742e+00            9.89082822e-01            1.00808570e+00     2.420269468822314e+04     2.420357020109474e+04     2.420444654456939e+04     2.420532229881046e+04     2.420619816990133e+04     2.420970165157952e+04
    8800           -1.26950587e+05            4.80900643e+00            9.93685333e-01            1.00328872e+00     2.425969886436962e+04     2.425998140200796e+04     2.426026476724146e+04     2.426054754989939e+04     2.426083044676960e+04     2.426196202916958e+04
    9000           -1.26921980e+05            5.85241769e+00            9.92685327e-01            1.00437281e+00     2.419362439949002e+04     2.419403468261590e+04     2.419444586420044e+04     2.419485643057829e+04     2.419526710929493e+04     2.419690981909986e+04
    9200           -1.26906793e+05            4.42560672e+00            9.94118898e-01            1.00295711e+00     2.415363495588004e+04     2.415387136383883e+04     2.415410862841444e+04     2.415434528436068e+04     2.415458206130809e+04     2.415552916673615e+04
    9400           -1.26832683e+05            4.35599813e+00            9.94149551e-01            1.00284842e+00     2.419852800499228e+04     2.419874937592911e+04     2.419897155988753e+04     2.419919317191977e+04     2.419941489554919e+04     2.420030178610609e+04
    9600           -1.26643152e+05            5.28775675e+00            9.93202080e-01            1.00376144e+00     2.428391599053696e+04     2.428425485958786e+04     2.428459455589639e+04     2.428493366797232e+04     2.428527289564201e+04     2.428662980074708e+04
    9800           -1.26651436e+05            3.78299098e+00            9.94792414e-01            1.00234754e+00     2.409592499648049e+04     2.409608674180066e+04     2.409624933666144e+04     2.409641133031013e+04     2.409657344341460e+04     2.409722189034870e+04
   10000           -1.26706472e+05            2.96039492e+00            9.95572752e-01            1.00148481e+00     2.409535729515524e+04     2.409540998172068e+04     2.409546351733091e+04     2.409551646447540e+04     2.409556952219662e+04     2.409578174923801e+04
   10200           -1.26868168e+05            3.94178414e+00            9.94579701e-01            1.00245153e+00     2.418438013776961e+04     2.418455072195121e+04     2.418472218028030e+04     2.418489303431570e+04     2.418506400097664e+04     2.418574786418366e+04
   10400           -1.27073363e+05            4.82830427e+00            9.93721407e-01            1.00336387e+00     2.431941698910563e+04     2.431969736084223e+04     2.431997856438566e+04     2.432025917683087e+04     2.432053990757608e+04     2.432166282604653e+04
   10600           -1.26926497e+05            3.92844115e+00            9.94605742e-01            1.00245102e+00     2.419962329240280e+04     2.419979512219859e+04     2.419996779913643e+04     2.420013989190757e+04     2.420031209350656e+04     2.420100089461033e+04
   10800           -1.26668866e+05            3.57777050e+00            9.94907357e-01            1.00205199e+00     2.431413118382428e+04     2.431425568479863e+04     2.431438109447106e+04     2.431450589779162e+04     2.431463080405714e+04     2.431513042428999e+04
   11000           -1.26639264e+05            4.16584928e+00            9.94322397e-01            1.00264140e+00     2.405353673710097e+04     2.405373742324801e+04     2.405393890643921e+04     2.405413982672532e+04     2.405434085784618e+04     2.405514497859139e+04
   11200           -1.26745573e+05            8.56705980e+00            9.90038069e-01            1.00714766e+00     2.413762195791340e+04     2.413838284722260e+04     2.413914456686303e+04     2.413990567979931e+04     2.414066692227640e+04     2.414371188663940e+04
   11400           -1.27065404e+05            3.84948284e+00            9.94685605e-01            1.00237321e+00     2.417389727236857e+04     2.417406301730823e+04     2.417422961025618e+04     2.417439560356161e+04     2.417456171507444e+04     2.417522615778032e+04
   11600           -1.26641716e+05            6.03233924e+00            9.92510116e-01            1.00455696e+00     2.417473212113082e+04     2.417517006285374e+04     2.417560894716222e+04     2.417604720680909e+04     2.417648557073500e+04     2.417823902033917e+04
   11800           -1.27019513e+05            5.69269149e+00            9.92873299e-01            1.00424214e+00     2.406392832051337e+04     2.406431791087613e+04     2.406470835081533e+04     2.406509819310566e+04     2.406548815172792e+04     2.406704798294246e+04
   12000           -1.26719506e+05            3.62657608e+00            9.94904527e-01            1.00214695e+00     2.421080481829685e+04     2.421094250300248e+04     2.421108101367833e+04     2.421121892423150e+04     2.421135696110326e+04     2.421190910390966e+04
   12200           -1.26774104e+05            4.56712663e+00            9.93973761e-01            1.00309456e+00     2.416499657033789e+04     2.416525372610844e+04     2.416551176919614e+04     2.416576921758555e+04     2.416602676773446e+04     2.416705696513103e+04
   12400           -1.27077538e+05            7.00110879e+00            9.91634776e-01            1.00561753e+00     2.428456367391308e+04     2.428511993229316e+04     2.428567696809283e+04     2.428623348434559e+04     2.428679008914628e+04     2.428901650437947e+04
   12600           -1.27033746e+05            3.67547246e+00            9.94867570e-01            1.00220773e+00     2.419470458389256e+04     2.419484027091830e+04     2.419497681407398e+04     2.419511276481986e+04     2.419524882679011e+04     2.419579306968766e+04
   12800           -1.26828333e+05            5.56323353e+00            9.92967761e-01            1.00407768e+00     2.419797941526724e+04     2.419834814306451e+04     2.419871766632581e+04     2.419908662511214e+04     2.419945569666925e+04     2.420093197807126e+04
   13000           -1.26791906e+05            4.31191341e+00            9.94203181e-01            1.00281409e+00     2.418652631357820e+04     2.418675215332027e+04     2.418697890258185e+04     2.418720501683636e+04     2.418743125294839e+04     2.418833619231857e+04
   13200           -1.26899070e+05            4.40395687e+00            9.94091880e-01            1.00288643e+00     2.421190986360576e+04     2.421214302989778e+04     2.421237709564015e+04     2.421261055431147e+04     2.421284411943309e+04     2.421377837526042e+04
   13400           -1.26680609e+05            4.43564229e+00            9.94128878e-01            1.00298731e+00     2.407702232539856e+04     2.407725824832934e+04     2.407749499544413e+04     2.407773119387866e+04     2.407796748454940e+04     2.407891264370023e+04
   13600           -1.26921586e+05            4.70940837e+00            9.93879044e-01            1.00328443e+00     2.437939305868125e+04     2.437966374001616e+04     2.437993525669449e+04     2.438020619926781e+04     2.438047724752966e+04     2.438156143637806e+04
   13800           -1.26842098e+05            3.75004619e+00            9.94785525e-01            1.00227456e+00     2.422379663898350e+04     2.422395202785325e+04     2.422410826388896e+04     2.422426393754474e+04     2.422441970495076e+04     2.422504277091803e+04
   14000           -1.27045673e+05            2.20315025e+01            9.76763119e-01            1.02076454e+00     2.407811503698620e+04     2.408055238032805e+04     2.408299056253200e+04     2.408542818580843e+04     2.408786590357699e+04     2.409761677016778e+04
   14200           -1.26804913e+05            4.97487935e+00            9.93562690e-01            1.00349774e+00     2.416206732358863e+04     2.416237261755101e+04     2.416267875186600e+04     2.416298430623921e+04     2.416328996826974e+04     2.416451261295086e+04
   14400           -1.26850862e+05            4.08564508e+00            9.94457324e-01            1.00261661e+00     2.420218783608696e+04     2.420237820637902e+04     2.420256947897997e+04     2.420276014151075e+04     2.420295091122999e+04     2.420371398637302e+04
   14600           -1.26994956e+05            7.27596656e+00            9.91274143e-01            1.00580456e+00     2.406019075385051e+04     2.406078604773415e+04     2.406138224591303e+04     2.406197783342103e+04     2.406257352825256e+04     2.406495630265460e+04
   14800           -1.26834199e+05            3.63370614e+00            9.94913553e-01            1.00217034e+00     2.415599386087490e+04     2.415613059913325e+04     2.415626816334092e+04     2.415640516039413e+04     2.415654226202209e+04     2.415709066316929e+04
   15000           -1.26820667e+05            5.28887782e+00            9.93276113e-01            1.00383851e+00     2.429189137233834e+04     2.429223541936567e+04     2.429258031200274e+04     2.429292461887282e+04     2.429326903530107e+04     2.429464669826380e+04
   15200           -1.26815136e+05            4.55183154e+00            9.94013074e-01            1.00310355e+00     2.422996760921555e+04     2.423021988797849e+04     2.423047297415345e+04     2.423072547135059e+04     2.423097809348856e+04     2.423198857776157e+04
   15400           -1.26863716e+05            5.09701049e+00            9.93436671e-01            1.00361558e+00     2.411425881342895e+04     2.411457766883935e+04     2.411489739178104e+04     2.411521650208071e+04     2.411553573327626e+04     2.411681265312358e+04
   15600           -1.26774085e+05            5.29784983e+00            9.93240016e-01            1.00382004e+00     2.423834894033196e+04     2.423869437560948e+04     2.423904067177522e+04     2.423938634901523e+04     2.423973215330246e+04     2.424111536627297e+04
   15800           -1.27141421e+05            4.09553895e+00            9.94486783e-01            1.00266615e+00     2.400061974771735e+04     2.400081831896618e+04     2.400101769161122e+04     2.400121650898875e+04     2.400141543106311e+04     2.400221111440887e+04
   16000           -1.27028514e+05            3.71597120e+00            9.94820372e-01            1.00224136e+00     2.401856647510711e+04     2.401871411895871e+04     2.401886262136867e+04     2.401901051438561e+04     2.401915852914842e+04     2.401975058318973e+04
   16200           -1.27138421e+05            4.50612933e+00            9.94082347e-01            1.00308177e+00     2.423014193597269e+04     2.423039355988389e+04     2.423064596812959e+04     2.423089780893500e+04     2.423114976798179e+04     2.423215759999090e+04
   16400           -1.26586347e+05            9.36208896e+00            9.89205231e-01            1.00790178e+00     2.425121151059770e+04     2.425205706240528e+04     2.425290346695554e+04     2.425374927426034e+04     2.425459519698268e+04     2.425797888336766e+04
   16600           -1.26702464e+05            3.75943389e+00            9.94719497e-01            1.00222685e+00     2.415208361575816e+04     2.415223400229512e+04     2.415238529968679e+04     2.415253600034078e+04     2.415268679668917e+04     2.415328997762018e+04
   16800           -1.26686378e+05            7.07933434e+00            9.91512710e-01            1.00565106e+00     2.412835670741434e+04     2.412892535428271e+04     2.412949485260338e+04     2.413006379898797e+04     2.413063283157205e+04     2.413290895572977e+04
   17000           -1.26938961e+05            6.50048670e+00            9.92034688e-01            1.00501631e+00     2.418121756535094e+04     2.418170393661100e+04     2.418219118587776e+04     2.418267784465565e+04     2.418316460628778e+04     2.418511164722461e+04
   17200           -1.26986464e+05            3.67686711e+00            9.94846250e-01            1.00218905e+00     2.413600489322300e+04     2.413614391494342e+04     2.413628387381007e+04     2.413642319707189e+04     2.413656263278591e+04     2.413712037234883e+04
   17400           -1.26843444e+05            4.36820002e+00            9.94154607e-01            1.00287799e+00     2.420140546487102e+04     2.420163322807750e+04     2.420186191046045e+04     2.420208996999608e+04     2.420231814013785e+04     2.420323081540468e+04
   17600           -1.26851369e+05            3.96127731e+00            9.94519418e-01            1.00242985e+00     2.411058957741973e+04     2.411075920404495e+04     2.411092968559037e+04     2.411109957792480e+04     2.411126958004740e+04     2.411194958267507e+04
   17800           -1.27007840e+05            2.97253286e+00            9.95580693e-01            1.00151711e+00     2.412774603548093e+04     2.412779843476359e+04     2.412785165396184e+04     2.412790429990806e+04     2.412795705637539e+04     2.412816807726986e+04
   18000           -1.26995519e+05            4.91185535e+00            9.93613004e-01            1.00342207e+00     2.432383196588870e+04     2.432412401300502e+04     2.432441689171309e+04     2.432470918331026e+04     2.432500159041821e+04     2.432617121494772e+04
   18200           -1.26745428e+05            3.93769397e+00            9.94634503e-01            1.00249856e+00     2.423472586830258e+04     2.423489861337783e+04     2.423507220852539e+04     2.423524521539198e+04     2.423541833300343e+04     2.423611079770428e+04
   18400           -1.26896939e+05            3.33987437e+00            9.95197139e-01            1.00186706e+00     2.409880006124147e+04     2.409890086365820e+04     2.409900249237074e+04     2.409910354449299e+04     2.409920470683522e+04     2.409960935242897e+04
   18600           -1.26684290e+05            4.66769271e+00            9.93885284e-01            1.00320703e+00     2.415474685026381e+04     2.415501018515584e+04     2.415527436275723e+04     2.415553795201330e+04     2.415580165402176e+04     2.415685645777971e+04
   18800           -1.26785339e+05            3.87186841e+00            9.94710283e-01            1.00244296e+00     2.420850375786597e+04     2.420866413904872e+04     2.420882538394239e+04     2.420898604852016e+04     2.420914681361782e+04     2.420978986936966e+04
   19000           -1.27000052e+05            5.06937723e+00            9.93476786e-01            1.00360064e+00     2.412834354312690e+04     2.412866133343737e+04     2.412897995373559e+04     2.412929799704634e+04     2.412961615002131e+04     2.413088875691572e+04
   19200           -1.26852336e+05            4.98387681e+00            9.93578738e-01            1.00353201e+00     2.397033063242869e+04     2.397063898600151e+04     2.397094813240084e+04     2.397125670303869e+04     2.397156539476340e+04     2.397280015709812e+04
   19400           -1.26806012e+05            5.56476289e+00            9.92938985e-01            1.00405165e+00     2.405842656464550e+04     2.405880344774164e+04     2.405918123872340e+04     2.405955841772111e+04     2.405993570343675e+04     2.406144484222799e+04
   19600           -1.27216117e+05            6.29528387e+00            9.92298366e-01            1.00487095e+00     2.405115791660266e+04     2.405163082936035e+04     2.405210456026533e+04     2.405257774042641e+04     2.405305101646411e+04     2.405494411632556e+04
   19800           -1.27020834e+05            4.29190810e+00            9.94232232e-01            1.00280327e+00     2.415634081440728e+04     2.415656052518528e+04     2.415678110290017e+04     2.415700108167149e+04     2.415722117200414e+04     2.415810152960100e+04
   20000           -1.26879934e+05            4.01186305e+00            9.94539727e-01            1.00255174e+00     2.416451225685502e+04     2.416469756482858e+04     2.416488372253691e+04     2.416506929781249e+04     2.416525497947555e+04     2.416599770209607e+04
   20200           -1.26698590e+05            5.69756274e+00            9.92805872e-01            1.00418372e+00     2.413667970794449e+04     2.413706779271187e+04     2.413745672015277e+04     2.413784505169310e+04     2.413823350114363e+04     2.413978729434276e+04
   20400           -1.27057584e+05            3.57648002e+00            9.94963841e-01            1.00210629e+00     2.408349660639691e+04     2.408362277035800e+04     2.408374982094626e+04     2.408387625885081e+04     2.408400281106464e+04     2.408450901573237e+04
   20600           -1.26938344e+05            3.60680319e+00            9.94953166e-01            1.00215632e+00     2.418768715620971e+04     2.418782467916248e+04     2.418796298807466e+04     2.418810074646846e+04     2.418823861129193e+04     2.418879006637415e+04
   20800           -1.26675174e+05            5.31494104e+00            9.93244031e-01            1.00385841e+00     2.412435727277791e+04     2.412470306148983e+04     2.412504969455693e+04     2.412539572767535e+04     2.412574188069778e+04     2.412712648861765e+04
   21000           -1.26669210e+05            3.95667112e+00            9.94646449e-01            1.00254865e+00     2.413301166085884e+04     2.413318429264642e+04     2.413335769216676e+04     2.413353053739895e+04     2.413370349802814e+04     2.413439533519745e+04
   21200           -1.26443617e+05            6.52465521e+00            9.92047078e-01            1.00507744e+00     2.415940632350839e+04     2.415990311579794e+04     2.416040076373352e+04     2.416089780425894e+04     2.416139496614593e+04     2.416338360878348e+04
   21400           -1.26739050e+05            6.00680381e+00            9.92554276e-01            1.00455035e+00     2.395755663462872e+04     2.395798589396608e+04     2.395841603994853e+04     2.395884558884314e+04     2.395927524193752e+04     2.396099384924632e+04
   21600           -1.26495849e+05            3.70383101e+00            9.94825860e-01            1.00222256e+00     2.407788875242411e+04     2.407803684097414e+04     2.407818580529061e+04     2.407833416789252e+04     2.407848264099052e+04     2.407907652955692e+04
   21800           -1.26728125e+05            4.86331133e+00            9.93664254e-01            1.00337641e+00     2.408089430376271e+04     2.408118640881723e+04     2.408147933260449e+04     2.408177166429943e+04     2.408206411921282e+04     2.408323393466292e+04
   22000           -1.26964131e+05            3.83850713e+00            9.94710400e-01            1.00237619e+00     2.412257828263211e+04     2.412273576397221e+04     2.412289403849128e+04     2.412305177579308e+04     2.412320960814110e+04     2.412384093365010e+04
   22200           -1.26719934e+05            3.75055118e+00            9.94823336e-01            1.00231367e+00     2.419563737899098e+04     2.419578444391058e+04     2.419593229536607e+04     2.419607958333608e+04     2.419622698592423e+04     2.419681659285747e+04
   22400           -1.26637176e+05            7.86327687e+00            9.90690162e-01            1.00639346e+00     2.422064729261526e+04     2.422130834884972e+04     2.422197032192482e+04     2.422263168641428e+04     2.422329315258717e+04     2.422593901255908e+04
   22600           -1.26713634e+05            4.04500372e+00            9.94524097e-01            1.00260244e+00     2.415586232694334e+04     2.415605271082598e+04     2.415624397833983e+04     2.415643462322249e+04     2.415662538964155e+04     2.415738845233975e+04
   22800           -1.26514372e+05            5.79279597e+00            9.92755933e-01            1.00432448e+00     2.439350039045578e+04     2.439390302115512e+04     2.439430650031080e+04     2.439470940153616e+04     2.439511240661994e+04     2.439672442278410e+04
   23000           -1.26854119e+05            7.43526117e+00            9.91153520e-01            1.00600262e+00     2.411762184311624e+04     2.411823536408636e+04     2.411884969197565e+04     2.411946344367630e+04     2.412007731199528e+04     2.412253278087432e+04
   23200           -1.26773965e+05            6.28916247e+00            9.92238776e-01            1.00479830e+00     2.408387880445171e+04     2.408434506086894e+04     2.408481216357991e+04     2.408527868178087e+04     2.408574530907813e+04     2.408761181370455e+04
   23400           -1.26674950e+05            4.11429938e+00            9.94430884e-01            1.00264742e+00     2.424397130524785e+04     2.424416325828392e+04     2.424435607375546e+04     2.424454828591421e+04     2.424474061471368e+04     2.424550992417951e+04
   23600           -1.26870606e+05            3.42019821e+00            9.95146224e-01            1.00197675e+00     2.412277106523328e+04     2.412287159672909e+04     2.412297300067578e+04     2.412307380493271e+04     2.412317471953715e+04     2.412357837384101e+04
   23800           -1.26906199e+05            5.22021765e+00            9.93374010e-01            1.00379960e+00     2.432627815344739e+04     2.432661292532332e+04     2.432694846947223e+04     2.432728345073650e+04     2.432761855114927e+04     2.432895894885114e+04
   24000           -1.26840644e+05            7.58448733e+00            9.90943279e-01            1.00608946e+00     2.409339835220427e+04     2.409402011031663e+04     2.409464279495348e+04     2.409526484517244e+04     2.409588701051173e+04     2.409837566881920e+04
   24200           -1.26796944e+05            6.71859321e+00            9.91853148e-01            1.00527081e+00     2.429008099745807e+04     2.429059615100382e+04     2.429111214386271e+04     2.429162755600921e+04     2.429214307715113e+04     2.429420515684418e+04
   24400           -1.27060336e+05            3.95503424e+00            9.94579840e-01            1.00247823e+00     2.401147754609950e+04     2.401164949576295e+04     2.401182226450862e+04     2.401199448620791e+04     2.401216680160704e+04     2.401285605711458e+04
   24600           -1.26908624e+05            6.88357377e+00            9.91660380e-01            1.00540712e+00     2.419216639500152e+04     2.419269877316289e+04     2.419323199147973e+04     2.419376462908152e+04     2.419429737541521e+04     2.419642835582890e+04
   24800           -1.26968484e+05            7.51928425e+00            9.91066166e-01            1.00608302e+00     2.414534089530248e+04     2.414596510891186e+04     2.414659015753609e+04     2.414721462123921e+04     2.414783919775222e+04     2.415033750020196e+04
   25000           -1.26615307e+05            6.22317691e+00            9.92306011e-01            1.00473378e+00     2.415784264018209e+04     2.415829925626890e+04     2.415875674063076e+04     2.415921360506915e+04     2.415967059440132e+04     2.416149854862056e+04
   25200           -1.26864314e+05            5.36874656e+00            9.93133302e-01            1.00385452e+00     2.401577223266651e+04     2.401612150296491e+04     2.401647169293862e+04     2.401682126945347e+04     2.401717094997549e+04     2.401856966728447e+04
   25400           -1.26797265e+05            5.19972157e+00            9.93396208e-01            1.00378088e+00     2.429927715122767e+04     2.429961399216624e+04     2.429995163421726e+04     2.430028869632799e+04     2.430062587923882e+04     2.430197460724997e+04
   25600           -1.26706756e+05            5.15361780e+00            9.93425411e-01            1.00371783e+00     2.402326542000764e+04     2.402358486399570e+04     2.402390514731780e+04     2.402422487096789e+04     2.402454468948198e+04     2.402582395895633e+04
   25800           -1.26823148e+05            4.47591325e+00            9.94069837e-01            1.00300853e+00     2.407985036516788e+04     2.408008789175731e+04     2.408032628670244e+04     2.408056408159695e+04     2.408080198846575e+04     2.408175361176362e+04
   26000           -1.26789732e+05            9.39974616e+00            9.89185525e-01            1.00795761e+00     2.417206314289842e+04     2.417291794216320e+04     2.417377353741175e+04     2.417462856974738e+04     2.417548371334863e+04     2.417890428379884e+04
   26200           -1.26774396e+05            5.42611936e+00            9.93111845e-01            1.00394802e+00     2.403227117584194e+04     2.403262815405672e+04     2.403298598494847e+04     2.403334321930296e+04     2.403370056847703e+04     2.403512996111214e+04
   26400           -1.26652010e+05            3.41788525e+00            9.95094685e-01            1.00192023e+00     2.415346126358980e+04     2.415357146101860e+04     2.415368247925908e+04     2.415379294065361e+04     2.415390350131125e+04     2.415434573903269e+04
   26600           -1.26716445e+05            3.38911621e+00            9.95092783e-01            1.00186066e+00     2.419865955039550e+04     2.419874979045296e+04     2.419884098918693e+04     2.419893152270224e+04     2.419902218163480e+04     2.419938481287410e+04
   26800           -1.26484669e+05            4.15698924e+00            9.94403505e-01            1.00270542e+00     2.417128225086541e+04     2.417148359927709e+04     2.417168581764551e+04     2.417188744403901e+04     2.417208917691298e+04     2.417289610296054e+04
   27000           -1.26844744e+05            3.46894896e+00            9.95028208e-01            1.00195562e+00     2.410452639622893e+04     2.410463993672243e+04     2.410475435509717e+04     2.410486817228062e+04     2.410498209880607e+04     2.410543780138322e+04
   27200           -1.26662848e+05            9.98361160e+00            9.88590859e-01            1.00852866e+00     2.404670832951045e+04     2.404763493081759e+04     2.404856241712697e+04     2.404948929480819e+04     2.405041628427926e+04     2.405412423904806e+04
   27400           -1.26865267e+05            3.02803270e+00            9.95517324e-01            1.00156453e+00     2.400446180783041e+04     2.400452057503552e+04     2.400458027143249e+04     2.400463932365120e+04     2.400469849750861e+04     2.400493518718682e+04
   27600           -1.26857406e+05            5.82681018e+00            9.92716741e-01            1.00435316e+00     2.411542531939673e+04     2.411584092751969e+04     2.411625746726594e+04     2.411667336612894e+04     2.411708938303357e+04     2.411875344667042e+04
   27800           -1.26925241e+05            1.07245726e+01            9.87877000e-01            1.00929500e+00     2.412881094296204e+04     2.412982912504746e+04     2.413084818933631e+04     2.413186663471053e+04     2.413288520043084e+04     2.413695945789964e+04
   28000           -1.26884929e+05            3.52320481e+00            9.95021267e-01            1.00205735e+00     2.407966427453946e+04     2.407978180384948e+04     2.407990010816857e+04     2.408001787476584e+04     2.408013574213489e+04     2.408060720973032e+04
   28200           -1.26607917e+05            3.19373892e+00            9.95346735e-01            1.00172484e+00     2.415537707046841e+04     2.415546142471059e+04     2.415554664997885e+04     2.415563128229018e+04     2.415571602093719e+04     2.415605497140597e+04
   28400           -1.26666333e+05            6.20486211e+00            9.92321918e-01            1.00471309e+00     2.412448505121019e+04     2.412493797493733e+04     2.412539183437993e+04     2.412584505980006e+04     2.412629839706155e+04     2.412811174291292e+04
   28600           -1.26751692e+05            3.40765745e+00            9.95089603e-01            1.00189462e+00     2.415140366322430e+04     2.415150257812783e+04     2.415160236107941e+04     2.415170154199308e+04     2.415180083590146e+04     2.415219800857862e+04
   28800           -1.26813486e+05            4.71778421e+00            9.93855572e-01            1.00327755e+00     2.415129967855070e+04     2.415157484382912e+04     2.415185083632334e+04     2.415212625623278e+04     2.415240178315428e+04     2.415350388775787e+04
   29000           -1.26761937e+05            4.39277649e+00            9.94199211e-01            1.00297228e+00     2.416688349818257e+04     2.416711095967493e+04     2.416733916433499e+04     2.416756683979112e+04     2.416779462179193e+04     2.416870574540130e+04
   29200           -1.26821287e+05            4.43431839e+00            9.94081586e-01            1.00293694e+00     2.416224648992995e+04     2.416248083820990e+04     2.416271597572301e+04     2.416295057613462e+04     2.416318527230778e+04     2.416412405468561e+04
   29400           -1.26891589e+05            3.71200317e+00            9.94775200e-01            1.00218790e+00     2.414474148299881e+04     2.414488663054277e+04     2.414503264583607e+04     2.414517806838378e+04     2.414532359849631e+04     2.414590571399380e+04
   29600           -1.26836979e+05            8.81138024e+00            9.89749487e-01            1.00734620e+00     2.419753860940990e+04     2.419832453967127e+04     2.419911134312132e+04     2.419989754064234e+04     2.420068385189996e+04     2.420382909439004e+04
   29800           -1.26803314e+05            5.98573171e+00            9.92523503e-01            1.00447687e+00     2.414391615782944e+04     2.414434346963331e+04     2.414477166435151e+04     2.414519924853248e+04     2.414562694684884e+04     2.414733773586823e+04
   30000           -1.26817354e+05            8.12858205e+00            9.90445166e-01            1.00667859e+00     2.401481072948458e+04     2.401551063791870e+04     2.401621144289382e+04     2.401691164953604e+04     2.401761195767975e+04     2.402041318587493e+04
   30200           -1.26725860e+05            4.16174871e+00            9.94414919e-01            1.00272647e+00     2.425063590157226e+04     2.425083996254735e+04     2.425104478678367e+04     2.425124908673677e+04     2.425145348344392e+04     2.425227106531557e+04
   30400           -1.26264257e+05            4.59243802e+00            9.93971124e-01            1.00314268e+00     2.435089835667524e+04     2.435115206998018e+04     2.435140660450901e+04     2.435166056263267e+04     2.435191463253570e+04     2.435293090839617e+04
   30600           -1.26734759e+05            7.19328927e+00            9.91273866e-01            1.00563798e+00     2.416653451005315e+04     2.416710698116848e+04     2.416768034684144e+04     2.416825308614088e+04     2.416882594532716e+04     2.417111738060118e+04
   30800           -1.26707142e+05            6.06023268e+00            9.92474144e-01            1.00457659e+00     2.412575445529775e+04     2.412619143283353e+04     2.412662927720464e+04     2.412706651721825e+04     2.412750387278082e+04     2.412925329026390e+04
   31000           -1.26803257e+05            3.59977180e+00            9.94898180e-01            1.00208684e+00     2.418583250745481e+04     2.418595567031006e+04     2.418607970735462e+04     2.418620313952574e+04     2.418632668539229e+04     2.418682086332978e+04
   31200           -1.26953256e+05            5.44989944e+00            9.93124980e-01            1.00400905e+00     2.412839575061420e+04     2.412875818932500e+04     2.412912146949062e+04     2.412948419965194e+04     2.412984701708072e+04     2.413129828354724e+04
   31400           -1.27049513e+05            8.45140414e+00            9.90191281e-01            1.00707055e+00     2.419963396780012e+04     2.420037246607650e+04     2.420111173731587e+04     2.420185047882035e+04     2.420258931773084e+04     2.420554466766157e+04
   31600           -1.26644183e+05            5.19770441e+00            9.93287867e-01            1.00366736e+00     2.427863332066621e+04     2.427895474460387e+04     2.427927704867496e+04     2.427959873213792e+04     2.427992053723413e+04     2.428120775380205e+04
   31800           -1.26814067e+05            4.62150008e+00            9.93956337e-01            1.00318606e+00     2.417231560896344e+04     2.417257372912602e+04     2.417283270289750e+04     2.417309109219582e+04     2.417334958794492e+04     2.417438356692639e+04
   32000           -1.26639877e+05            5.40977666e+00            9.93139011e-01            1.00394267e+00     2.408191915808647e+04     2.408227512034620e+04     2.408263190315177e+04     2.408298809796635e+04     2.408334441253111e+04     2.408476966697575e+04
   32200           -1.26766571e+05            4.69888201e+00            9.93849921e-01            1.00323391e+00     2.402958208203964e+04     2.402985250566633e+04     2.403012381960913e+04     2.403039453267128e+04     2.403066535093248e+04     2.403174861982533e+04
   32400           -1.26822175e+05            3.28907379e+00            9.95215705e-01            1.00178396e+00     2.410786446600860e+04     2.410795703138772e+04     2.410805040170264e+04     2.410814321697070e+04     2.410823613520091e+04     2.410860780439321e+04
   32600           -1.26745467e+05            3.93488620e+00            9.94651241e-01            1.00250980e+00     2.420425206151602e+04     2.420443088286222e+04     2.420461052248414e+04     2.420478958633413e+04     2.420496876264154e+04     2.420568546376707e+04
   32800           -1.27001222e+05            4.01665074e+00            9.94584750e-01            1.00260673e+00     2.411117896472773e+04     2.411137259823516e+04     2.411156710292998e+04     2.411176100514761e+04     2.411195501991528e+04     2.411273107510282e+04
   33000           -1.26854760e+05            7.29743680e+00            9.91294982e-01            1.00586890e+00     2.421177441994597e+04     2.421236820658389e+04     2.421296289603849e+04     2.421355696556888e+04     2.421415114908602e+04     2.421652787822606e+04
   33200           -1.27047859e+05            3.66280077e+00            9.94854785e-01            1.00216945e+00     2.415633633930486e+04     2.415647242768284e+04     2.415660933862587e+04     2.415674568005173e+04     2.415688212897661e+04     2.415742791864836e+04
   33400           -1.26869474e+05            4.48639552e+00            9.94023506e-01            1.00298281e+00     2.421372724685050e+04     2.421396518212572e+04     2.421420395114036e+04     2.421444217498854e+04     2.421468048586440e+04     2.421563372487831e+04
   33600           -1.26668058e+05            5.81506656e+00            9.92724555e-01            1.00433747e+00     2.423556717562863e+04     2.423597828095079e+04     2.423639023597187e+04     2.423680161108699e+04     2.423721309033184e+04     2.423885900503505e+04
   33800           -1.26875032e+05            4.96078374e+00            9.93543589e-01            1.00345016e+00     2.422017771344430e+04     2.422047589798760e+04     2.422077493381593e+04     2.422107336423685e+04     2.422137191581331e+04     2.422256611818233e+04
   34000           -1.26908079e+05            4.39552413e+00            9.94072866e-01            1.00285033e+00     2.426821581603903e+04     2.426844208952599e+04     2.426866923572370e+04     2.426889577080882e+04     2.426912242328290e+04     2.427002903052677e+04
   34200           -1.26902566e+05            9.11710575e+00            9.89457253e-01            1.00766472e+00     2.420288388946316e+04     2.420370670892404e+04     2.420453040494590e+04     2.420535350597601e+04     2.420617671295188e+04     2.420946953644061e+04
   34400           -1.26975097e+05            7.53201618e+00            9.91053764e-01            1.00609604e+00     2.413378282780143e+04     2.413440828251380e+04     2.413503456893442e+04     2.413566028846045e+04     2.413628610991475e+04     2.413878939202807e+04
   34600           -1.26972026e+05            3.77371157e+00            9.94777342e-01            1.00231375e+00     2.418151119232328e+04     2.418166033047986e+04     2.418181039447092e+04     2.418195983129588e+04     2.418210937878289e+04     2.418270756524252e+04
   34800           -1.26872345e+05            6.56795397e+00            9.91971756e-01            1.00508816e+00     2.420559060595523e+04     2.420609078729686e+04     2.420659186031965e+04     2.420709231631933e+04     2.420759288773208e+04     2.420959516950892e+04
   35000           -1.26884752e+05            4.64596706e+00            9.93893187e-01            1.00317142e+00     2.420855614364776e+04     2.420881720546743e+04     2.420907914880053e+04     2.420934049817555e+04     2.420960195088534e+04     2.421064775812291e+04
   35200           -1.26975807e+05            4.76953425e+00            9.93776675e-01            1.00330174e+00     2.408664601146666e+04     2.408692065159321e+04     2.408719605832940e+04     2.408747092760189e+04     2.408774590084575e+04     2.408884579022485e+04
   35400           -1.26712811e+05            5.34290324e+00            9.93190362e-01            1.00386031e+00     2.428643563690882e+04     2.428678070935468e+04     2.428712663049582e+04     2.428747197992212e+04     2.428781742903195e+04     2.428919922115509e+04
   35600           -1.26943263e+05            3.19204576e+00            9.95314035e-01            1.00168854e+00     2.412289470498149e+04     2.412296645343097e+04     2.412303914236018e+04     2.412311118744958e+04     2.412318334991936e+04     2.412347199485724e+04
   35800           -1.26689699e+05            3.97408001e+00            9.94616498e-01            1.00255337e+00     2.426650422112501e+04     2.426668222187395e+04     2.426686106045749e+04     2.426703930645208e+04     2.426721766938501e+04     2.426793111764502e+04
   36000           -1.26725202e+05            4.45360189e+00            9.94098454e-01            1.00299264e+00     2.411883746708499e+04     2.411907915065439e+04     2.411932171508307e+04     2.411956367096070e+04     2.411980573952239e+04     2.412077401195979e+04
   36200           -1.26990140e+05            4.19051338e+00            9.94321476e-01            1.00268993e+00     2.414261094556543e+04     2.414281048822141e+04     2.414301089325313e+04     2.414321068910223e+04     2.414341060526682e+04     2.414421026496821e+04
   36400           -1.27052025e+05            4.43889299e+00            9.94118736e-01            1.00298360e+00     2.410136154520156e+04     2.410160104549312e+04     2.410184131325161e+04     2.410208103712191e+04     2.410232086877089e+04     2.410328019234021e+04
   36600           -1.27304821e+05            4.10854350e+00            9.94448256e-01            1.00265339e+00     2.424937959644049e+04     2.424957402306900e+04     2.424976930439966e+04     2.424996401653875e+04     2.425015882478740e+04     2.425093805313430e+04
   36800           -1.27057111e+05            4.22446368e+00            9.94336403e-01            1.00277307e+00     2.414811439004830e+04     2.414831886867382e+04     2.414852412981474e+04     2.414872881911462e+04     2.414893363017940e+04     2.414975287031051e+04
   37000           -1.27156272e+05            4.07652242e+00            9.94468172e-01            1.00260926e+00     2.428957179922276e+04     2.428976696707693e+04     2.428996292229739e+04     2.429015831891022e+04     2.429035382692700e+04     2.429113585463123e+04
   37200           -1.26908912e+05            8.48546407e+00            9.90032316e-01            1.00697746e+00     2.422723288067876e+04     2.422797019513053e+04     2.422870835020077e+04     2.422944591460403e+04     2.423018359334429e+04     2.423313430600981e+04
   37400           -1.26908402e+05            1.01215883e+01            9.88436331e-01            1.00864932e+00     2.412879583987117e+04     2.412973327887246e+04     2.413067156292193e+04     2.413160927883683e+04     2.413254709313219e+04     2.413629834639322e+04
   37600           -1.26700160e+05            5.59331330e+00            9.92950651e-01            1.00412078e+00     2.411020053553301e+04     2.411057919466596e+04     2.411095873940751e+04     2.411133767562630e+04     2.411171672360635e+04     2.411323291167969e+04
   37800           -1.27028162e+05            4.08381653e+00            9.94473479e-01            1.00262923e+00     2.405925184974419e+04     2.405944021569749e+04     2.405962941157581e+04     2.405981802000896e+04     2.406000674516506e+04     2.406076164058593e+04
   38000           -1.27150034e+05            3.53957149e+00            9.94957738e-01            1.00202618e+00     2.419290576617001e+04     2.419303045743848e+04     2.419315605265272e+04     2.419328101619903e+04     2.419340610107181e+04     2.419390643597362e+04
   38200           -1.27024590e+05            4.57487294e+00            9.93949602e-01            1.00308572e+00     2.425326946920344e+04     2.425351815068793e+04     2.425376770180955e+04     2.425401664397650e+04     2.425426570378369e+04     2.425526193836394e+04
   38400           -1.26963230e+05            3.02446070e+00            9.95505815e-01            1.00154580e+00     2.424227520097480e+04     2.424233214813172e+04     2.424238995194128e+04     2.424244716174223e+04     2.424250448362638e+04     2.424273376627796e+04
   38600           -1.26937868e+05            6.02718265e+00            9.92501858e-01            1.00453824e+00     2.400947178228817e+04     2.400990640671969e+04     2.401034184924173e+04     2.401077671404356e+04     2.401121169266042e+04     2.401295160303267e+04
   38800           -1.26862759e+05            8.02112324e+00            9.90551769e-01            1.00657059e+00     2.416906066627522e+04     2.416974648195169e+04     2.417043316871697e+04     2.417111924309496e+04     2.417180543706184e+04     2.417455020784846e+04
   39000           -1.27035374e+05            8.42970695e+00            9.90138649e-01            1.00697332e+00     2.414169676985827e+04     2.414242849468425e+04     2.414316101478907e+04     2.414389298041624e+04     2.414462505158595e+04     2.414755333331362e+04
   39200           -1.27080164e+05            5.41363215e+00            9.93126848e-01            1.00393812e+00     2.413187819427615e+04     2.413223087861496e+04     2.413258440976128e+04     2.413293733220924e+04     2.413329037916568e+04     2.413470256405521e+04
   39400           -1.26772363e+05            3.22693820e+00            9.95246855e-01            1.00169083e+00     2.425911036859756e+04     2.425918452277080e+04     2.425925952744050e+04     2.425933394575327e+04     2.425940847288046e+04     2.425970657716335e+04
   39600           -1.26791822e+05            3.22745483e+00            9.95306756e-01            1.00175215e+00     2.423703597920775e+04     2.423711502399636e+04     2.423719491236951e+04     2.423727419912069e+04     2.423735360714506e+04     2.423767123508236e+04
   39800           -1.26992459e+05            5.64884770e+00            9.92976963e-01            1.00425892e+00     2.408756797772284e+04     2.408796353034760e+04     2.408835983245754e+04     2.408875559955573e+04     2.408915147482875e+04     2.409073497193465e+04
   40000           -1.26838499e+05            4.20155516e+00            9.94285357e-01            1.00267565e+00     2.420447142209788e+04     2.420467502332680e+04     2.420487951163691e+04     2.420508338116010e+04     2.420528736919385e+04     2.420610331628983e+04
   40200           -1.26878895e+05            5.98102049e+00            9.92533922e-01            1.00447795e+00     2.413624071729770e+04     2.413666253664575e+04     2.413708524614861e+04     2.413750734191854e+04     2.413792955139296e+04     2.413961838548823e+04
   40400           -1.26710442e+05            8.05358713e+00            9.90499298e-01            1.00658262e+00     2.415652411446402e+04     2.415720813505962e+04     2.415789299179617e+04     2.415857726841152e+04     2.415926165515184e+04     2.416199919583965e+04
   40600           -1.26544886e+05            4.23245231e+00            9.94276835e-01            1.00272902e+00     2.421157577822762e+04     2.421178811580015e+04     2.421200129032012e+04     2.421221387311306e+04     2.421242657291570e+04     2.421327736760378e+04
   40800           -1.26656998e+05            4.45914899e+00            9.94092721e-01            1.00299799e+00     2.404094722380131e+04     2.404118204456326e+04     2.404141759032302e+04     2.404165262879183e+04     2.404188776555747e+04     2.404282830731363e+04
   41000           -1.26533922e+05            5.35466677e+00            9.93184976e-01            1.00387848e+00     2.414756983780098e+04     2.414791651552753e+04     2.414826408709783e+04     2.414861105924061e+04     2.414895813435425e+04     2.415034643090752e+04
   41200           -1.26599248e+05            1.77054968e+01            9.81002483e-01            1.01636314e+00     2.428982568095294e+04     2.429171666854941e+04     2.429360858025387e+04     2.429549985387765e+04     2.429739124549376e+04     2.430495681003458e+04
   41400           -1.26745952e+05            8.63735975e+00            9.89963837e-01            1.00721375e+00     2.402621900674061e+04     2.402698425398090e+04     2.402775040261307e+04     2.402851593928436e+04     2.402928158495114e+04     2.403234416316167e+04
   41600           -1.26735313e+05            6.96580169e+00            9.91575603e-01            1.00548652e+00     2.428523464488865e+04     2.428578617247610e+04     2.428633857868557e+04     2.428689037871285e+04     2.428744229142085e+04     2.428964993795305e+04
   41800           -1.26511308e+05            4.75578156e+00            9.93759581e-01            1.00325688e+00     2.415281556051576e+04     2.415309038290623e+04     2.415336612102917e+04     2.415364122618552e+04     2.415391644905866e+04     2.415501733760156e+04
   42000           -1.26390391e+05            3.51917629e+00            9.95014105e-01            1.00204207e+00     2.415909431038759e+04     2.415921216331319e+04     2.415933089358236e+04     2.415944900068231e+04     2.415956723193900e+04     2.416004015349042e+04
   42200           -1.26311967e+05            4.09988830e+00            9.94414219e-01            1.00260172e+00     2.420509101477125e+04     2.420528257052819e+04     2.420547495539172e+04     2.420566675342657e+04     2.420585866730386e+04     2.420662631983646e+04
   42400           -1.26614359e+05            6.04961890e+00            9.92426017e-01            1.00450655e+00     2.413793641296465e+04     2.413836133772936e+04     2.413878718938295e+04     2.413921243646101e+04     2.413963777918567e+04     2.414133914540669e+04
   42600           -1.26485264e+05            7.71414827e+00            9.90816958e-01            1.00622211e+00     2.403363611431848e+04     2.403427526900201e+04     2.403491532802560e+04     2.403555476202317e+04     2.403619431254646e+04     2.403875251077443e+04
   42800           -1.26544877e+05            3.42021461e+00            9.95108148e-01            1.00193845e+00     2.405725181202677e+04     2.405735499065329e+04     2.405745907479675e+04     2.405756254449713e+04     2.405766612345884e+04     2.405808043489091e+04
   43000           -1.26359795e+05            4.76508485e+00            9.93769482e-01            1.00328555e+00     2.415701257775092e+04     2.415728282659469e+04     2.415755387868362e+04     2.415782435330400e+04     2.415809494695320e+04     2.415917731615548e+04
   43200           -1.26318161e+05            3.13350286e+00            9.95398391e-01            1.00165615e+00     2.412469371351503e+04     2.412476715493316e+04     2.412484138353238e+04     2.412491504923258e+04     2.412498882934579e+04     2.412528394517656e+04
   43400           -1.26608138e+05            6.76746055e+00            9.91798987e-01            1.00531416e+00     2.416900010542198e+04     2.416952590934730e+04     2.417005254727191e+04     2.417057859239274e+04     2.417110475690079e+04     2.417320940837960e+04
   43600           -1.26663797e+05            4.42714866e+00            9.94126823e-01            1.00296820e+00     2.419771680077934e+04     2.419794737396375e+04     2.419817880748976e+04     2.419840964837897e+04     2.419864059894527e+04     2.419956439711121e+04
   43800           -1.26687696e+05            3.16784600e+00            9.95328350e-01            1.00165446e+00     2.420374060491961e+04     2.420381013300527e+04     2.420388059994273e+04     2.420395042501574e+04     2.420402036622168e+04     2.420430012752374e+04
   44000           -1.26564497e+05            6.09605208e+00            9.92448356e-01            1.00462245e+00     2.420527200166915e+04     2.420571795010733e+04     2.420616472732650e+04     2.420661091922206e+04     2.420705722630666e+04     2.420884245094418e+04
   44200           -1.26715915e+05            4.01741110e+00            9.94542067e-01            1.00256522e+00     2.426872736290412e+04     2.426891014799561e+04     2.426909374842362e+04     2.426927677981912e+04     2.426945992015782e+04     2.427019247741152e+04
   44400           -1.26639244e+05            6.37288614e+00            9.92201625e-01            1.00492894e+00     2.418820289903556e+04     2.418867905212545e+04     2.418915600826634e+04     2.418963240139163e+04     2.419010890307856e+04     2.419201490712156e+04
   44600           -1.26551759e+05            7.20186057e+00            9.91324019e-01            1.00570610e+00     2.399998906805951e+04     2.400056947096055e+04     2.400115065183078e+04     2.400173127177294e+04     2.400231200832746e+04     2.400463494859540e+04
   44800           -1.26608900e+05            3.66748896e+00            9.94848235e-01            1.00217225e+00     2.418087240537799e+04     2.418100379409158e+04     2.418113598353826e+04     2.418126761968006e+04     2.418139935907263e+04     2.418192631276727e+04
   45000           -1.26652313e+05            7.97012953e+00            9.90592678e-01            1.00650950e+00     2.412455264157417e+04     2.412522896563411e+04     2.412590619124724e+04     2.412658277861913e+04     2.412725949267701e+04     2.412996634377985e+04
   45200           -1.26550538e+05            7.38804246e+00            9.91166958e-01            1.00592126e+00     2.417038761830464e+04     2.417099021664275e+04     2.417159376774610e+04     2.417219668804210e+04     2.417279971296064e+04     2.417521180761665e+04
   45400           -1.26783131e+05            3.72570745e+00            9.94837040e-01            1.00227767e+00     2.405282609182443e+04     2.405296804226480e+04     2.405311086091153e+04     2.405325307848104e+04     2.405339540893699e+04     2.405396472604955e+04
   45600           -1.26768849e+05            8.21518642e+00            9.90317682e-01            1.00672338e+00     2.419402659321338e+04     2.419472845458658e+04     2.419543118416017e+04     2.419613331560562e+04     2.419683555862141e+04     2.419964452402943e+04
   45800           -1.26785208e+05            3.77004289e+00            9.94785677e-01            1.00231480e+00     2.405503698327250e+04     2.405519710939707e+04     2.405535801268434e+04     2.405551836136292e+04     2.405567882190675e+04     2.405632066054099e+04
   46000           -1.26731776e+05            6.54304955e+00            9.92021000e-01            1.00508800e+00     2.424291694282303e+04     2.424341726584387e+04     2.424391840542292e+04     2.424441899820314e+04     2.424491968421499e+04     2.424692242560695e+04
   46200           -1.26825657e+05            4.31525262e+00            9.94191926e-01            1.00280944e+00     2.418900071262108e+04     2.418922283050152e+04     2.418944579947284e+04     2.418966819306948e+04     2.418989068788049e+04     2.419078066313990e+04
   46400           -1.26796356e+05            5.14007388e+00            9.93343787e-01            1.00360818e+00     2.417377192059196e+04     2.417409029725334e+04     2.417440953516734e+04     2.417472816740528e+04     2.417504691808323e+04     2.417632191557450e+04
   46600           -1.26607915e+05            3.80886253e+00            9.94776079e-01            1.00238295e+00     2.407045982631876e+04     2.407062373685393e+04     2.407078848770588e+04     2.407095263914268e+04     2.407111691145950e+04     2.407177399660023e+04
   46800           -1.26986770e+05            6.69399538e+00            9.91883416e-01            1.00525203e+00     2.419895902846665e+04     2.419947503545834e+04     2.419999195569732e+04     2.420050826747019e+04     2.420102468204651e+04     2.420309033562638e+04
   47000           -1.26893551e+05            4.77523496e+00            9.93716499e-01            1.00325242e+00     2.416545462314580e+04     2.416573142577094e+04     2.416600910478680e+04     2.416628616238534e+04     2.416656334390759e+04     2.416767206466938e+04
   47200           -1.26944454e+05            3.46113022e+00            9.95104402e-01            1.00201667e+00     2.418196557781101e+04     2.418207621532361e+04     2.418218771431287e+04     2.418229862760738e+04     2.418240964538107e+04     2.418285371295114e+04
   47400           -1.26924303e+05            4.91010145e+00            9.93644659e-01            1.00345052e+00     2.421021449846307e+04     2.421051032130253e+04     2.421080695480985e+04     2.421110302310500e+04     2.421139919982064e+04     2.421258390117822e+04
   47600           -1.26876923e+05            4.43299387e+00            9.94101448e-01            1.00295433e+00     2.404304994816573e+04     2.404328437687936e+04     2.404351964999000e+04     2.404375432806090e+04     2.404398912278333e+04     2.404492829740093e+04
   47800           -1.26892176e+05            5.79698030e+00            9.92728340e-01            1.00430497e+00     2.418295852681854e+04     2.418335901446583e+04     2.418376044880580e+04     2.418416123301330e+04     2.418456213643332e+04     2.418616574604811e+04
   48000           -1.26860918e+05            6.00403530e+00            9.92541204e-01            1.00453155e+00     2.411107197432837e+04     2.411149997290285e+04     2.411192885176012e+04     2.411235710918769e+04     2.411278548953918e+04     2.411449900474999e+04
   48200           -1.26848401e+05            5.44306706e+00            9.93180265e-01            1.00405122e+00     2.411493384642862e+04     2.411529722061897e+04     2.411566139153088e+04     2.411602498486260e+04     2.411638869907134e+04     2.411784355171406e+04
   48400           -1.26788486e+05            4.79987066e+00            9.93728019e-01            1.00331349e+00     2.420919968112557e+04     2.420948270844730e+04     2.420976656627351e+04     2.421004983046855e+04     2.421033321520977e+04     2.421146674929396e+04
   48600           -1.26563686e+05            2.86839693e+00            9.95643711e-01            1.00137193e+00     2.402433487896169e+04     2.402436922370205e+04     2.402440448513071e+04     2.402443914361355e+04     2.402447389964208e+04     2.402461292032247e+04
   48800           -1.26880593e+05            6.41574209e+00            9.92077370e-01            1.00488922e+00     2.419021355412747e+04     2.419069191239865e+04     2.419117126257667e+04     2.419164994473927e+04     2.419212874269987e+04     2.419404393127227e+04
   49000           -1.26682149e+05            4.92929166e+00            9.93572718e-01            1.00341638e+00     2.422993964357744e+04     2.423023791397057e+04     2.423053702452216e+04     2.423083557469268e+04     2.423113421967570e+04     2.423232879577395e+04
   49200           -1.26975880e+05            3.05622454e+00            9.95460634e-01            1.00156397e+00     2.422325745648657e+04     2.422331632732828e+04     2.422337602155050e+04     2.422343513589808e+04     2.422349436348580e+04     2.422373127048503e+04
   49400           -1.26817062e+05            3.06302049e+00            9.95516361e-01            1.00163365e+00     2.411231981405411e+04     2.411238948980746e+04     2.411245999192533e+04     2.411252992661432e+04     2.411259996504392e+04     2.411288011603373e+04
   49600           -1.26746514e+05            5.97543153e+00            9.92585265e-01            1.00451868e+00     2.413102925738578e+04     2.413145764736730e+04     2.413188680747714e+04     2.413231543417737e+04     2.413274416134673e+04     2.413445906530767e+04
   49800           -1.26506340e+05            3.26372718e+00            9.95294183e-01            1.00181217e+00     2.421695143516419e+04     2.421704347471171e+04     2.421713630377317e+04     2.421722856908329e+04     2.421732094819014e+04     2.421769046121608e+04
   50000           -1.26738270e+05            6.92318040e+00            9.91609069e-01            1.00543474e+00     2.420783815140884e+04     2.420838256792015e+04     2.420892785815480e+04     2.420947254572427e+04     2.421001734546405e+04     2.421219653951926e+04
