#This file was generated on Mon Feb 10 22:12:34 2025
#Using the somd command, of the molecular library Sire version <2024.4.0.dev> 
#For more information visit: https://github.com/openbiosim/sire
#
#General information on simulation parameters:
#Simulation used 50000 moves, 1 cycles and 200 ps of simulation time
#Generating lambda is		 0.50000
#Alchemical array is		 (0.0, 0.125, 0.25, 0.375, 0.5, 1.0)
#Generating temperature is 	25°C
#Energy was saved every 200 steps 
#
#
#   [step]               [potential]                [gradient]      [forward Metropolis]     [backward Metropolis]                   [u_kl]
     200           -1.37608923e+05            1.77357362e+00            9.98201690e-01            1.00174875e+00     2.419155791007294e+04     2.419177033461666e+04     2.419198363151270e+04     2.419219633421458e+04     2.419240914342063e+04     2.419326037676833e+04
     400           -1.33561749e+05            1.89967550e+00            9.98064706e-01            1.00186392e+00     2.409403042795009e+04     2.409426056333321e+04     2.409449160282937e+04     2.409472202010140e+04     2.409495255220238e+04     2.409587467645467e+04
     600           -1.31064969e+05            6.89783260e-01            9.99278005e-01            1.00065753e+00     2.419469303263887e+04     2.419477048284940e+04     2.419484870398280e+04     2.419492636085209e+04     2.419500413866104e+04     2.419531524468321e+04
     800           -1.29602983e+05            2.18376182e+00            9.97779956e-01            1.00214731e+00     2.425194640021759e+04     2.425221136431722e+04     2.425247711865065e+04     2.425274230630516e+04     2.425300761028704e+04     2.425406882035650e+04
    1000           -1.29035763e+05            1.69523098e+00            9.98274979e-01            1.00166534e+00     2.417461707591727e+04     2.417482076859417e+04     2.417502520854291e+04     2.417522912246215e+04     2.417543313934317e+04     2.417624920276908e+04
    1200           -1.28269066e+05            1.23834760e+00            9.98738743e-01            1.00121538e+00     2.419316996177552e+04     2.419331574897547e+04     2.419346234980336e+04     2.419360838509278e+04     2.419375452739132e+04     2.419433909300712e+04
    1400           -1.27634969e+05            1.27093525e+00            9.98710204e-01            1.00125203e+00     2.434519690439143e+04     2.434534782157964e+04     2.434549957852605e+04     2.434565077580977e+04     2.434580206770586e+04     2.434640723102028e+04
    1600           -1.27524853e+05            4.61697612e+00            9.95362251e-01            1.00459594e+00     2.425634957440391e+04     2.425691745511842e+04     2.425748626763842e+04     2.425805444908933e+04     2.425862274236817e+04     2.426089591033243e+04
    1800           -1.27101631e+05            4.33601849e+00            9.95635507e-01            1.00430724e+00     2.418765717071982e+04     2.418819067666715e+04     2.418872507483629e+04     2.418925886229608e+04     2.418979276133214e+04     2.419192835194445e+04
    2000           -1.26867708e+05            9.79690948e-01            9.98992796e-01            1.00095212e+00     2.430073882148539e+04     2.430085119164280e+04     2.430096442704348e+04     2.430107704144388e+04     2.430118978281699e+04     2.430164074414859e+04
    2200           -1.26911349e+05            5.58559997e-01            9.99421745e-01            1.00053884e+00     2.431757526529990e+04     2.431763654523007e+04     2.431769879121463e+04     2.431776039653507e+04     2.431782210821883e+04     2.431806895113776e+04
    2400           -1.26924746e+05            2.33259331e+00            9.97640321e-01            1.00230537e+00     2.411196209421381e+04     2.411224491094365e+04     2.411252859436246e+04     2.411281170988455e+04     2.411309491649808e+04     2.411422773878235e+04
    2600           -1.26751203e+05            3.55640570e+00            9.96414906e-01            1.00352748e+00     2.420979204124810e+04     2.421022733234138e+04     2.421066347747667e+04     2.421109904087275e+04     2.421153470884507e+04     2.421327737644204e+04
    2800           -1.26955251e+05            1.14328782e+00            9.98828581e-01            1.00111509e+00     2.422080661546819e+04     2.422094067596750e+04     2.422107558216913e+04     2.422120988977631e+04     2.422134431612331e+04     2.422188201677843e+04
    3000           -1.26891570e+05            3.15681689e+00            9.96820853e-01            1.00313432e+00     2.432496618358976e+04     2.432535095204584e+04     2.432573653886428e+04     2.432612154858380e+04     2.432650667193015e+04     2.432804716027055e+04
    3200           -1.26971158e+05            4.04239459e+00            9.95934199e-01            1.00401875e+00     2.424996715418656e+04     2.425046389351815e+04     2.425096136029987e+04     2.425145832579792e+04     2.425195538427808e+04     2.425394361436960e+04
    3400           -1.26707471e+05            2.78826484e+00            9.97180580e-01            1.00275692e+00     2.417145432857769e+04     2.417179458158451e+04     2.417213571491294e+04     2.417247625018215e+04     2.417281689185974e+04     2.417417945514179e+04
    3600           -1.26757030e+05            1.67312144e+00            9.98290882e-01            1.00163700e+00     2.413259145019932e+04     2.413279219146485e+04     2.413299365935011e+04     2.413319461792411e+04     2.413339567526613e+04     2.413419990033293e+04
    3800           -1.26855716e+05            2.16416041e+00            9.97821352e-01            1.00214960e+00     2.419472887331255e+04     2.419499151053840e+04     2.419525493503497e+04     2.419551779160498e+04     2.419578076581477e+04     2.419683265831699e+04
    4000           -1.26817024e+05            6.82708465e-01            9.99292109e-01            1.00065749e+00     2.418873722304978e+04     2.418881478329965e+04     2.418889318848420e+04     2.418897101865215e+04     2.418904895234416e+04     2.418936068163854e+04
    4200           -1.26842163e+05            4.37694445e+00            9.95601044e-01            1.00435468e+00     2.424404523115827e+04     2.424458541116307e+04     2.424512635712933e+04     2.424566677885755e+04     2.424620729609051e+04     2.424836936102275e+04
    4400           -1.26806959e+05            2.27452386e+00            9.97694262e-01            1.00224316e+00     2.426120257968943e+04     2.426147913535943e+04     2.426175649000916e+04     2.426203326555515e+04     2.426231016207411e+04     2.426341774445880e+04
    4600           -1.26741976e+05            8.24770576e-01            9.99153367e-01            1.00080287e+00     2.423769227316774e+04     2.423778635500350e+04     2.423788128755377e+04     2.423797562678331e+04     2.423807007926520e+04     2.423844788536265e+04
    4800           -1.26878561e+05            2.02139757e+00            9.97959839e-01            1.00200255e+00     2.431934409687203e+04     2.431958840596173e+04     2.431983358303974e+04     2.432007816814146e+04     2.432032285980706e+04     2.432130162274210e+04
    5000           -1.26932525e+05            1.06371274e+00            9.98907611e-01            1.00103497e+00     2.429012362949220e+04     2.429024692074401e+04     2.429037095142081e+04     2.429049444847853e+04     2.429061805643373e+04     2.429111248337527e+04
    5200           -1.27039122e+05            3.21140481e-01            9.99644927e-01            1.00028719e+00     2.414563996891642e+04     2.414566969477589e+04     2.414570026582691e+04     2.414573024662610e+04     2.414576034091109e+04     2.414588071290575e+04
    5400           -1.26930448e+05            3.72623250e+00            9.96250021e-01            1.00370227e+00     2.435952271087445e+04     2.435997853782585e+04     2.436043528738278e+04     2.436089139171562e+04     2.436134761966233e+04     2.436317252845021e+04
    5600           -1.26859134e+05            2.81317415e+00            9.97170009e-01            1.00279625e+00     2.422981929133760e+04     2.423016161409473e+04     2.423050476606896e+04     2.423084735646546e+04     2.423119004637075e+04     2.423256080140391e+04
    5800           -1.26657244e+05            2.34810226e+00            9.97623912e-01            1.00231998e+00     2.424704465744401e+04     2.424732874094197e+04     2.424761361286360e+04     2.424789791054404e+04     2.424818232965802e+04     2.424932000187203e+04
    6000           -1.26987981e+05            6.69940792e+00            9.93298226e-01            1.00669681e+00     2.426029480786010e+04     2.426112383525205e+04     2.426195370089377e+04     2.426278297924719e+04     2.426361237131258e+04     2.426692993476506e+04
    6200           -1.26888021e+05            1.89204014e+00            9.98071142e-01            1.00185508e+00     2.416350227873540e+04     2.416373067587994e+04     2.416395998609552e+04     2.416418867047111e+04     2.416441746922778e+04     2.416533265972017e+04
    6400           -1.26787643e+05            1.62572882e+00            9.98340779e-01            1.00159212e+00     2.433124648421617e+04     2.433144116324436e+04     2.433163670014092e+04     2.433183164716373e+04     2.433202670328398e+04     2.433280692235180e+04
    6600           -1.27000364e+05            8.46401517e-01            9.99122801e-01            1.00081555e+00     2.422747011339780e+04     2.422756687948243e+04     2.422766444414057e+04     2.422776147034030e+04     2.422785859119501e+04     2.422824706899222e+04
    6800           -1.27024728e+05            2.96930672e+00            9.97004834e-01            1.00294328e+00     2.416711892967042e+04     2.416748218133273e+04     2.416784625833799e+04     2.416820974005885e+04     2.416857334453314e+04     2.417002775939585e+04
    7000           -1.27015479e+05            2.08028508e+00            9.97886103e-01            1.00204653e+00     2.431736922207522e+04     2.431762154794954e+04     2.431787470958546e+04     2.431812729684819e+04     2.431837999028801e+04     2.431939075850079e+04
    7200           -1.26983689e+05            1.39814769e+00            9.98586146e-01            1.00138240e+00     2.404809693890274e+04     2.404826321605805e+04     2.404843041697487e+04     2.404859700021807e+04     2.404876368878893e+04     2.404943043867512e+04
    7400           -1.26847908e+05            1.30220462e+00            9.98671849e-01            1.00127619e+00     2.419637339340277e+04     2.419652855858616e+04     2.419668461737433e+04     2.419684005136117e+04     2.419699560576747e+04     2.419761781813217e+04
    7600           -1.26579795e+05            3.45651727e-01            9.99633670e-01            1.00032496e+00     2.427547525003654e+04     2.427551100780451e+04     2.427554757264997e+04     2.427558355925201e+04     2.427561966414158e+04     2.427576407824662e+04
    7800           -1.26857547e+05            1.22078617e+00            9.98764915e-01            1.00120645e+00     2.418680873163518e+04     2.418695350251573e+04     2.418709913712215e+04     2.418724416293567e+04     2.418738930809407e+04     2.418796988455295e+04
    8000           -1.26704652e+05            3.11220237e+00            9.96879084e-01            1.00310341e+00     2.416137289203463e+04     2.416175421936655e+04     2.416213646423806e+04     2.416251808898513e+04     2.416289982291905e+04     2.416442675380348e+04
    8200           -1.26903509e+05            1.94651030e+00            9.98023549e-01            1.00191645e+00     2.419180277141266e+04     2.419203771113935e+04     2.419227349850992e+04     2.419250869211484e+04     2.419274399996947e+04     2.419368522852628e+04
    8400           -1.26617583e+05            1.07202985e+00            9.98897514e-01            1.00104151e+00     2.415150905568634e+04     2.415163561848156e+04     2.415176296909708e+04     2.415188975311234e+04     2.415201665416987e+04     2.415252425265340e+04
    8600           -1.26991069e+05            1.49130054e+00            9.98487895e-01            1.00147043e+00     2.406240265937936e+04     2.406258007891469e+04     2.406275835112997e+04     2.406293603096038e+04     2.406311382248804e+04     2.406382498559672e+04
    8800           -1.26832420e+05            8.39311275e-01            9.99128856e-01            1.00080742e+00     2.422625917437776e+04     2.422635435243151e+04     2.422645037754966e+04     2.422654580840691e+04     2.422664135482098e+04     2.422702353526420e+04
    9000           -1.26759912e+05            7.33040452e-01            9.99240746e-01            1.00070679e+00     2.421540704311838e+04     2.421548995630260e+04     2.421557376305577e+04     2.421565695662935e+04     2.421574026250504e+04     2.421607348189171e+04
    9200           -1.26757275e+05            2.24126552e+00            9.97729149e-01            1.00221154e+00     2.420367507412636e+04     2.420394609585210e+04     2.420421800164813e+04     2.420448929840120e+04     2.420476070814412e+04     2.420584634216188e+04
    9400           -1.26694778e+05            2.14619204e+00            9.97832038e-01            1.00212432e+00     2.426611113380420e+04     2.426637017948136e+04     2.426663009509436e+04     2.426688940435342e+04     2.426714882954006e+04     2.426818652527593e+04
    9600           -1.26719016e+05            1.21864601e+00            9.98760401e-01            1.00119764e+00     2.439445257196120e+04     2.439459647309376e+04     2.439474126318035e+04     2.439488543435829e+04     2.439502972343298e+04     2.439560687490476e+04
    9800           -1.26971971e+05            3.03424325e+00            9.96938708e-01            1.00300701e+00     2.409777972760047e+04     2.409814965356373e+04     2.409852030512219e+04     2.409889043816720e+04     2.409926067620662e+04     2.410074162481278e+04
   10000           -1.26946970e+05            3.23687474e+00            9.96735637e-01            1.00320918e+00     2.408817830246413e+04     2.408857551913900e+04     2.408897356766549e+04     2.408937105681417e+04     2.408976864255933e+04     2.409135898265452e+04
   10200           -1.26777984e+05            1.34626879e+00            9.98637878e-01            1.00133037e+00     2.424811408769496e+04     2.424827328339814e+04     2.424843335095480e+04     2.424859283100847e+04     2.424875241389471e+04     2.424939074009446e+04
   10400           -1.27003349e+05            3.48540397e+00            9.96487647e-01            1.00345824e+00     2.412430876749899e+04     2.412473760543885e+04     2.412516716159902e+04     2.412559619554073e+04     2.412602533920154e+04     2.412774191090409e+04
   10600           -1.26963226e+05            7.88516093e-01            9.99180144e-01            1.00075713e+00     2.427913897842228e+04     2.427922788826723e+04     2.427931771254529e+04     2.427940690898354e+04     2.427949622057657e+04     2.427985346273085e+04
   10800           -1.26630751e+05            1.53606646e+00            9.98423988e-01            1.00149600e+00     2.418538727083765e+04     2.418557149962844e+04     2.418575649769627e+04     2.418594096109043e+04     2.418612552609884e+04     2.418686378136003e+04
   11000           -1.26750275e+05            1.46021169e+00            9.98516610e-01            1.00143696e+00     2.419129839480249e+04     2.419147180015597e+04     2.419164605501422e+04     2.419181970714578e+04     2.419199347948025e+04     2.419268856415800e+04
   11200           -1.26428517e+05            2.55704798e+00            9.97419062e-01            1.00253302e+00     2.423830624645378e+04     2.423861856520930e+04     2.423893173013311e+04     2.423924430682464e+04     2.423955699511651e+04     2.424080774377923e+04
   11400           -1.26522145e+05            1.79295866e+00            9.98176133e-01            1.00176194e+00     2.412225235966297e+04     2.412246855060920e+04     2.412268562106757e+04     2.412290208686827e+04     2.412311866358507e+04     2.412398496750717e+04
   11600           -1.26458392e+05            1.42744255e+00            9.98547464e-01            1.00140228e+00     2.434568468248824e+04     2.434585377667951e+04     2.434602372025308e+04     2.434619307931700e+04     2.434636254635935e+04     2.434704041023046e+04
   11800           -1.26641741e+05            1.40309820e-01            9.99838750e-01            1.00011936e+00     2.435764359807946e+04     2.435765157258952e+04     2.435766035872325e+04     2.435766859209602e+04     2.435767692509279e+04     2.435771025210612e+04
   12000           -1.26414223e+05            2.00261925e+00            9.97961452e-01            1.00196654e+00     2.423221514266173e+04     2.423245676328186e+04     2.423269925054914e+04     2.423294112279087e+04     2.423318311760101e+04     2.423415109254028e+04
   12200           -1.26758524e+05            1.18677359e+00            9.98780762e-01            1.00115423e+00     2.409461369706381e+04     2.409475309734754e+04     2.409489326630194e+04     2.409503291549879e+04     2.409517265633223e+04     2.409573161560065e+04
   12400           -1.26714311e+05            9.72762647e-01            9.99001827e-01            1.00094730e+00     2.426606379356214e+04     2.426617567239125e+04     2.426628843794012e+04     2.426640059743564e+04     2.426651286719462e+04     2.426696194082711e+04
   12600           -1.26451953e+05            1.61024485e+00            9.98357750e-01            1.00157813e+00     2.428577855147166e+04     2.428597136488552e+04     2.428616495516339e+04     2.428635798482608e+04     2.428655113092339e+04     2.428732371037512e+04
   12800           -1.26535387e+05            1.30341322e+00            9.98661503e-01            1.00126824e+00     2.433873363703666e+04     2.433888751392516e+04     2.433904226000274e+04     2.433919640662374e+04     2.433935066441626e+04     2.433996769179586e+04
   13000           -1.26616430e+05            7.52869686e-01            9.99230479e-01            1.00073619e+00     2.421531516743193e+04     2.421539938464400e+04     2.421548450558677e+04     2.421556899204500e+04     2.421565360173516e+04     2.421599203603840e+04
   13200           -1.26239226e+05            1.22949130e+00            9.98749836e-01            1.00120877e+00     2.419430140636342e+04     2.419444531895194e+04     2.419459011809892e+04     2.419473432024165e+04     2.419487862601373e+04     2.419545584566404e+04
   13400           -1.26360567e+05            2.83082133e+00            9.97146155e-01            1.00280765e+00     2.434964403545884e+04     2.434998881953931e+04     2.435033438219533e+04     2.435067937433280e+04     2.435102448947030e+04     2.435240494348175e+04
   13600           -1.26512506e+05            4.91749903e+00            9.95066217e-01            1.00490097e+00     2.430450900406069e+04     2.430511453231232e+04     2.430572096713828e+04     2.430632678349598e+04     2.430693271108980e+04     2.430935641811892e+04
   13800           -1.26421526e+05            4.75914483e+00            9.95242257e-01            1.00476049e+00     2.432671728589203e+04     2.432730290588870e+04     2.432788947548438e+04     2.432847541414596e+04     2.432906145837658e+04     2.433140563086113e+04
   14000           -1.26614112e+05            1.96419587e+00            9.98007815e-01            1.00193609e+00     2.427690029462336e+04     2.427713750070560e+04     2.427737557769146e+04     2.427761305665375e+04     2.427785064586309e+04     2.427880099710281e+04
   14200           -1.26640249e+05            3.59645437e+00            9.96377440e-01            1.00357013e+00     2.429263535731352e+04     2.429307729023361e+04     2.429352003077779e+04     2.429396222675519e+04     2.429440451831946e+04     2.429617367932541e+04
   14400           -1.26682603e+05            1.13326570e+00            9.98839895e-01            1.00110636e+00     2.434286007568116e+04     2.434299312867142e+04     2.434312700948086e+04     2.434326032310300e+04     2.434339374072637e+04     2.434392740577158e+04
   14600           -1.26838437e+05            1.90341830e+00            9.98070676e-01            1.00187741e+00     2.440138256134861e+04     2.440161218982228e+04     2.440184268268492e+04     2.440207257687658e+04     2.440230258273259e+04     2.440322260411657e+04
   14800           -1.26646235e+05            1.21750605e+00            9.98750296e-01            1.00118523e+00     2.417081704909842e+04     2.417096093013788e+04     2.417110566891129e+04     2.417124982598400e+04     2.417139408682710e+04     2.417197112455578e+04
   15000           -1.27056941e+05            1.20480016e+00            9.98766413e-01            1.00117594e+00     2.425948954769343e+04     2.425963222733972e+04     2.425977577887234e+04     2.425991872564759e+04     2.426006178711379e+04     2.426063402653415e+04
   15200           -1.26827309e+05            5.32466409e+00            9.94661183e-01            1.00531026e+00     2.412558473895572e+04     2.412624084984623e+04     2.412689788514941e+04     2.412755427356549e+04     2.412821078655277e+04     2.413083683414981e+04
   15400           -1.26754251e+05            2.93208765e-01            9.99684929e-01            1.00027133e+00     2.434919354843397e+04     2.434922403994480e+04     2.434925530725029e+04     2.434928601983171e+04     2.434931684544705e+04     2.434944014246013e+04
   15600           -1.26581441e+05            2.09829760e+00            9.97885335e-01            1.00208186e+00     2.415723679391676e+04     2.415749075137907e+04     2.415774550180231e+04     2.415799968532201e+04     2.415825398407405e+04     2.415927117423135e+04
   15800           -1.26542102e+05            5.94810905e+00            9.94037590e-01            1.00593350e+00     2.439852697490921e+04     2.439926284164259e+04     2.439999947611769e+04     2.440073554740582e+04     2.440147174012282e+04     2.440441650533643e+04
   16000           -1.26715245e+05            1.88058085e+00            9.98086453e-01            1.00184749e+00     2.420111490552199e+04     2.420134136452965e+04     2.420156857934001e+04     2.420179525215837e+04     2.420202203614676e+04     2.420292916677152e+04
   16200           -1.26738354e+05            2.35139990e+00            9.97637690e-01            1.00234043e+00     2.412492651541557e+04     2.412521194765549e+04     2.412549818454446e+04     2.412578385718644e+04     2.412606963943402e+04     2.412721276345247e+04
   16400           -1.26835131e+05            2.25782953e+00            9.97725345e-01            1.00224092e+00     2.429696582572163e+04     2.429723886169538e+04     2.429751288102419e+04     2.429778624594409e+04     2.429805972083288e+04     2.429915361594412e+04
   16600           -1.26781528e+05            3.48848453e+00            9.96487137e-01            1.00346391e+00     2.421783403214399e+04     2.421826019948353e+04     2.421868724644572e+04     2.421911366593629e+04     2.421954021172754e+04     2.422124639131108e+04
   16800           -1.26751241e+05            1.14387773e+00            9.98835352e-01            1.00112306e+00     2.428062892510153e+04     2.428076274410697e+04     2.428089733988681e+04     2.428103137835285e+04     2.428116553083852e+04     2.428170213657550e+04
   17000           -1.26752119e+05            3.32387894e-01            9.99636475e-01            1.00030123e+00     2.408758959401546e+04     2.408762277048321e+04     2.408765682017547e+04     2.408769023893717e+04     2.408772378852185e+04     2.408785798302824e+04
   17200           -1.26738221e+05            2.21862461e+00            9.97758435e-01            1.00219557e+00     2.425976565960439e+04     2.426003303485393e+04     2.426030117087653e+04     2.426056878007529e+04     2.426083648862714e+04     2.426190731764989e+04
   17400           -1.26919265e+05            2.17981675e+00            9.97798446e-01            1.00215798e+00     2.434917730707575e+04     2.434944147302146e+04     2.434970652347058e+04     2.434997097695204e+04     2.435023553550707e+04     2.435129376393839e+04
   17600           -1.27053276e+05            8.77603822e-01            9.99105917e-01            1.00086110e+00     2.420525525657599e+04     2.420535711598219e+04     2.420545977859174e+04     2.420556186913752e+04     2.420566407469498e+04     2.420607289281397e+04
   17800           -1.26972651e+05            2.18304149e+00            9.97787454e-01            1.00215340e+00     2.423903480774477e+04     2.423930007408117e+04     2.423956613320524e+04     2.423983167594092e+04     2.424009730022346e+04     2.424115979270216e+04
   18000           -1.26551094e+05            1.10670421e+00            9.98866274e-01            1.00107962e+00     2.420512145417099e+04     2.420525010333085e+04     2.420537960626987e+04     2.420550851853782e+04     2.420563754148893e+04     2.420615362880686e+04
   18200           -1.26474272e+05            1.34868378e+00            9.98646139e-01            1.00134349e+00     2.426093684378420e+04     2.426109630863662e+04     2.426125663983151e+04     2.426141636264855e+04     2.426157620327544e+04     2.426221556276668e+04
   18400           -1.26695138e+05            1.76397000e+00            9.98205494e-01            1.00173332e+00     2.423416574829439e+04     2.423437844448762e+04     2.423459200838838e+04     2.423480497335679e+04     2.423501805007320e+04     2.423587035185202e+04
   18600           -1.27045104e+05            8.84311496e-01            9.99087249e-01            1.00085582e+00     2.420117964998227e+04     2.420128077819956e+04     2.420138273008411e+04     2.420148410690688e+04     2.420158559430974e+04     2.420199153863723e+04
   18800           -1.26713500e+05            1.53853561e+00            9.98436670e-01            1.00151366e+00     2.421771317554416e+04     2.421789701965890e+04     2.421808173241310e+04     2.421826583746232e+04     2.421845005897267e+04     2.421918694240117e+04
   19000           -1.26792680e+05            2.43814704e+00            9.97542878e-01            1.00241907e+00     2.431053438161223e+04     2.431083041945496e+04     2.431112730502221e+04     2.431142361460974e+04     2.431172002739539e+04     2.431290567317855e+04
   19200           -1.26846175e+05            1.24064822e+00            9.98732357e-01            1.00121359e+00     2.435564732683709e+04     2.435579415454997e+04     2.435594191842039e+04     2.435608902682767e+04     2.435623626191571e+04     2.435682519699434e+04
   19400           -1.26836910e+05            1.89198109e+00            9.98077856e-01            1.00186170e+00     2.418565231530584e+04     2.418587921739015e+04     2.418610699894777e+04     2.418633418612333e+04     2.418656147790874e+04     2.418747064051163e+04
   19600           -1.26822041e+05            3.73158632e+00            9.96246821e-01            1.00370980e+00     2.438680388559030e+04     2.438726238381952e+04     2.438772174613005e+04     2.438818053471903e+04     2.438863941932538e+04     2.439047495306046e+04
   19800           -1.26583501e+05            1.73672803e+00            9.98242467e-01            1.00171585e+00     2.425089941564809e+04     2.425110755602507e+04     2.425131661827279e+04     2.425152503009550e+04     2.425173356930876e+04     2.425256772296943e+04
   20000           -1.26821678e+05            1.09956081e+00            9.98869390e-01            1.00106844e+00     2.427059665549564e+04     2.427072594359494e+04     2.427085606340548e+04     2.427098562195791e+04     2.427111527848680e+04     2.427163390147796e+04
   20200           -1.26641011e+05            1.86097868e+00            9.98113136e-01            1.00183499e+00     2.414466333913569e+04     2.414488675585179e+04     2.414511105650975e+04     2.414533474765615e+04     2.414555855130478e+04     2.414645376347387e+04
   20400           -1.26751487e+05            2.26670446e+00            9.97698599e-01            1.00223184e+00     2.416519721107829e+04     2.416547216278367e+04     2.416574790831919e+04     2.416602311492513e+04     2.416629841709256e+04     2.416739962310683e+04
   20600           -1.26745357e+05            1.15637731e+00            9.98815542e-01            1.00112823e+00     2.414032343675919e+04     2.414045727165146e+04     2.414059202859367e+04     2.414072615960787e+04     2.414086040192339e+04     2.414139736708757e+04
   20800           -1.26784361e+05            1.40898199e+00            9.98577384e-01            1.00139531e+00     2.418989669412062e+04     2.419006411636950e+04     2.419023241205796e+04     2.419040009275802e+04     2.419056789306674e+04     2.419123909201285e+04
   21000           -1.26743242e+05            6.41944808e-01            9.99331558e-01            1.00061541e+00     2.419124466004826e+04     2.419131699763411e+04     2.419139017163870e+04     2.419146276181389e+04     2.419153546379244e+04     2.419182626753663e+04
   21200           -1.26579595e+05            2.32107134e+00            9.97649884e-01            1.00229188e+00     2.419873781708591e+04     2.419901959388025e+04     2.419930207154045e+04     2.419958404794382e+04     2.419986612623662e+04     2.420099443538733e+04
   21400           -1.26888999e+05            4.39041011e-01            9.99535472e-01            1.00041353e+00     2.419293739778757e+04     2.419298298382980e+04     2.419302942987610e+04     2.419307528570271e+04     2.419312125003126e+04     2.419330510227496e+04
   21600           -1.26896540e+05            1.74398070e+00            9.98227806e-01            1.00171567e+00     2.421456635085562e+04     2.421477593825988e+04     2.421498633269382e+04     2.421519617306230e+04     2.421540611497677e+04     2.421624587909791e+04
   21800           -1.27078378e+05            1.47216957e+00            9.98490269e-01            1.00143449e+00     2.441889763053467e+04     2.441907264273588e+04     2.441924840227464e+04     2.441942361675954e+04     2.441959894713431e+04     2.442030026373394e+04
   22000           -1.26767605e+05            2.82115429e+00            9.97154285e-01            1.00279644e+00     2.426186498510015e+04     2.426220863627709e+04     2.426255314195008e+04     2.426289704718003e+04     2.426324106945842e+04     2.426461715381669e+04
   22200           -1.26966396e+05            2.63839491e+00            9.97338758e-01            1.00261541e+00     2.425564768004768e+04     2.425596814940468e+04     2.425628938443342e+04     2.425661008507422e+04     2.425693088817664e+04     2.425821409630560e+04
   22400           -1.27137751e+05            2.06382509e+00            9.97910835e-01            1.00203837e+00     2.416260196209014e+04     2.416285116651533e+04     2.416310121304353e+04     2.416335066829225e+04     2.416360023856234e+04     2.416459851503453e+04
   22600           -1.27065350e+05            3.57562450e+00            9.96395570e-01            1.00354658e+00     2.430798147366356e+04     2.430842066768683e+04     2.430886073427748e+04     2.430930020147049e+04     2.430973977883598e+04     2.431149808400840e+04
   22800           -1.26864565e+05            1.25050204e+00            9.98723739e-01            1.00122468e+00     2.433119617031301e+04     2.433134493131411e+04     2.433149453134160e+04     2.433164353337870e+04     2.433179265558500e+04     2.433238914085700e+04
   23000           -1.27107183e+05            4.07210214e+00            9.95894953e-01            1.00403884e+00     2.424222045583843e+04     2.424272030543135e+04     2.424322105626681e+04     2.424372120555713e+04     2.424422145693682e+04     2.424622245803520e+04
   23200           -1.26775514e+05            2.99098557e+00            9.96987171e-01            1.00296899e+00     2.432790983700587e+04     2.432827592502707e+04     2.432864296221119e+04     2.432900936391593e+04     2.432937587434809e+04     2.433084191169032e+04
   23400           -1.26994931e+05            8.79072491e-01            9.99090025e-01            1.00084811e+00     2.418749263881514e+04     2.418759366334492e+04     2.418769551787439e+04     2.418779680913520e+04     2.418789820049680e+04     2.418830376217846e+04
   23600           -1.26793005e+05            1.10362686e+00            9.98867538e-01            1.00107473e+00     2.432201024753076e+04     2.432213886135092e+04     2.432226824282020e+04     2.432239709349499e+04     2.432252604407436e+04     2.432304184061796e+04
   23800           -1.26867053e+05            1.21923337e+00            9.98750587e-01            1.00118898e+00     2.431436189594868e+04     2.431450523120957e+04     2.431464942504972e+04     2.431479300233920e+04     2.431493670584773e+04     2.431551151574677e+04
   24000           -1.26910340e+05            3.19879651e+00            9.96784313e-01            1.00318178e+00     2.417771105133971e+04     2.417810128507853e+04     2.417849240896917e+04     2.417888288908441e+04     2.417927350331281e+04     2.418083595528591e+04
   24200           -1.26828518e+05            1.67987074e+00            9.98293574e-01            1.00165322e+00     2.418889087214726e+04     2.418909149218036e+04     2.418929295723474e+04     2.418949380942611e+04     2.418969478978960e+04     2.419049870743193e+04
   24400           -1.26830810e+05            7.12233805e-01            9.99262974e-01            1.00068741e+00     2.414903922533825e+04     2.414911920820113e+04     2.414920015284399e+04     2.414928046073535e+04     2.414936087384076e+04     2.414968252234326e+04
   24600           -1.26808089e+05            3.10213544e+00            9.96880548e-01            1.00308469e+00     2.424571939985454e+04     2.424609836280899e+04     2.424647820112366e+04     2.424685742053416e+04     2.424723676254892e+04     2.424875412524330e+04
   24800           -1.26833086e+05            1.80636194e+00            9.98166486e-01            1.00177911e+00     2.417915865071447e+04     2.417937598223583e+04     2.417959410492592e+04     2.417981166370393e+04     2.418002933604457e+04     2.418090002137467e+04
   25000           -1.26908131e+05            3.13126590e+00            9.96839122e-01            1.00310145e+00     2.425206432296402e+04     2.425244618955025e+04     2.425282898813312e+04     2.425321112723499e+04     2.425359339632494e+04     2.425512246968587e+04
   25200           -1.27054282e+05            5.50707530e+00            9.94475161e-01            1.00548900e+00     2.419216203489275e+04     2.419284140720103e+04     2.419352158776666e+04     2.419420119443898e+04     2.419488091551663e+04     2.419759979614050e+04
   25400           -1.27044559e+05            4.55456395e+00            9.95420016e-01            1.00452885e+00     2.428616313339343e+04     2.428672447957625e+04     2.428728669750502e+04     2.428784829354880e+04     2.428841001528500e+04     2.429065689717657e+04
   25600           -1.27067824e+05            1.87551685e+00            9.98102158e-01            1.00185310e+00     2.421939763188324e+04     2.421962339098179e+04     2.421984999410697e+04     2.422007602376739e+04     2.422030215578377e+04     2.422120667968431e+04
   25800           -1.26984684e+05            4.08266471e-01            9.99551976e-01            1.00036848e+00     2.425656282499143e+04     2.425660462102291e+04     2.425664728377621e+04     2.425668935096087e+04     2.425673152807074e+04     2.425690023115006e+04
   26000           -1.27104972e+05            2.02282218e+00            9.97949056e-01            1.00199458e+00     2.412526831487864e+04     2.412551279965535e+04     2.412575803735829e+04     2.412600274815355e+04     2.412624756054553e+04     2.412722680621242e+04
   26200           -1.27326925e+05            4.23295106e-01            9.99543431e-01            1.00038999e+00     2.418612579265119e+04     2.418616942635096e+04     2.418621382684856e+04     2.418625768518848e+04     2.418630165052243e+04     2.418647750839367e+04
   26400           -1.26907787e+05            2.91776444e+00            9.97054290e-01            1.00288964e+00     2.438502157268406e+04     2.438537787042967e+04     2.438573494921809e+04     2.438609149846360e+04     2.438644814165757e+04     2.438787471063108e+04
   26600           -1.26915567e+05            1.11619296e+00            9.98855371e-01            1.00108769e+00     2.434011122831191e+04     2.434024271276244e+04     2.434037499933502e+04     2.434050671135906e+04     2.434063854046693e+04     2.434116585262194e+04
   26800           -1.26961384e+05            1.95091487e+00            9.98025689e-01            1.00192742e+00     2.417253703945502e+04     2.417277287105505e+04     2.417300946652266e+04     2.417324552440605e+04     2.417348168728442e+04     2.417442633511382e+04
   27000           -1.26551943e+05            5.65868588e-01            9.99406582e-01            1.00053829e+00     2.428728117868475e+04     2.428734319499422e+04     2.428740609049622e+04     2.428746834184161e+04     2.428753073121985e+04     2.428778028375495e+04
   27200           -1.26809323e+05            2.43081100e+00            9.97542866e-01            1.00240435e+00     2.426329331080059e+04     2.426358685236450e+04     2.426388114620346e+04     2.426417488683875e+04     2.426446874668503e+04     2.426564418256947e+04
   27400           -1.26762207e+05            2.57910004e+00            9.97401281e-01            1.00255937e+00     2.413114160337844e+04     2.413145477573437e+04     2.413176881014643e+04     2.413208222087214e+04     2.413239576162180e+04     2.413364991986517e+04
   27600           -1.26848830e+05            1.68352554e+00            9.98295350e-01            1.00166233e+00     2.419916845711196e+04     2.419937018878493e+04     2.419957272971289e+04     2.419977472283879e+04     2.419997681349979e+04     2.420078516988762e+04
   27800           -1.26758086e+05            1.93312865e+00            9.98039006e-01            1.00190515e+00     2.427754698857548e+04     2.427778040996591e+04     2.427801469634869e+04     2.427824838601537e+04     2.427848218632207e+04     2.427941738406868e+04
   28000           -1.26542175e+05            5.95598875e-01            9.99381876e-01            1.00057305e+00     2.413601250206118e+04     2.413607874852596e+04     2.413614584431031e+04     2.413621232608339e+04     2.413627893492292e+04     2.413654536778466e+04
   28200           -1.26713462e+05            9.44729846e-01            9.99023637e-01            1.00091304e+00     2.410095457655948e+04     2.410106441741992e+04     2.410117512685710e+04     2.410128522282290e+04     2.410139543973630e+04     2.410183630291311e+04
   28400           -1.26472636e+05            4.48244834e-01            9.99536819e-01            1.00043329e+00     2.418650863591960e+04     2.418655618039878e+04     2.418660459938091e+04     2.418665239370508e+04     2.418670031465866e+04     2.418689199339772e+04
   28600           -1.26706876e+05            8.51331919e+00            9.91490160e-01            1.00851644e+00     2.432795056452839e+04     2.432900524943636e+04     2.433006080805573e+04     2.433111575529032e+04     2.433217082031786e+04     2.433639107610734e+04
   28800           -1.26511044e+05            7.55675748e-01            9.99218232e-01            1.00072954e+00     2.424343113940974e+04     2.424351643362343e+04     2.424360259641088e+04     2.424368814814025e+04     2.424377381960188e+04     2.424411649979403e+04
   29000           -1.26645736e+05            1.27886908e+00            9.98682884e-01            1.00124052e+00     2.432809140055444e+04     2.432824254362550e+04     2.432839452697152e+04     2.432854593351844e+04     2.432869744530247e+04     2.432930349005052e+04
   29200           -1.26580569e+05            1.04270520e+00            9.98927780e-01            1.00101313e+00     2.429904391552480e+04     2.429916478979197e+04     2.429928652496229e+04     2.429940764625173e+04     2.429952889122242e+04     2.430001386692005e+04
   29400           -1.26586772e+05            1.84091027e+00            9.98127812e-01            1.00180951e+00     2.427830460160198e+04     2.427852649114666e+04     2.427874922358888e+04     2.427897135407370e+04     2.427919360654437e+04     2.428008261148676e+04
   29600           -1.26924999e+05            4.44303853e-01            9.99533032e-01            1.00042162e+00     2.414976510006435e+04     2.414981030791817e+04     2.414985640109982e+04     2.414990189199511e+04     2.414994749045284e+04     2.415012988084132e+04
   29800           -1.26796199e+05            3.24705271e+00            9.96734609e-01            1.00322857e+00     2.441599228297856e+04     2.441639038996533e+04     2.441678927972139e+04     2.441718763365665e+04     2.441758608533228e+04     2.441917988768600e+04
   30000           -1.26803667e+05            8.53359866e-01            9.99124446e-01            1.00083113e+00     2.421761607710657e+04     2.421771458327996e+04     2.421781395831685e+04     2.421791271304848e+04     2.421801159347031e+04     2.421840710983404e+04
   30200           -1.26807485e+05            1.18354161e+00            9.98789586e-01            1.00115660e+00     2.413517143589285e+04     2.413531105629314e+04     2.413545152609366e+04     2.413559142111401e+04     2.413573141757556e+04     2.413629139925828e+04
   30400           -1.27011347e+05            1.71235892e+00            9.98264481e-01            1.00168912e+00     2.423059106968834e+04     2.423079724677056e+04     2.423100425050703e+04     2.423121066372556e+04     2.423141719678677e+04     2.423224332388520e+04
   30600           -1.26699748e+05            6.28244039e-01            9.99340121e-01            1.00059657e+00     2.418794300498485e+04     2.418801336308429e+04     2.418808458984411e+04     2.418815521316345e+04     2.418822595036800e+04     2.418850889575114e+04
   30800           -1.26748504e+05            3.27718911e+00            9.96687647e-01            1.00324177e+00     2.420643125418058e+04     2.420683170628822e+04     2.420723303734346e+04     2.420763378035841e+04     2.420803462301807e+04     2.420963799185555e+04
   31000           -1.26603297e+05            1.00691331e+00            9.98964644e-01            1.00097841e+00     2.421940664120948e+04     2.421952317724776e+04     2.421964050546439e+04     2.421975728079095e+04     2.421987416165708e+04     2.422034168210469e+04
   31200           -1.26509449e+05            1.33646173e+00            9.98644706e-01            1.00131758e+00     2.417672889334663e+04     2.417688757379740e+04     2.417704708607590e+04     2.417720599884032e+04     2.417736503556809e+04     2.417800117778955e+04
   31400           -1.26711291e+05            1.41062064e+00            9.98561692e-01            1.00138285e+00     2.424832068108453e+04     2.424848805531858e+04     2.424865631709681e+04     2.424882396881369e+04     2.424899173280018e+04     2.424966278451584e+04
   31600           -1.26578004e+05            3.63162200e+00            9.96350040e-01            1.00361312e+00     2.430276575055149e+04     2.430321053792399e+04     2.430365622234828e+04     2.430410129067468e+04     2.430454647247409e+04     2.430632719439668e+04
   31800           -1.26858040e+05            3.52768013e-01            9.99622197e-01            1.00032772e+00     2.420696536272741e+04     2.420700019173471e+04     2.420703589796610e+04     2.420707101516115e+04     2.420710623381680e+04     2.420724710490620e+04
   32000           -1.26679630e+05            2.01168689e+00            9.97964871e-01            1.00198815e+00     2.421194545606095e+04     2.421218901433225e+04     2.421243334916289e+04     2.421267713712162e+04     2.421292103230287e+04     2.421389660854480e+04
   32200           -1.26587886e+05            9.08187282e-01            9.99056501e-01            1.00087281e+00     2.423659820928753e+04     2.423670408311933e+04     2.423681073558344e+04     2.423691684593754e+04     2.423702305945658e+04     2.423744790962562e+04
   32400           -1.26864422e+05            3.90287302e+00            9.96087742e-01            1.00389337e+00     2.419576347285394e+04     2.419624273272591e+04     2.419672282860144e+04     2.419720233103395e+04     2.419768195139905e+04     2.419960042994416e+04
   32600           -1.26986173e+05            4.70669504e+00            9.95275240e-01            1.00468839e+00     2.425190584852506e+04     2.425248453700963e+04     2.425306407587415e+04     2.425364303910861e+04     2.425422210378746e+04     2.425653835904985e+04
   32800           -1.26998377e+05            2.95931239e+00            9.97009811e-01            1.00292823e+00     2.400158855867643e+04     2.400194937322955e+04     2.400231105967497e+04     2.400267215290308e+04     2.400303335242011e+04     2.400447814616378e+04
   33000           -1.26788201e+05            1.06644533e+00            9.98903760e-01            1.00103659e+00     2.421359863324735e+04     2.421372429314112e+04     2.421385076928841e+04     2.421397667444705e+04     2.421410268983559e+04     2.421460674642383e+04
   33200           -1.26776590e+05            2.81233607e+00            9.97159607e-01            1.00278411e+00     2.427530602028769e+04     2.427564886309465e+04     2.427599256861488e+04     2.427633567653254e+04     2.427667889669290e+04     2.427805177309811e+04
   33400           -1.26920029e+05            7.07800916e-01            9.99274413e-01            1.00068999e+00     2.433336062761422e+04     2.433343983870541e+04     2.433351983728534e+04     2.433359927790088e+04     2.433367882890573e+04     2.433399703019723e+04
   33600           -1.26807906e+05            2.19923213e+00            9.97774105e-01            1.00217245e+00     2.426967756286925e+04     2.426994400317832e+04     2.427021131243153e+04     2.427047801429694e+04     2.427074483297481e+04     2.427181210308037e+04
   33800           -1.26754296e+05            2.48888902e+00            9.97483215e-01            1.00246084e+00     2.415276629635400e+04     2.415306910649221e+04     2.415337273576641e+04     2.415367579423081e+04     2.415397896162052e+04     2.415519162688705e+04
   34000           -1.26673905e+05            1.32060383e+00            9.98654147e-01            1.00129529e+00     2.412542095363797e+04     2.412557801757647e+04     2.412573590569598e+04     2.412589322082154e+04     2.412605064496036e+04     2.412668033628274e+04
   34200           -1.26579628e+05            1.23219122e+00            9.98737595e-01            1.00120190e+00     2.424003435428789e+04     2.424018030177299e+04     2.424032706396436e+04     2.424047325710228e+04     2.424061955972408e+04     2.424120476516027e+04
   34400           -1.26537427e+05            1.68214272e+00            9.98290723e-01            1.00165491e+00     2.416207940657236e+04     2.416228032220866e+04     2.416248206736373e+04     2.416268323380113e+04     2.416288451090488e+04     2.416368961523740e+04
   34600           -1.26672009e+05            1.17906980e+00            9.98786190e-01            1.00114425e+00     2.430881874797826e+04     2.430895754104896e+04     2.430909711869609e+04     2.430923614923076e+04     2.430937528488830e+04     2.430993182179833e+04
   34800           -1.26818152e+05            4.65273234e+00            9.95324834e-01            1.00463002e+00     2.421978556145941e+04     2.422035875452618e+04     2.422093285106378e+04     2.422150631089173e+04     2.422207989556717e+04     2.422437422967492e+04
   35000           -1.26828371e+05            1.77843304e+00            9.98200022e-01            1.00175681e+00     2.434145485768991e+04     2.434166779731514e+04     2.434188155011729e+04     2.434209472249003e+04     2.434230801188881e+04     2.434316116608770e+04
   35200           -1.26868587e+05            5.72615524e-01            9.99410209e-01            1.00055542e+00     2.421980644943257e+04     2.421986982256166e+04     2.421993407475483e+04     2.421999770932935e+04     2.422006146386542e+04     2.422031647829826e+04
   35400           -1.26639216e+05            6.26233482e+00            9.93726009e-01            1.00625037e+00     2.433092870489660e+04     2.433170165211826e+04     2.433247539615108e+04     2.433324857540265e+04     2.433402186727587e+04     2.433711502965514e+04
   35600           -1.26827442e+05            5.53068086e-01            9.99418193e-01            1.00052430e+00     2.419095733633079e+04     2.419101789898029e+04     2.419107930855080e+04     2.419114014103057e+04     2.419120107656779e+04     2.419144481680479e+04
   35800           -1.26781250e+05            3.11381226e+00            9.96859770e-01            1.00308721e+00     2.425652791608538e+04     2.425690790823353e+04     2.425728875886538e+04     2.425766901633723e+04     2.425804938441905e+04     2.425957085275273e+04
   36000           -1.26392353e+05            2.75795350e+00            9.97214065e-01            1.00272980e+00     2.424106403610110e+04     2.424139983225426e+04     2.424173654039419e+04     2.424207263198815e+04     2.424240883234769e+04     2.424375362859429e+04
   36200           -1.26525842e+05            1.29317194e+00            9.98676156e-01            1.00126242e+00     2.419461089725334e+04     2.419476403016790e+04     2.419491797681496e+04     2.419507135540531e+04     2.419522484268686e+04     2.419583878812037e+04
   36400           -1.26679936e+05            2.14773855e+00            9.97824259e-01            1.00211961e+00     2.417354674022167e+04     2.417380508625802e+04     2.417406433270354e+04     2.417432297102870e+04     2.417458171602397e+04     2.417561669182628e+04
   36600           -1.26594840e+05            3.57483808e+00            9.96398947e-01            1.00354840e+00     2.421602336817479e+04     2.421646220739782e+04     2.421690196729978e+04     2.421734109860616e+04     2.421778034354704e+04     2.421953731891929e+04
   36800           -1.26716603e+05            1.70424276e+00            9.98266573e-01            1.00167496e+00     2.430526659904272e+04     2.430547065163184e+04     2.430567558703373e+04     2.430587990830899e+04     2.430608434562342e+04     2.430690209220413e+04
   37000           -1.27017615e+05            2.77868704e+00            9.97188054e-01            1.00274523e+00     2.431158752257684e+04     2.431192642756467e+04     2.431226618371507e+04     2.431260535729101e+04     2.431294463742431e+04     2.431430175227178e+04
   37200           -1.27031842e+05            1.57261255e+00            9.98391227e-01            1.00153634e+00     2.421536823683675e+04     2.421555586616896e+04     2.421574434999722e+04     2.421593223556444e+04     2.421612023705401e+04     2.421687223727128e+04
   37400           -1.26703151e+05            4.02400244e+00            9.95948702e-01            1.00399644e+00     2.425284587808640e+04     2.425334073713468e+04     2.425383643148755e+04     2.425433152919460e+04     2.425482674764949e+04     2.425680761721258e+04
   37600           -1.26667977e+05            9.52777375e-01            9.99028091e-01            1.00093361e+00     2.417150005103030e+04     2.417161110934302e+04     2.417172304584763e+04     2.417183436914422e+04     2.417194580931610e+04     2.417239156760190e+04
   37800           -1.26802502e+05            1.24399394e+00            9.98723952e-01            1.00121186e+00     2.429835023452018e+04     2.429849562708316e+04     2.429864183634174e+04     2.429878746652995e+04     2.429893321203572e+04     2.429951618955126e+04
   38000           -1.26844958e+05            1.74815759e+00            9.98226910e-01            1.00172313e+00     2.416168431451697e+04     2.416189476395160e+04     2.416210611467656e+04     2.416231684508039e+04     2.416252768978388e+04     2.416337106505080e+04
   38200           -1.26640947e+05            3.51610395e+00            9.96460198e-01            1.00349221e+00     2.429431990341412e+04     2.429475058605936e+04     2.429518207159730e+04     2.429561297709899e+04     2.429604400268465e+04     2.429776810195517e+04
   38400           -1.26623910e+05            1.05711969e+00            9.98910751e-01            1.00102492e+00     2.423207035271514e+04     2.423219491016556e+04     2.423232036346102e+04     2.423244520282491e+04     2.423257015412501e+04     2.423306995553487e+04
   38600           -1.26594363e+05            1.24125981e+00            9.98730476e-01            1.00121292e+00     2.406726083454199e+04     2.406740901114176e+04     2.406755800990633e+04     2.406770644986808e+04     2.406785498958656e+04     2.406844914463113e+04
   38800           -1.26392365e+05            1.92551918e+00            9.98041100e-01            1.00189201e+00     2.421805120719084e+04     2.421828429290690e+04     2.421851817175416e+04     2.421875150606460e+04     2.421898494021520e+04     2.421991867323956e+04
   39000           -1.26350139e+05            1.79860366e+00            9.98174464e-01            1.00177157e+00     2.438469084783148e+04     2.438490639758940e+04     2.438512276339774e+04     2.438533858676771e+04     2.438555450141694e+04     2.438641815500239e+04
   39200           -1.26604803e+05            1.48821422e+00            9.98486673e-01            1.00146302e+00     2.432375822926735e+04     2.432393504213661e+04     2.432411274415705e+04     2.432428985672174e+04     2.432446706698287e+04     2.432517590469840e+04
   39400           -1.26621225e+05            6.87002069e-01            9.99278747e-01            1.00065270e+00     2.420965105121263e+04     2.420972789807279e+04     2.420980562844170e+04     2.420988276938802e+04     2.420996001034510e+04     2.421026896947758e+04
   39600           -1.26542104e+05            1.01422547e+00            9.98962964e-01            1.00099137e+00     2.428752447618136e+04     2.428764207992259e+04     2.428776061600696e+04     2.428787850898914e+04     2.428799652149672e+04     2.428846856681209e+04
   39800           -1.26443146e+05            3.34309084e+00            9.96635066e-01            1.00332108e+00     2.434246085272077e+04     2.434287122565504e+04     2.434328238243094e+04     2.434369298597104e+04     2.434410369829606e+04     2.434574654387135e+04
   40000           -1.26330428e+05            1.76466987e+00            9.98195800e-01            1.00172500e+00     2.416707660734220e+04     2.416728866437466e+04     2.416750154875734e+04     2.416771387068522e+04     2.416792629306655e+04     2.416877597879091e+04
   40200           -1.26650760e+05            7.27379333e+00            9.92728702e-01            1.00727607e+00     2.427904785383026e+04     2.427994756309499e+04     2.428084813252209e+04     2.428174808558771e+04     2.428264816418931e+04     2.428624847454836e+04
   40400           -1.26384392e+05            4.39725378e+00            9.95574287e-01            1.00436849e+00     2.442702420597107e+04     2.442756598149420e+04     2.442810866660852e+04     2.442865074171544e+04     2.442919292209906e+04     2.443136163822704e+04
   40600           -1.26682285e+05            1.06272432e+00            9.98909672e-01            1.00103506e+00     2.426341426830376e+04     2.426353771287581e+04     2.426366195310604e+04     2.426378563439272e+04     2.426390942472040e+04     2.426440458113704e+04
   40800           -1.26673740e+05            1.24043176e+00            9.98737027e-01            1.00121783e+00     2.434281114201900e+04     2.434295850846059e+04     2.434310669367075e+04     2.434325429989553e+04     2.434340202044946e+04     2.434399289887991e+04
   41000           -1.26773951e+05            2.98578969e+00            9.96992047e-01            1.00296348e+00     2.435559726008951e+04     2.435596107690671e+04     2.435632571899220e+04     2.435668976442086e+04     2.435705393427547e+04     2.435851060846142e+04
   41200           -1.26754539e+05            8.44790266e-01            9.99129593e-01            1.00081913e+00     2.435554959479195e+04     2.435564447361458e+04     2.435574019375761e+04     2.435583532689643e+04     2.435593057209177e+04     2.435631154939158e+04
   41400           -1.26771394e+05            7.26134726e-01            9.99231699e-01            1.00068391e+00     2.431409406338818e+04     2.431417753422488e+04     2.431426185292051e+04     2.431434560404050e+04     2.431442945231260e+04     2.431476484123701e+04
   41600           -1.27039935e+05            1.11407011e+00            9.98870301e-01            1.00109841e+00     2.424358638705218e+04     2.424371593275024e+04     2.424384629816076e+04     2.424397606416922e+04     2.424410595697568e+04     2.424462552689917e+04
   41800           -1.26846938e+05            1.19439113e+00            9.98788025e-01            1.00117676e+00     2.425346277439390e+04     2.425360214825646e+04     2.425374239023578e+04     2.425388202240194e+04     2.425402177334284e+04     2.425458077229178e+04
   42000           -1.27009416e+05            1.81119329e+00            9.98160942e-01            1.00178322e+00     2.423427765304544e+04     2.423449502849385e+04     2.423471314978632e+04     2.423493073991596e+04     2.423514843725823e+04     2.423601922147103e+04
   42200           -1.26769890e+05            8.46981345e-01            9.99119087e-01            1.00081299e+00     2.441947160353997e+04     2.441956878799572e+04     2.441966673633399e+04     2.441976413873522e+04     2.441986165253493e+04     2.442025170152989e+04
   42400           -1.27094757e+05            2.26600980e+00            9.97713406e-01            1.00224532e+00     2.425611053140828e+04     2.425638440690631e+04     2.425665910201226e+04     2.425693322102144e+04     2.425720745137539e+04     2.425830437134250e+04
   42600           -1.26921226e+05            1.07869113e+00            9.98902144e-01            1.00105948e+00     2.431675849524655e+04     2.431688426550364e+04     2.431701089280169e+04     2.431713693997094e+04     2.431726308937976e+04     2.431776768351297e+04
   42800           -1.27025370e+05            1.24726890e+00            9.98739093e-01            1.00123360e+00     2.419332532389534e+04     2.419347202426024e+04     2.419361965502375e+04     2.419376665392999e+04     2.419391376586715e+04     2.419450220783897e+04
   43000           -1.26988764e+05            1.29813054e+00            9.98671689e-01            1.00126787e+00     2.425006349705742e+04     2.425021641555817e+04     2.425037019575063e+04     2.425052335510781e+04     2.425067664275951e+04     2.425128978846160e+04
   43200           -1.27032275e+05            1.86552937e+00            9.98103994e-01            1.00183493e+00     2.409711706040295e+04     2.409734189647330e+04     2.409756761204085e+04     2.409779270647369e+04     2.409801792308216e+04     2.409891878576137e+04
   43400           -1.26906981e+05            1.52286907e+00            9.98452051e-01            1.00149771e+00     2.437703924255697e+04     2.437722222188733e+04     2.437740606885653e+04     2.437758932284495e+04     2.437777268402324e+04     2.437850612548950e+04
   43600           -1.27002134e+05            7.18473267e-01            9.99267021e-01            1.00070395e+00     2.425761586568138e+04     2.425769636909274e+04     2.425777783925745e+04     2.425785864580088e+04     2.425793957405303e+04     2.425826328242468e+04
   43800           -1.26846553e+05            3.60707225e+00            9.96374544e-01            1.00358852e+00     2.421877343509287e+04     2.421921696851950e+04     2.421966138554449e+04     2.422010519812956e+04     2.422054912034692e+04     2.422232480560099e+04
   44000           -1.26812905e+05            7.42208098e-01            9.99234593e-01            1.00071897e+00     2.429875026910459e+04     2.429883456544238e+04     2.429891969114662e+04     2.429900425568002e+04     2.429908891952375e+04     2.429942756994291e+04
   44200           -1.26804272e+05            1.30542460e+00            9.98663222e-01            1.00127399e+00     2.428362312764724e+04     2.428377773824968e+04     2.428393318652540e+04     2.428408806771240e+04     2.428424304945660e+04     2.428486297126595e+04
   44400           -1.26925224e+05            7.01526580e+00            9.92982570e-01            1.00701284e+00     2.420613184054576e+04     2.420699962393186e+04     2.420786814355882e+04     2.420873616691713e+04     2.420960427693437e+04     2.421307671332298e+04
   44600           -1.26968083e+05            2.66121743e+00            9.97318671e-01            1.00264099e+00     2.426952879905601e+04     2.426985358153184e+04     2.427017926497242e+04     2.427050434690439e+04     2.427082953070032e+04     2.427213026234463e+04
   44800           -1.26950838e+05            9.33215981e-01            9.99044820e-01            1.00091121e+00     2.432469828775218e+04     2.432480696193764e+04     2.432491647678039e+04     2.432502540270174e+04     2.432513444241711e+04     2.432557059708205e+04
   45000           -1.27254415e+05            3.89860348e+00            9.96084541e-01            1.00388158e+00     2.412946606965503e+04     2.412994512244825e+04     2.413042499176084e+04     2.413090428245189e+04     2.413138368845595e+04     2.413330130725686e+04
   45200           -1.27302175e+05            1.40255836e+00            9.98573724e-01            1.00137877e+00     2.414021358839142e+04     2.414038092974906e+04     2.414054913917268e+04     2.414071676868606e+04     2.414088449700591e+04     2.414155540562041e+04
   45400           -1.26973459e+05            1.83691955e+00            9.98143258e-01            1.00181702e+00     2.422568474681165e+04     2.422590648421596e+04     2.422612907776513e+04     2.422635109101556e+04     2.422657320710829e+04     2.422746166740492e+04
   45600           -1.27193787e+05            2.20467888e+00            9.97760475e-01            1.00216967e+00     2.414471461834510e+04     2.414498248632912e+04     2.414525127649751e+04     2.414551945239306e+04     2.414578773192845e+04     2.414686084551180e+04
   45800           -1.26908388e+05            1.00500650e+00            9.98960915e-01            1.00097086e+00     2.421340760409542e+04     2.421352350871806e+04     2.421364031309272e+04     2.421375651465089e+04     2.421387281996593e+04     2.421433803583644e+04
   46000           -1.27057472e+05            1.24846531e+00            9.98720933e-01            1.00121779e+00     2.416911458103890e+04     2.416926199427447e+04     2.416941019264205e+04     2.416955783953464e+04     2.416970559396065e+04     2.417029660688240e+04
   46200           -1.26902352e+05            3.31168444e+00            9.96664566e-01            1.00328775e+00     2.417661863565689e+04     2.417702303524946e+04     2.417742841947254e+04     2.417783315321069e+04     2.417823799388779e+04     2.417985735211868e+04
   46400           -1.26705062e+05            7.08803053e-01            9.99269202e-01            1.00068678e+00     2.413552450122595e+04     2.413560404979285e+04     2.413568443582991e+04     2.413576423924678e+04     2.413584415344649e+04     2.413616380566703e+04
   46600           -1.26882748e+05            1.12640681e+00            9.98846161e-01            1.00109891e+00     2.419436116745296e+04     2.419449214776043e+04     2.419462400189578e+04     2.419475524048434e+04     2.419488659939808e+04     2.419541203134320e+04
   46800           -1.26594418e+05            2.83808794e+00            9.97130945e-01            1.00280693e+00     2.442104651162790e+04     2.442139270343573e+04     2.442173978800005e+04     2.442208624373216e+04     2.442243282219847e+04     2.442381913276903e+04
   47000           -1.26832084e+05            1.20730988e+00            9.98776866e-01            1.00119145e+00     2.433227607066482e+04     2.433241747625545e+04     2.433255974717596e+04     2.433270141786253e+04     2.433284320170548e+04     2.433341033274615e+04
   47200           -1.26701425e+05            1.28290058e+00            9.98698744e-01            1.00126450e+00     2.427924963150044e+04     2.427940000619967e+04     2.427955128005055e+04     2.427970193632722e+04     2.427985270585435e+04     2.428045578020827e+04
   47400           -1.26818956e+05            6.19145555e-01            9.99355812e-01            1.00059407e+00     2.417454215979329e+04     2.417461049935382e+04     2.417467973483704e+04     2.417474838342736e+04     2.417481712576233e+04     2.417509209173136e+04
   47600           -1.26770886e+05            2.59713767e+00            9.97362614e-01            1.00255667e+00     2.423458321904070e+04     2.423489969997597e+04     2.423521699682724e+04     2.423553371502353e+04     2.423585054845035e+04     2.423711787786000e+04
   47800           -1.27046747e+05            1.05002617e+00            9.98913385e-01            1.00101336e+00     2.423233246236482e+04     2.423245533517953e+04     2.423257902141608e+04     2.423270214765504e+04     2.423282537762638e+04     2.423331829288793e+04
   48000           -1.27012224e+05            2.89562123e+00            9.97079711e-01            1.00287079e+00     2.414355556431173e+04     2.414390902441010e+04     2.414426333872971e+04     2.414461707067089e+04     2.414497090721220e+04     2.414638625011267e+04
   48200           -1.27002173e+05            2.79865735e+00            9.97181400e-01            1.00277859e+00     2.413230350428223e+04     2.413264434105736e+04     2.413298595930843e+04     2.413332704233453e+04     2.413366822320269e+04     2.413503294212316e+04
   48400           -1.26804370e+05            1.19350073e+00            9.98790694e-01            1.00117766e+00     2.425209389025164e+04     2.425223433156366e+04     2.425237565063445e+04     2.425251635551689e+04     2.425265717813907e+04     2.425322046602651e+04
   48600           -1.26834797e+05            2.23178778e+00            9.97744105e-01            1.00220757e+00     2.419608888649445e+04     2.419635884554282e+04     2.419662957353368e+04     2.419689974572589e+04     2.419717003348948e+04     2.419825118048451e+04
   48800           -1.26972031e+05            2.33907882e+00            9.97630511e-01            1.00230852e+00     2.410093736450761e+04     2.410122173699588e+04     2.410150696217307e+04     2.410179159877753e+04     2.410207634565893e+04     2.410321532681024e+04
   49000           -1.27036800e+05            2.23527762e+00            9.97737475e-01            1.00220790e+00     2.429229212393251e+04     2.429256202308532e+04     2.429283270757923e+04     2.429310283183842e+04     2.429337306930407e+04     2.429445401467562e+04
   49200           -1.27074167e+05            3.20748008e+00            9.96777345e-01            1.00319219e+00     2.403488728690006e+04     2.403528024291350e+04     2.403567397766977e+04     2.403606717299913e+04     2.403646047016266e+04     2.403803365342526e+04
   49400           -1.27121780e+05            3.32640896e-01            9.99641758e-01            1.00030702e+00     2.423543533059578e+04     2.423546969579718e+04     2.423550488932256e+04     2.423553950797173e+04     2.423557423475391e+04     2.423571313891203e+04
   49600           -1.26976965e+05            2.64937642e+00            9.97327284e-01            1.00262590e+00     2.417219133141550e+04     2.417251325791580e+04     2.417283608648604e+04     2.417315831491465e+04     2.417348064343508e+04     2.417476995545467e+04
   49800           -1.27036443e+05            2.30501731e+00            9.97670004e-01            1.00227991e+00     2.409422922647795e+04     2.409450943483017e+04     2.409479043376866e+04     2.409507088020244e+04     2.409535143274624e+04     2.409647363901453e+04
   50000           -1.26823582e+05            5.72032232e-01            9.99402369e-01            1.00054640e+00     2.419018926542254e+04     2.419025254354479e+04     2.419031653496180e+04     2.419038003810378e+04     2.419044363014410e+04     2.419069799486567e+04
