#This file was generated on Thu Nov 23 15:33:28 2023
#Using the somd command, of the molecular library Sire version <2023.1.3> 
#For more information visit: https://github.com/michellab/Sire
#
#General information on simulation parameters:
#Simulation used 25000 moves, 2 cycles and 200 ps of simulation time
#Generating lambda is		 1.00000
#Alchemical array is		 (0.0, 0.125, 0.25, 0.375, 0.5, 1.0)
#Generating temperature is 	25°C
#Energy was saved every 200 steps 
#
#
#   [step]      [potential kcal/mol]       [gradient kcal/mol]      [forward Metropolis]     [backward Metropolis]                   [u_kl]
     200           -8.40882239e+04            2.06612858e+00            9.97936004e-01            1.00206826e+00     6.775486496456169e+03     6.775765129171761e+03     6.776043980502635e+03     6.776322669516482e+03     6.776601395513639e+03     6.777716294571108e+03
     400           -8.16235226e+04            1.77619176e+00            9.98225385e-01            1.00177777e+00     6.823699737135555e+03     6.823940941006119e+03     6.824182313259646e+03     6.824423547053847e+03     6.824664818556077e+03     6.825629899976600e+03
     600           -7.99097097e+04            2.38568913e+00            9.97617154e-01            1.00238854e+00     6.861179062068913e+03     6.861494309486037e+03     6.861809806932683e+03     6.862125125056493e+03     6.862440481207754e+03     6.863701900346594e+03
     800           -7.86063663e+04            9.65180877e-01            9.99035285e-01            1.00096565e+00     6.774422662717462e+03     6.774557669195087e+03     6.774692894308903e+03     6.774827959958088e+03     6.774963060819667e+03     6.775503458921871e+03
    1000           -7.79296145e+04            2.93597518e+00            9.97068331e-01            1.00294029e+00     6.881394227336916e+03     6.881780130828496e+03     6.882166238337907e+03     6.882552194488740e+03     6.882938185297695e+03     6.884482143258473e+03
    1200           -7.76185765e+04            5.79332533e-01            9.99420835e-01            1.00057950e+00     6.822558630993236e+03     6.822648987219432e+03     6.822739560940787e+03     6.822829975648645e+03     6.822920425126624e+03     6.823282219260011e+03
    1400           -7.72036165e+04            1.18345107e+00            9.98817249e-01            1.00118415e+00     6.806718856418243e+03     6.806886922607328e+03     6.807055171657346e+03     6.807223283827017e+03     6.807391428100411e+03     6.808063999782577e+03
    1600           -7.71509294e+04            3.41955552e-01            9.99658103e-01            1.00034201e+00     6.813945291917874e+03     6.814003400449372e+03     6.814061705549131e+03     6.814119867785693e+03     6.814178061399929e+03     6.814410830881984e+03
    1800           -7.70256429e+04            3.12551653e-01            9.99687497e-01            1.00031260e+00     6.796637219150127e+03     6.796692655984751e+03     6.796748257214696e+03     6.796803725526242e+03     6.796859229051582e+03     6.797081238953036e+03
    2000           -7.69447378e+04            1.85101296e+00            9.98150699e-01            1.00185273e+00     6.837034151238645e+03     6.837281424410508e+03     6.837528914719092e+03     6.837776251395993e+03     6.838023619630512e+03     6.839013088022381e+03
    2200           -7.68402180e+04            1.79674481e-01            9.99820342e-01            1.00017969e+00     6.770886399868913e+03     6.770925296524051e+03     6.770964440311329e+03     6.771003412231685e+03     6.771042417752017e+03     6.771198435635120e+03
    2400           -7.69015912e+04            1.52027258e+00            9.98480882e-01            1.00152143e+00     6.788127699745042e+03     6.788336756267438e+03     6.788545994802460e+03     6.788755092466998e+03     6.788964225018160e+03     6.789800750291277e+03
    2600           -7.68853984e+04            1.44820620e+00            9.98552842e-01            1.00144926e+00     6.776071784732485e+03     6.776271908130516e+03     6.776472226107469e+03     6.776672405305581e+03     6.776872613549246e+03     6.777673442366007e+03
    2800           -7.67953564e+04            5.28917167e-01            9.99471223e-01            1.00052906e+00     6.822641595152659e+03     6.822726964784742e+03     6.822812523015779e+03     6.822897928417891e+03     6.822983374101143e+03     6.823325153049627e+03
    3000           -7.69102392e+04            2.91534287e+00            9.97088903e-01            1.00291960e+00     6.842906903394462e+03     6.843288485331709e+03     6.843670329461530e+03     6.844051992521867e+03     6.844433690029739e+03     6.845960476665018e+03
    3200           -7.68938304e+04            1.24394602e+00            9.98756827e-01            1.00124472e+00     6.799757226848450e+03     6.799930966456452e+03     6.800104932660990e+03     6.800278732601654e+03     6.800452569402228e+03     6.801147911956005e+03
    3400           -7.68213463e+04            8.14964873e-01            9.99185367e-01            1.00081530e+00     6.780323934193137e+03     6.780445290312769e+03     6.780566898445290e+03     6.780688332240830e+03     6.780809799659870e+03     6.781295665126603e+03
    3600           -7.66970761e+04            1.71384932e+00            9.98287618e-01            1.00171532e+00     6.805461076467880e+03     6.805696866308554e+03     6.805932895037254e+03     6.806168753808472e+03     6.806404647797123e+03     6.807348219126367e+03
    3800           -7.66200784e+04            1.35605830e+00            9.98644861e-01            1.00135698e+00     6.754546373732860e+03     6.754736696422958e+03     6.754927209032264e+03     6.755117568279465e+03     6.755307968127415e+03     6.756069562521971e+03
    4000           -7.65248508e+04            1.21698393e+00            9.98783756e-01            1.00121772e+00     6.715235132859469e+03     6.715407683403176e+03     6.715580457708759e+03     6.715753061067417e+03     6.715925705457697e+03     6.716616278055926e+03
    4200           -7.66308558e+04            1.07645555e+00            9.98924124e-01            1.00107704e+00     6.715833350153778e+03     6.715984546372294e+03     6.716135971490320e+03     6.716287238348489e+03     6.716438535679646e+03     6.717043721205513e+03
    4400           -7.65257084e+04            8.47973938e-01            9.99152385e-01            1.00084833e+00     6.729571747951921e+03     6.729697410101683e+03     6.729823260342611e+03     6.729948968994552e+03     6.730074710866631e+03     6.730577673781341e+03
    4600           -7.64399995e+04            1.11746484e+00            9.98883159e-01            1.00111809e+00     6.822400938143629e+03     6.822559939742328e+03     6.822719153492450e+03     6.822878211381098e+03     6.823037304250460e+03     6.823673670357290e+03
    4800           -7.63945912e+04            1.51451435e+00            9.98486632e-01            1.00151566e+00     6.855670236586682e+03     6.855878894386125e+03     6.856087775051345e+03     6.856296484798389e+03     6.856505235866048e+03     6.857340235145412e+03
    5000           -7.64830636e+04            4.24410469e-01            9.99575680e-01            1.00042450e+00     6.764667487820944e+03     6.764736774136498e+03     6.764806244507785e+03     6.764875583145038e+03     6.764944949913871e+03     6.765222412006798e+03
    5200           -7.64903288e+04            5.66420923e+00            9.94351802e-01            1.00568028e+00     6.804012527440473e+03     6.804740124822826e+03     6.805467879727425e+03     6.806195506592927e+03     6.806923167650577e+03     6.809833807860682e+03
    5400           -7.65878265e+04            1.58430879e+00            9.98416946e-01            1.00158556e+00     6.798904513064552e+03     6.799118729830138e+03     6.799333185026742e+03     6.799547475347116e+03     6.799761797368484e+03     6.800619081672416e+03
    5600           -7.66354516e+04            2.60724987e+00            9.97396146e-01            1.00261065e+00     6.775620404397754e+03     6.775964396019667e+03     6.776308601447799e+03     6.776652659227016e+03     6.776996745974498e+03     6.778373087551242e+03
    5800           -7.67761270e+04            3.82412534e+00            9.96183177e-01            1.00383145e+00     6.766760876193656e+03     6.767256900050691e+03     6.767753167873646e+03     6.768249263069117e+03     6.768745393541015e+03     6.770729910888374e+03
    6000           -7.66918656e+04            2.58891326e+00            9.97414435e-01            1.00259227e+00     6.782177813897895e+03     6.782518083796365e+03     6.782858587274969e+03     6.783198929071936e+03     6.783539302333924e+03     6.784900790769952e+03
    6200           -7.66887790e+04            2.95149449e+00            9.97052857e-01            1.00295585e+00     6.778353638266630e+03     6.778740065107521e+03     6.779126685977728e+03     6.779513167636259e+03     6.779899679134324e+03     6.781445720002019e+03
    6400           -7.68588593e+04            1.41193814e+00            9.98589058e-01            1.00141294e+00     6.757905422228061e+03     6.758102150202903e+03     6.758299048744203e+03     6.758495822526123e+03     6.758692623788423e+03     6.759479825348784e+03
    6600           -7.67123275e+04            1.86402506e+00            9.98137711e-01            1.00186576e+00     6.775040809286016e+03     6.775289203170729e+03     6.775537744630988e+03     6.775786167942095e+03     6.776034622613678e+03     6.777028435941341e+03
    6800           -7.67853093e+04            1.52870034e+00            9.98472468e-01            1.00152987e+00     6.801593827621939e+03     6.801803725936356e+03     6.802013838475171e+03     6.802223786532785e+03     6.802433774534011e+03     6.803273721446082e+03
    7000           -7.68379333e+04            1.77137028e+00            9.98230198e-01            1.00177294e+00     6.728557569415533e+03     6.728794800414967e+03     6.729032262873767e+03     6.729269572874588e+03     6.729506908755120e+03     6.730456248094707e+03
    7200           -7.66725090e+04            1.32436925e+00            9.98676507e-01            1.00132525e+00     6.780669412189265e+03     6.780851287302472e+03     6.781033359847182e+03     6.781215298488575e+03     6.781397261971325e+03     6.782125111753384e+03
    7400           -7.66474719e+04            2.21264753e+00            9.97789799e-01            1.00221510e+00     6.774099657706347e+03     6.774392178963961e+03     6.774684974571224e+03     6.774977598794712e+03     6.775270247610890e+03     6.776440837515432e+03
    7600           -7.66298887e+04            2.40235984e+00            9.97600524e-01            1.00240525e+00     6.830961122155485e+03     6.831279561826851e+03     6.831598197185315e+03     6.831916678682845e+03     6.832235199153212e+03     6.833509276150939e+03
    7800           -7.66275175e+04            5.61955339e-01            9.99438203e-01            1.00056211e+00     6.833426783829602e+03     6.833516236296528e+03     6.833605880241874e+03     6.833695373065594e+03     6.833784904356883e+03     6.834143024884163e+03
    8000           -7.67037702e+04            2.64261890e+00            9.97360870e-01            1.00264611e+00     6.759741523790594e+03     6.760090709910248e+03     6.760440126121224e+03     6.760789364914926e+03     6.761138646930747e+03     6.762535770070901e+03
    8200           -7.66028939e+04            1.47760044e+00            9.98523491e-01            1.00147869e+00     6.776407285798475e+03     6.776610673605890e+03     6.776814262951928e+03     6.777017700956179e+03     6.777221174164447e+03     6.778035062530419e+03
    8400           -7.65650516e+04            9.21297979e-01            9.99079126e-01            1.00092172e+00     6.800784346649678e+03     6.800917634615003e+03     6.801051118491451e+03     6.801184450267053e+03     6.801317820031276e+03     6.801851293412875e+03
    8600           -7.66766405e+04            9.37480779e-01            9.99062959e-01            1.00093792e+00     6.818740901199465e+03     6.818875338489424e+03     6.819009952788792e+03     6.819144440447073e+03     6.819278955176315e+03     6.819817009153165e+03
    8800           -7.65363374e+04            2.08054009e+00            9.97921623e-01            1.00208271e+00     6.785554961990134e+03     6.785831187157196e+03     6.786107584682913e+03     6.786383848999602e+03     6.786660146309535e+03     6.787765330628936e+03
    9000           -7.66898226e+04            1.05293398e+00            9.98947620e-01            1.00105349e+00     6.780479978373101e+03     6.780628668576224e+03     6.780777640925056e+03     6.780926430681643e+03     6.781075249424322e+03     6.781670520475544e+03
    9200           -7.65609931e+04            4.19377800e-01            9.99580710e-01            1.00041947e+00     6.803955542600474e+03     6.804024777745001e+03     6.804094214655163e+03     6.804163502328640e+03     6.804232824030721e+03     6.804510105460966e+03
    9400           -7.67837173e+04            8.48061686e-01            9.99152298e-01            1.00084842e+00     6.800361942362112e+03     6.800484564030618e+03     6.800607394086931e+03     6.800730071047121e+03     6.800852782415737e+03     6.801343622469362e+03
    9600           -7.67754291e+04            1.85844197e-01            9.99814173e-01            1.00018586e+00     6.688933675010234e+03     6.688978825294860e+03     6.689024185732607e+03     6.689069383432115e+03     6.689114621099035e+03     6.689295567187836e+03
    9800           -7.65729540e+04            2.54233105e+00            9.97460898e-01            1.00254557e+00     6.822867100938833e+03     6.823204949158505e+03     6.823542967804246e+03     6.823880860059900e+03     6.824218780915671e+03     6.825570460892511e+03
   10000           -7.67240271e+04            7.39565079e-01            9.99260708e-01            1.00073984e+00     6.809713523895304e+03     6.809826639159109e+03     6.809939965412394e+03     6.810053136729198e+03     6.810166342266986e+03     6.810619160638668e+03
   10200           -7.66141748e+04            1.61461598e+00            9.98386687e-01            1.00161592e+00     6.848538367027897e+03     6.848752562427872e+03     6.848966951104439e+03     6.849181185410415e+03     6.849395459323217e+03     6.850252551618539e+03
   10400           -7.67383421e+04            3.24004217e+00            9.96765201e-01            1.00324530e+00     6.687437788920211e+03     6.687859169976194e+03     6.688280709758181e+03     6.688702126299682e+03     6.689123573568416e+03     6.690809358216621e+03
   10600           -7.66901224e+04            2.31863059e+00            9.97684055e-01            1.00232132e+00     6.774208683082852e+03     6.774515859580907e+03     6.774823273413751e+03     6.775130521120121e+03     6.775437801782396e+03     6.776666920481938e+03
   10800           -7.67167682e+04            3.13210472e+00            9.96872795e-01            1.00313701e+00     6.786266854283214e+03     6.786678503590371e+03     6.787090352652915e+03     6.787502054677386e+03     6.787913789490490e+03     6.789560724697764e+03
   11000           -7.66281347e+04            1.04058849e+00            9.98959953e-01            1.00104113e+00     6.851655812784707e+03     6.851804433322864e+03     6.851953234502617e+03     6.852101886923210e+03     6.852250580195495e+03     6.852845347606283e+03
   11200           -7.67606265e+04            3.22932735e+00            9.96775881e-01            1.00323455e+00     6.697881927235744e+03     6.698304184051080e+03     6.698726633760671e+03     6.699148938202171e+03     6.699571276471405e+03     6.701260625707067e+03
   11400           -7.68109327e+04            1.79796986e+00            9.98203646e-01            1.00179959e+00     6.789623437073898e+03     6.789869253706818e+03     6.790115284346085e+03     6.790361153674429e+03     6.790607060862299e+03     6.791590684650701e+03
   11600           -7.67859700e+04            1.06965481e+00            9.98930917e-01            1.00107023e+00     6.827216707621057e+03     6.827370005925794e+03     6.827523556948352e+03     6.827676921075290e+03     6.827830327084397e+03     6.828443946547737e+03
   11800           -7.65473658e+04            1.30501762e+00            9.98695834e-01            1.00130587e+00     6.762310216820450e+03     6.762493587136889e+03     6.762677151073424e+03     6.762860574743407e+03     6.763044029290345e+03     6.763777841760241e+03
   12000           -7.65446168e+04            5.39462011e-01            9.99460683e-01            1.00053961e+00     6.763952911856254e+03     6.764038483263306e+03     6.764124192054272e+03     6.764209789808500e+03     6.764295416933117e+03     6.764637922009980e+03
   12200           -7.66802052e+04            6.70579533e-02            9.99932944e-01            1.00006706e+00     6.791893950520783e+03     6.791916919648627e+03     6.791940147330883e+03     6.791963196429468e+03     6.791986280051988e+03     6.792078609583193e+03
   12400           -7.64783655e+04            8.40129117e-01            9.99160224e-01            1.00084048e+00     6.776903574777078e+03     6.777028050996600e+03     6.777152772227491e+03     6.777277321328140e+03     6.777401905158783e+03     6.777900235540488e+03
   12600           -7.68651505e+04            2.01863982e+00            9.97983396e-01            1.00202068e+00     6.763674939224581e+03     6.763946090018064e+03     6.764217508494219e+03     6.764488745818002e+03     6.764760016530430e+03     6.765845093836280e+03
   12800           -7.68686620e+04            1.48374381e+00            9.98517356e-01            1.00148485e+00     6.689025092352193e+03     6.689225905582864e+03     6.689426911385193e+03     6.689627766506901e+03     6.689828659411314e+03     6.690632226470435e+03
   13000           -7.67683773e+04            1.10716959e+00            9.98893443e-01            1.00110778e+00     6.760921385840762e+03     6.761075805672803e+03     6.761230424501530e+03     6.761384908085037e+03     6.761539417019178e+03     6.762157448197594e+03
   13200           -7.69438275e+04            9.61431263e-01            9.99039031e-01            1.00096189e+00     6.735466710937202e+03     6.735603499408829e+03     6.735740504987304e+03     6.735877344530037e+03     6.736014224051848e+03     6.736561737166495e+03
   13400           -7.69392582e+04            2.24103067e+00            9.97761479e-01            1.00224354e+00     6.761131922699700e+03     6.761429951862156e+03     6.761728204060648e+03     6.762026297473490e+03     6.762324423937261e+03     6.763516925174820e+03
   13600           -7.69867411e+04            1.58885192e+00            9.98412410e-01            1.00159011e+00     6.766958944302443e+03     6.767175182046669e+03     6.767391661412023e+03     6.767607955579119e+03     6.767824294479473e+03     6.768689644656503e+03
   13800           -7.68080896e+04            4.23841353e+00            9.95770556e-01            1.00424741e+00     6.809569118688330e+03     6.810116675092395e+03     6.810664421490343e+03     6.811212022075445e+03     6.811759658267786e+03     6.813950197847243e+03
   14000           -7.67804494e+04            1.57323609e-01            9.99842689e-01            1.00015734e+00     6.789196652722962e+03     6.789232640481502e+03     6.789268842132882e+03     6.789304893866188e+03     6.789340975267789e+03     6.789485297812615e+03
   14200           -7.67756565e+04            9.20319417e-01            9.99080104e-01            1.00092074e+00     6.789608556362084e+03     6.789742542398462e+03     6.789876752501391e+03     6.790010802123081e+03     6.790144885722603e+03     6.790681215083124e+03
   14400           -7.68294277e+04            2.19678631e+00            9.97805625e-01            1.00219920e+00     6.857972390425083e+03     6.858266737652902e+03     6.858561346018883e+03     6.858855770016198e+03     6.859150231430216e+03     6.860328072435348e+03
   14600           -7.67872429e+04            1.32712214e+00            9.98673758e-01            1.00132800e+00     6.802082443066552e+03     6.802262396614007e+03     6.802442559334850e+03     6.802622566158375e+03     6.802802608742220e+03     6.803522774417889e+03
   14800           -7.68823471e+04            2.24452900e+00            9.97757988e-01            1.00224705e+00     6.758406920944230e+03     6.758699733097119e+03     6.758992789075541e+03     6.759285674780230e+03     6.759578594336551e+03     6.760750267728872e+03
   15000           -7.67456663e+04            1.88934519e+00            9.98112439e-01            1.00189113e+00     6.868488630419621e+03     6.868740124451890e+03     6.868991821334073e+03     6.869243370949865e+03     6.869494953058204e+03     6.870501275696788e+03
   15200           -7.67267010e+04            2.03400045e+00            9.97968067e-01            1.00203607e+00     6.840134845277556e+03     6.840410062442906e+03     6.840685529512325e+03     6.840960812822470e+03     6.841236137005181e+03     6.842337428732808e+03
   15400           -7.68359639e+04            4.28533107e+00            9.95723838e-01            1.00429453e+00     6.769505524077525e+03     6.770060560633428e+03     6.770615757244549e+03     6.771170827851473e+03     6.771725930719435e+03     6.773946337361346e+03
   15600           -7.67959209e+04            3.02365526e+00            9.96980911e-01            1.00302823e+00     6.804522810379895e+03     6.804918553436470e+03     6.805314510406793e+03     6.805710317160372e+03     6.806106154409586e+03     6.807689498439276e+03
   15800           -7.67939068e+04            2.01244740e+00            9.97989576e-01            1.00201447e+00     6.725668310024740e+03     6.725936116979512e+03     6.726204119740861e+03     6.726471982381459e+03     6.726739874687413e+03     6.727811439350087e+03
   16000           -7.68472198e+04            8.51888023e-01            9.99148475e-01            1.00085225e+00     6.811030888109777e+03     6.811155804806542e+03     6.811280934831605e+03     6.811405912195854e+03     6.811530921873245e+03     6.812030955636712e+03
   16200           -7.67046008e+04            4.80622661e-01            9.99519493e-01            1.00048074e+00     6.831944583236294e+03     6.832022669090824e+03     6.832100934114360e+03     6.832179061808682e+03     6.832257223113807e+03     6.832569862991321e+03
   16400           -7.67265951e+04            2.63841358e+00            9.97365064e-01            1.00264190e+00     6.885136479517898e+03     6.885487600813552e+03     6.885838943836937e+03     6.886190135473929e+03     6.886541355441463e+03     6.887946231365028e+03
   16600           -7.68399146e+04            6.92363371e-01            9.99307876e-01            1.00069260e+00     6.773606248255483e+03     6.773712353590498e+03     6.773818676525217e+03     6.773924851104784e+03     6.774031053705365e+03     6.774455859155246e+03
   16800           -7.66575693e+04            2.29933464e+00            9.97703307e-01            1.00230198e+00     6.782166490180634e+03     6.782472360439245e+03     6.782778462647090e+03     6.783084408187766e+03     6.783390382470720e+03     6.784614274760806e+03
   17000           -7.65705009e+04            8.37650131e-01            9.99162701e-01            1.00083800e+00     6.795530432444472e+03     6.795655414346365e+03     6.795780592377432e+03     6.795905619537572e+03     6.796030683298827e+03     6.796530934153181e+03
   17200           -7.67294160e+04            9.71147775e-01            9.99029324e-01            1.00097162e+00     6.808752739473124e+03     6.808895705581584e+03     6.809038840482224e+03     6.809181838528490e+03     6.809324872933783e+03     6.809897006394443e+03
   17400           -7.68508119e+04            3.48868209e+00            9.96517396e-01            1.00349477e+00     6.812491151681701e+03     6.812943554212176e+03     6.813396154932850e+03     6.813848609691004e+03     6.814301097046156e+03     6.816111042410612e+03
   17600           -7.66303296e+04            1.66960644e+00            9.98331787e-01            1.00167100e+00     6.824195322843232e+03     6.824419561915524e+03     6.824644022422823e+03     6.824868333608858e+03     6.825092671558019e+03     6.825990020272806e+03
   17800           -7.68239354e+04            1.23647194e+00            9.98764292e-01            1.00123724e+00     6.742733337876917e+03     6.742907298853715e+03     6.743081509002767e+03     6.743255543819703e+03     6.743429614127945e+03     6.744125890378971e+03
   18000           -7.65010867e+04            1.25116898e+00            9.98749613e-01            1.00125195e+00     6.797320526611851e+03     6.797496819372481e+03     6.797673296418842e+03     6.797849631541172e+03     6.798026001264636e+03     6.798731475917421e+03
   18200           -7.65696257e+04            3.00404024e+00            9.97000467e-01            1.00300856e+00     6.717634315300044e+03     6.718025558707505e+03     6.718417001084774e+03     6.718808301524079e+03     6.719199631920717e+03     6.720764948541391e+03
   18400           -7.65544348e+04            1.21180065e+00            9.98788933e-01            1.00121254e+00     6.783600778472613e+03     6.783767273318478e+03     6.783934028095760e+03     6.784100604084527e+03     6.784267214143675e+03     6.784933649814738e+03
   18600           -7.66835587e+04            3.98559602e-02            9.99960145e-01            1.00003986e+00     6.788877067752603e+03     6.788900769364401e+03     6.788924687817204e+03     6.788948454817441e+03     6.788972252036921e+03     6.789067436321239e+03
   18800           -7.67342250e+04            4.49933513e-01            9.99550168e-01            1.00045003e+00     6.785037961539460e+03     6.785113219860108e+03     6.785188686117526e+03     6.785263996516295e+03     6.785339343046098e+03     6.785640724552738e+03
   19000           -7.66840371e+04            1.17658933e+00            9.98824103e-01            1.00117728e+00     6.717418645900681e+03     6.717584230978157e+03     6.717749972938660e+03     6.717915572903741e+03     6.718081216364635e+03     6.718743786828590e+03
   19200           -7.64595637e+04            7.44162207e-01            9.99256115e-01            1.00074444e+00     6.841111680008158e+03     6.841223111273612e+03     6.841334786642387e+03     6.841446288707263e+03     6.841557826332051e+03     6.842003972655944e+03
   19400           -7.65882675e+04            1.79796650e+00            9.98203649e-01            1.00179958e+00     6.792754737004920e+03     6.792998224846558e+03     6.793241944461197e+03     6.793485497952536e+03     6.793729086729264e+03     6.794703436453608e+03
   19600           -7.66017990e+04            2.65217364e+00            9.97351340e-01            1.00265569e+00     6.802429438972447e+03     6.802778536840311e+03     6.803127861911072e+03     6.803477018883381e+03     6.803826213687494e+03     6.805222988402540e+03
   19800           -7.66633459e+04            3.02411369e+00            9.96980454e-01            1.00302869e+00     6.757854331520103e+03     6.758244320722485e+03     6.758634517365796e+03     6.759024571314313e+03     6.759414652468393e+03     6.760974973416683e+03
   20000           -7.65928107e+04            3.73767064e-01            9.99626303e-01            1.00037384e+00     6.710495342144583e+03     6.710559460224885e+03     6.710623767486607e+03     6.710687929586451e+03     6.710752127186398e+03     6.711008912228213e+03
   20200           -7.64569028e+04            7.89949058e-01            9.99210363e-01            1.00079026e+00     6.702891606168058e+03     6.703008804536321e+03     6.703126233315515e+03     6.703243497390793e+03     6.703360796015538e+03     6.703829985863017e+03
   20400           -7.64068338e+04            3.48942510e-01            9.99651118e-01            1.00034900e+00     6.750617278425877e+03     6.750676739548504e+03     6.750736374983283e+03     6.750795879829774e+03     6.750855414907236e+03     6.751093551388596e+03
   20600           -7.66755268e+04            8.12697696e-01            9.99187632e-01            1.00081303e+00     6.798684914790239e+03     6.798803901055591e+03     6.798923091679290e+03     6.799042127497408e+03     6.799161199556776e+03     6.799637484323312e+03
   20800           -7.67274277e+04            1.52222346e+00            9.98478935e-01            1.00152338e+00     6.749074326553457e+03     6.749283490048523e+03     6.749492896637305e+03     6.749702117331487e+03     6.749911382571489e+03     6.750748438589520e+03
   21000           -7.66350643e+04            1.70635051e+00            9.98295104e-01            1.00170781e+00     6.772295855683088e+03     6.772529565709508e+03     6.772763455881682e+03     6.772997200064032e+03     6.773230983185614e+03     6.774166110688139e+03
   21200           -7.66010575e+04            6.38725935e-01            9.99361478e-01            1.00063893e+00     6.766118637521320e+03     6.766217117997991e+03     6.766315814338921e+03     6.766414352087702e+03     6.766512925275329e+03     6.766907213029339e+03
   21400           -7.66033146e+04            2.91269453e+00            9.97091543e-01            1.00291694e+00     6.734631855686621e+03     6.735013347822434e+03     6.735395047109437e+03     6.735776592575458e+03     6.736158172925863e+03     6.737684490165107e+03
   21600           -7.63909085e+04            2.37926612e+00            9.97623562e-01            1.00238210e+00     6.769258579351249e+03     6.769571466809538e+03     6.769884620887129e+03     6.770197599076923e+03     6.770510606793188e+03     6.771762634235128e+03
   21800           -7.65889258e+04            1.64024963e+00            9.98361095e-01            1.00164160e+00     6.778599906903385e+03     6.778820601476094e+03     6.779041479799862e+03     6.779262229579720e+03     6.779483005346471e+03     6.780366103789556e+03
   22000           -7.67073820e+04            1.16007969e+00            9.98840593e-01            1.00116075e+00     6.743528516425486e+03     6.743688677230969e+03     6.743849038475862e+03     6.744009254778643e+03     6.744169502315654e+03     6.744810488205821e+03
   22200           -7.66140359e+04            6.50438082e-01            9.99349773e-01            1.00065065e+00     6.828351722335618e+03     6.828450445405174e+03     6.828549350932421e+03     6.828648131190608e+03     6.828746935799596e+03     6.829142149263575e+03
   22400           -7.65508858e+04            1.91017406e+00            9.98091649e-01            1.00191200e+00     6.806941736860060e+03     6.807197662876719e+03     6.807453771518341e+03     6.807709746166291e+03     6.807965750761865e+03     6.808989764663674e+03
   22600           -7.66906457e+04            1.77087780e+00            9.98230689e-01            1.00177245e+00     6.721411847767678e+03     6.721654117497700e+03     6.721896541986996e+03     6.722138837500306e+03     6.722381168831623e+03     6.723350489895569e+03
   22800           -7.67313211e+04            1.57888861e+00            9.98422357e-01            1.00158014e+00     6.783534465229265e+03     6.783748600387123e+03     6.783962959211273e+03     6.784177157466444e+03     6.784391389594153e+03     6.785248313959040e+03
   23000           -7.68015171e+04            6.76596884e-01            9.99323632e-01            1.00067683e+00     6.765209003268633e+03     6.765310356285879e+03     6.765411966423778e+03     6.765513397568249e+03     6.765614863721626e+03     6.766020724174617e+03
   23200           -7.66566299e+04            2.01768041e+00            9.97984354e-01            1.00201972e+00     6.790379976691258e+03     6.790647212568315e+03     6.790914690287538e+03     6.791181987717629e+03     6.791449326604247e+03     6.792518676517238e+03
   23400           -7.68599699e+04            2.55780052e+00            9.97445468e-01            1.00256107e+00     6.869554151899718e+03     6.869894787037470e+03     6.870235670469302e+03     6.870576379409948e+03     6.870917123396652e+03     6.872280094893586e+03
   23600           -7.67639820e+04            1.49665118e+00            9.98504468e-01            1.00149777e+00     6.791446095542276e+03     6.791651006492593e+03     6.791856142916337e+03     6.792061111129990e+03     6.792266117981188e+03     6.793086140420101e+03
   23800           -7.66463947e+04            2.14336858e+00            9.97858927e-01            1.00214567e+00     6.753480650447107e+03     6.753766207005035e+03     6.754051979687089e+03     6.754337600586788e+03     6.754623251982972e+03     6.755765853518837e+03
   24000           -7.68363750e+04            1.42154371e+00            9.98579466e-01            1.00142255e+00     6.730228875493438e+03     6.730425518675088e+03     6.730622347435839e+03     6.730819022109580e+03     6.731015739219205e+03     6.731802602944973e+03
   24200           -7.66695248e+04            2.36012455e+00            9.97642658e-01            1.00236291e+00     6.795344235773557e+03     6.795658742605984e+03     6.795973479368437e+03     6.796288058016474e+03     6.796602666688305e+03     6.797861097603054e+03
   24400           -7.66609728e+04            9.28691542e-01            9.99071740e-01            1.00092912e+00     6.736613658165974e+03     6.736744253113559e+03     6.736875090930838e+03     6.737005758024842e+03     6.737136459642551e+03     6.737659261119129e+03
   24600           -7.67266281e+04            9.17481905e-01            9.99082939e-01            1.00091790e+00     6.802647792405741e+03     6.802779083182360e+03     6.802910600316557e+03     6.803041946425045e+03     6.803173332381560e+03     6.803698872357378e+03
   24800           -7.66166997e+04            2.54300038e+00            9.97460230e-01            1.00254624e+00     6.777325556579659e+03     6.777659493051031e+03     6.777993662463320e+03     6.778327658315062e+03     6.778661693958823e+03     6.779997831337987e+03
   25000           -7.68365853e+04            3.84553205e-01            9.99615521e-01            1.00038463e+00     6.713111339860350e+03     6.713179095498428e+03     6.713247028095136e+03     6.713314817236765e+03     6.713382644426941e+03     6.713653948993530e+03
   25200           -7.67475922e+04            1.35998489e+00            9.98640939e-01            1.00136091e+00     6.734253882076984e+03     6.734439557022285e+03     6.734625435621002e+03     6.734811159355902e+03     6.734996919603846e+03     6.735739957130710e+03
   25400           -7.66562923e+04            9.68500551e-01            9.99031968e-01            1.00096897e+00     6.703855310576070e+03     6.703992098244184e+03     6.704129055519928e+03     6.704265886474228e+03     6.704402746757590e+03     6.704950182939109e+03
   25600           -7.67943028e+04            2.21502357e-01            9.99778522e-01            1.00022153e+00     6.666549043164192e+03     6.666589469746297e+03     6.666630057408162e+03     6.666670515228137e+03     6.666711007324177e+03     6.666872971484164e+03
   25800           -7.69144085e+04            6.44078509e+00            9.93579912e-01            1.00646157e+00     6.754970295691091e+03     6.755794908116512e+03     6.756619709403743e+03     6.757444356683679e+03     6.758269045299165e+03     6.761567794907239e+03
   26000           -7.67681977e+04            1.02895727e+00            9.98971572e-01            1.00102949e+00     6.779854218203578e+03     6.780005110570546e+03     6.780156240072174e+03     6.780307191621973e+03     6.780458184565615e+03     6.781062150927651e+03
   26200           -7.67356474e+04            1.44242245e+00            9.98558617e-01            1.00144346e+00     6.777858841649460e+03     6.778061824516355e+03     6.778265022169202e+03     6.778468052691384e+03     6.778671124704440e+03     6.779483407759421e+03
   26400           -7.66185341e+04            3.15131298e+00            9.96853647e-01            1.00315628e+00     6.752072559509382e+03     6.752485152145718e+03     6.752897982364762e+03     6.753310648115817e+03     6.753723345862550e+03     6.755374132215717e+03
   26600           -7.66008627e+04            2.10383867e+00            9.97898373e-01            1.00210605e+00     6.731140169808214e+03     6.731421144803476e+03     6.731702330014587e+03     6.731983353917810e+03     6.732264416418253e+03     6.733388663028292e+03
   26800           -7.66705007e+04            7.78462423e-01            9.99221840e-01            1.00077877e+00     6.697698965946973e+03     6.697812004414770e+03     6.697925244352490e+03     6.698038336568908e+03     6.698151461154192e+03     6.698603956361411e+03
   27000           -7.66839286e+04            1.59588723e+00            9.98405386e-01            1.00159716e+00     6.727288700066935e+03     6.727506071829585e+03     6.727723629487959e+03     6.727941054643170e+03     6.728158507950822e+03     6.729028315834710e+03
   27200           -7.66393565e+04            7.17519482e-01            9.99282738e-01            1.00071778e+00     6.762386833597099e+03     6.762494318811149e+03     6.762601974439319e+03     6.762709500457981e+03     6.762817057620559e+03     6.763247281644020e+03
   27400           -7.64455686e+04            2.56796209e+00            9.97435332e-01            1.00257126e+00     6.781023843003143e+03     6.781357235974443e+03     6.781690799676485e+03     6.782024221432349e+03     6.782357682200627e+03     6.783691521398111e+03
   27600           -7.65796477e+04            1.65433901e+00            9.98347029e-01            1.00165571e+00     6.824320229820661e+03     6.824545218863963e+03     6.824770327139202e+03     6.824995334897438e+03     6.825220371575960e+03     6.826120513331259e+03
   27800           -7.66159650e+04           -2.86059048e-02            1.00002861e+00            9.99971395e-01     6.820479766468112e+03     6.820491854922169e+03     6.820504126900274e+03     6.820516259713141e+03     6.820528425274598e+03     6.820577084081083e+03
   28000           -7.67082567e+04            1.87974607e+00            9.98122020e-01            1.00188151e+00     6.764065673163514e+03     6.764315947579916e+03     6.764566380423621e+03     6.764816691088752e+03     6.765067031838841e+03     6.766068390514168e+03
   28200           -7.66933216e+04            3.98414088e+00            9.96023785e-01            1.00399209e+00     6.774330386758981e+03     6.774844069182615e+03     6.775357972357233e+03     6.775871726385145e+03     6.776385507654465e+03     6.778440628549948e+03
   28400           -7.66679012e+04            1.08666632e+00            9.98913924e-01            1.00108726e+00     6.776648115976491e+03     6.776802759689390e+03     6.776957571785251e+03     6.777112257086848e+03     6.777266972334578e+03     6.777885828692666e+03
   28600           -7.65892262e+04            2.24558136e+00            9.97756938e-01            1.00224810e+00     6.888174414576364e+03     6.888474398638843e+03     6.888774583624624e+03     6.889074629180399e+03     6.889374702013425e+03     6.890574989450487e+03
   28800           -7.66900455e+04            1.81358550e+00            9.98188058e-01            1.00181523e+00     6.770722695092152e+03     6.770965214842085e+03     6.771207941677493e+03     6.771450517180274e+03     6.771693126073568e+03     6.772663557054983e+03
   29000           -7.66372093e+04            2.52346910e+00            9.97479712e-01            1.00252666e+00     6.712887356400234e+03     6.713220848836649e+03     6.713554524880747e+03     6.713888066989418e+03     6.714221638699224e+03     6.715555920998214e+03
   29200           -7.68729965e+04            2.42143853e-01            9.99757885e-01            1.00024217e+00     6.804078470038344e+03     6.804124388528934e+03     6.804170535354493e+03     6.804216509424126e+03     6.804262523570291e+03     6.804446577102238e+03
   29400           -7.70353392e+04            2.99520694e+00            9.97009274e-01            1.00299970e+00     6.873064225076629e+03     6.873457198328774e+03     6.873850440255275e+03     6.874243494625283e+03     6.874636585872749e+03     6.876208946668870e+03
   29600           -7.68028336e+04            2.27332187e+00            9.97729260e-01            1.00227591e+00     6.776220727669468e+03     6.776522572026864e+03     6.776824618866773e+03     6.777126523184364e+03     6.777428456298142e+03     6.778636184926816e+03
   29800           -7.68212984e+04            3.39676107e+00            9.96609001e-01            1.00340254e+00     6.751950811688618e+03     6.752393582946059e+03     6.752836594976321e+03     6.753279429572274e+03     6.753722303840021e+03     6.755493795991423e+03
   30000           -7.67925486e+04            1.98541845e+00            9.98016551e-01            1.00198739e+00     6.815890222138044e+03     6.816156221015521e+03     6.816422439715026e+03     6.816688492882658e+03     6.816954584218128e+03     6.818018946298213e+03
   30200           -7.67618826e+04            2.33529061e+00            9.97667434e-01            1.00233802e+00     6.780176622648247e+03     6.780486484599659e+03     6.780796581331979e+03     6.781106508981632e+03     6.781416472868033e+03     6.782656323087818e+03
   30400           -7.68028848e+04            5.52793391e+00            9.94487317e-01            1.00554324e+00     6.760510423051391e+03     6.761218089219122e+03     6.761925944436844e+03     6.762633661283451e+03     6.763341408782615e+03     6.766172394513838e+03
   30600           -7.66176942e+04            2.18517864e+00            9.97817207e-01            1.00218757e+00     6.759028825315977e+03     6.759315454653068e+03     6.759602304893479e+03     6.759889002109271e+03     6.760175729366872e+03     6.761322633417767e+03
   30800           -7.68892367e+04            3.22560226e-01            9.99677492e-01            1.00032261e+00     6.689651367752307e+03     6.689705061001012e+03     6.689758980708853e+03     6.689812731183019e+03     6.689866520400350e+03     6.690081673048393e+03
   31000           -7.67481052e+04            1.50830569e+00            9.98492831e-01            1.00150944e+00     6.755237952612963e+03     6.755440654847413e+03     6.755643577271290e+03     6.755846327886121e+03     6.756049121161233e+03     6.756860289709503e+03
   31200           -7.69523226e+04            7.39010361e-01            9.99261263e-01            1.00073928e+00     6.750127024647570e+03     6.750235600352411e+03     6.750344341638413e+03     6.750452960562479e+03     6.750561607384346e+03     6.750996190121121e+03
   31400           -7.71689893e+04            2.92596015e+00            9.97078316e-01            1.00293024e+00     6.735753658306917e+03     6.736140825955128e+03     6.736528159668394e+03     6.736915359377532e+03     6.737302594694655e+03     6.738851531082392e+03
   31600           -7.67224248e+04            1.54580594e+00            9.98455388e-01            1.00154700e+00     6.767929222206554e+03     6.768135510553899e+03     6.768342051266598e+03     6.768548415208102e+03     6.768754814756096e+03     6.769580407305637e+03
   31800           -7.68169466e+04            8.81167274e-01            9.99119221e-01            1.00088156e+00     6.794651785477327e+03     6.794781289915919e+03     6.794910949932220e+03     6.795040487278645e+03     6.795170056057047e+03     6.795688326636767e+03
   32000           -7.69446830e+04            1.31033392e+00            9.98690524e-01            1.00131119e+00     6.800629994586709e+03     6.800814338287812e+03     6.800998834711055e+03     6.801183206340947e+03     6.801367611678348e+03     6.802105228769986e+03
   32200           -7.67235129e+04            2.41718057e+00            9.97585738e-01            1.00242010e+00     6.716065509537543e+03     6.716383145866112e+03     6.716701003423586e+03     6.717018702788048e+03     6.717336435741659e+03     6.718607361945773e+03
   32400           -7.65974517e+04            2.76347707e+00            9.97240338e-01            1.00276730e+00     6.751540319382269e+03     6.751904955177703e+03     6.752269803342610e+03     6.752634488110411e+03     6.752999212460769e+03     6.754458105539270e+03
   32600           -7.66877323e+04            5.15332979e+00            9.94859926e-01            1.00516663e+00     6.742447281525596e+03     6.743107213812901e+03     6.743767328199458e+03     6.744427301206805e+03     6.745087309075761e+03     6.747727336625928e+03
   32800           -7.66253111e+04            8.60211102e-01            9.99140159e-01            1.00086058e+00     6.793057687651049e+03     6.793182621927128e+03     6.793307755053534e+03     6.793432743771356e+03     6.793557763898941e+03     6.794057840146832e+03
   33000           -7.66233370e+04            1.82057069e+00            9.98181086e-01            1.00182223e+00     6.783153382024819e+03     6.783396023658884e+03     6.783638875287759e+03     6.783881572795063e+03     6.784124304724561e+03     6.785095227424303e+03
   33200           -7.64567959e+04            2.50325311e+00            9.97499877e-01            1.00250639e+00     6.825836173226016e+03     6.826164404782989e+03     6.826492873393971e+03     6.826821170034562e+03     6.827149504060493e+03     6.828462834894969e+03
   33400           -7.64463581e+04            3.00186981e-01            9.99699858e-01            1.00030023e+00     6.748302840662347e+03     6.748356349318314e+03     6.748410061439517e+03     6.748463622899629e+03     6.748517218259117e+03     6.748731595855887e+03
   33600           -7.65140832e+04            2.30101349e+00            9.97701632e-01            1.00230366e+00     6.781396783735318e+03     6.781702322157155e+03     6.782008089493440e+03     6.782313689094942e+03     6.782619326024936e+03     6.783841868314555e+03
   33800           -7.64976346e+04            8.96304753e-01            9.99104097e-01            1.00089671e+00     6.824761107077305e+03     6.824888339609640e+03     6.825015797463064e+03     6.825143095160471e+03     6.825270425922412e+03     6.825779744767520e+03
   34000           -7.67633053e+04            8.03759203e-01            9.99196564e-01            1.00080408e+00     6.734989110547920e+03     6.735109139944208e+03     6.735229351648836e+03     6.735349422671533e+03     6.735469528242577e+03     6.735949945937235e+03
   34200           -7.64888779e+04            2.86201994e+00            9.97142072e-01            1.00286612e+00     6.809261473944593e+03     6.809632924901308e+03     6.810004599473538e+03     6.810376116945601e+03     6.810747665764369e+03     6.812233857584150e+03
   34400           -7.66427763e+04            5.56375761e-01            9.99443779e-01            1.00055653e+00     6.762942408530647e+03     6.763033355450621e+03     6.763124523282877e+03     6.763215543386574e+03     6.763306590231216e+03     6.763670771931785e+03
   34600           -7.65625967e+04            1.55020415e+00            9.98450997e-01            1.00155141e+00     6.890198030918312e+03     6.890406302979047e+03     6.890614804252928e+03     6.890823132546863e+03     6.891031501454978e+03     6.891864971991645e+03
   34800           -7.67565961e+04            1.00787720e+00            9.98992631e-01            1.00100839e+00     6.740682215822203e+03     6.740822470984811e+03     6.740962922778407e+03     6.741103223947948e+03     6.741243561631093e+03     6.741804907439982e+03
   35000           -7.67874473e+04            9.09768458e-01            9.99090645e-01            1.00091018e+00     6.734407826092554e+03     6.734538701663415e+03     6.734669734410028e+03     6.734800642625585e+03     6.734931582856144e+03     6.735455339619733e+03
   35200           -7.66022643e+04            1.87574621e+00            9.98126012e-01            1.00187751e+00     6.766572224002562e+03     6.766823425464449e+03     6.767074856491946e+03     6.767326120250910e+03     6.767577420495476e+03     6.768582616988390e+03
   35400           -7.66826904e+04            4.79442238e-01            9.99520673e-01            1.00047956e+00     6.768442379038163e+03     6.768520685610541e+03     6.768599206490951e+03     6.768677561755383e+03     6.768755957404941e+03     6.769069535771719e+03
   35600           -7.65646555e+04            1.47350606e+00            9.98527579e-01            1.00147459e+00     6.774916701390947e+03     6.775117531553442e+03     6.775318592105958e+03     6.775519487349131e+03     6.775720417788082e+03     6.776524134185217e+03
   35800           -7.68460514e+04            9.32796445e-01            9.99067638e-01            1.00093323e+00     6.808954864058564e+03     6.809087674951871e+03     6.809220676558927e+03     6.809353538319293e+03     6.809486431027924e+03     6.810017997997283e+03
   36000           -7.68218075e+04            1.56369273e+00            9.98437529e-01            1.00156492e+00     6.825827321171960e+03     6.826042183476318e+03     6.826257241497645e+03     6.826472144473203e+03     6.826687086993095e+03     6.827546852814230e+03
   36200           -7.68261767e+04            9.28616867e-01            9.99071814e-01            1.00092905e+00     6.850557376220271e+03     6.850695790578651e+03     6.850834386869011e+03     6.850972836615832e+03     6.851111325184645e+03     6.851665274149019e+03
   36400           -7.67824452e+04            3.84204470e-01            9.99615869e-01            1.00038428e+00     6.779407305443225e+03     6.779474852134715e+03     6.779542642559139e+03     6.779610259771048e+03     6.779677912730490e+03     6.779948520017756e+03
   36600           -7.67455563e+04            9.94017528e-01            9.99006476e-01            1.00099451e+00     6.759191785015474e+03     6.759337146815796e+03     6.759482733641495e+03     6.759628156497143e+03     6.759773615561910e+03     6.760355446108346e+03
   36800           -7.68358008e+04            2.08149463e+00            9.97920670e-01            1.00208366e+00     6.746019673964898e+03     6.746297001136969e+03     6.746574541697079e+03     6.746851929167319e+03     6.747129349295046e+03     6.748239024625194e+03
   37000           -7.67646581e+04            2.79680896e+00            9.97207098e-01            1.00280072e+00     6.856064882660478e+03     6.856434085249747e+03     6.856803506496116e+03     6.857172770543583e+03     6.857542067963268e+03     6.859019253266058e+03
   37200           -7.66991296e+04            1.54932089e+00            9.98451879e-01            1.00155052e+00     6.703124076258574e+03     6.703339397329695e+03     6.703554909165343e+03     6.703770266397906e+03     6.703985664720852e+03     6.704847253183129e+03
   37400           -7.66853674e+04            1.17638337e+00            9.98824308e-01            1.00117708e+00     6.749421100199945e+03     6.749586933565998e+03     6.749752963207587e+03     6.749918841503947e+03     6.750084756797432e+03     6.750748413394921e+03
   37600           -7.68491811e+04            3.55581486e-01            9.99644482e-01            1.00035564e+00     6.770307745546277e+03     6.770375567647839e+03     6.770443623398234e+03     6.770511508433942e+03     6.770579431055774e+03     6.770851116565270e+03
   37800           -7.68590031e+04            1.35513158e+00            9.98645786e-01            1.00135605e+00     6.777011225953872e+03     6.777196985458988e+03     6.777382942622619e+03     6.777568757370554e+03     6.777754602717654e+03     6.778497979481435e+03
   38000           -7.67665490e+04            1.08285118e+00            9.98917735e-01            1.00108344e+00     6.782327787648994e+03     6.782484795431983e+03     6.782641976493623e+03     6.782799018684384e+03     6.782956097234733e+03     6.783584406820471e+03
   38200           -7.68466919e+04            3.19877598e+00            9.96806335e-01            1.00320390e+00     6.752872868786926e+03     6.753286607196590e+03     6.753700574777582e+03     6.754114373580206e+03     6.754528210024213e+03     6.756183551261500e+03
   38400           -7.67812785e+04            1.80556164e+00            9.98196067e-01            1.00180719e+00     6.800679010030649e+03     6.800922980244064e+03     6.801167162635785e+03     6.801411191159850e+03     6.801655252788799e+03     6.802631495546950e+03
   38600           -7.64967742e+04            2.08950775e+00            9.97912674e-01            1.00209169e+00     6.725794483252445e+03     6.726076133413821e+03     6.726357989869119e+03     6.726639690475637e+03     6.726921428023833e+03     6.728048372795221e+03
   38800           -7.66972701e+04            1.64003056e+00            9.98361314e-01            1.00164138e+00     6.732347490284430e+03     6.732570029845576e+03     6.732792764376941e+03     6.733015357665215e+03     6.733237982027166e+03     6.734128473769903e+03
   39000           -7.67547471e+04            2.33750194e+00            9.97665228e-01            1.00234024e+00     6.767946909714459e+03     6.768254889962805e+03     6.768563132084114e+03     6.768871182468634e+03     6.769179274927975e+03     6.770411640141489e+03
   39200           -7.66972075e+04            6.82474640e-01            9.99317758e-01            1.00068271e+00     6.817634107218414e+03     6.817739004290152e+03     6.817844123970787e+03     6.817949083882606e+03     6.818054077625847e+03     6.818474048033279e+03
   39400           -7.67582108e+04            6.79108201e-01            9.99321122e-01            1.00067934e+00     6.792638495759239e+03     6.792741011557350e+03     6.792843707964202e+03     6.792946268922713e+03     6.793048861492607e+03     6.793459227225976e+03
   39600           -7.66974824e+04            8.01172557e-01            9.99199148e-01            1.00080149e+00     6.901315314132513e+03     6.901433023721856e+03     6.901550951830896e+03     6.901668721139632e+03     6.901786525141584e+03     6.902257736150656e+03
   39800           -7.66009979e+04            1.46891080e+00            9.98532168e-01            1.00146999e+00     6.902245992532350e+03     6.902444285117797e+03     6.902642845215658e+03     6.902841222146417e+03     6.903039633439583e+03     6.903833274346815e+03
   40000           -7.66533676e+04            3.30689906e+00            9.96698563e-01            1.00331237e+00     6.801148738247412e+03     6.801576464641530e+03     6.802004418498414e+03     6.802432218947642e+03     6.802860047492558e+03     6.804571356737703e+03
   40200           -7.65231547e+04            1.19699691e+00            9.98803719e-01            1.00119771e+00     6.789675804048178e+03     6.789844528576994e+03     6.790013476918465e+03     6.790182255119780e+03     6.790351073273851e+03     6.791026342499525e+03
   40400           -7.63196721e+04            4.12493193e-01            9.99587592e-01            1.00041258e+00     6.845737296862597e+03     6.845803264989430e+03     6.845869419498868e+03     6.845935422561146e+03     6.846001465739719e+03     6.846265634616841e+03
   40600           -7.65868967e+04            3.62146762e+00            9.96385082e-01            1.00362803e+00     6.840598218244313e+03     6.841067944714663e+03     6.841537904263332e+03     6.842007694187941e+03     6.842477520936241e+03     6.844356823628170e+03
   40800           -7.63262976e+04            1.31099050e+00            9.98689868e-01            1.00131185e+00     6.798406834186189e+03     6.798585705303964e+03     6.798764777207638e+03     6.798943699005034e+03     6.799122655745808e+03     6.799838477305427e+03
   41000           -7.65887188e+04            1.18701750e+00            9.98813687e-01            1.00118772e+00     6.825958207402138e+03     6.826125505768640e+03     6.826292984615444e+03     6.826460343086288e+03     6.826627723177016e+03     6.827297238951894e+03
   41200           -7.66725135e+04            2.87895824e+00            9.97125182e-01            1.00288311e+00     6.783940797637815e+03     6.784318712081428e+03     6.784696793674376e+03     6.785074741661951e+03     6.785452724451038e+03     6.786964651264261e+03
   41400           -7.66163051e+04            1.17578634e+00            9.98824905e-01            1.00117648e+00     6.757445787060539e+03     6.757614923317970e+03     6.757784310426349e+03     6.757953529855576e+03     6.758122779082332e+03     6.758799771104124e+03
   41600           -7.64835288e+04            2.43232893e+00            9.97570627e-01            1.00243529e+00     6.795285854566160e+03     6.795603204931685e+03     6.795920808893208e+03     6.796238245012461e+03     6.796555710003928e+03     6.797825565441694e+03
   41800           -7.67261804e+04            1.31736549e+00            9.98683502e-01            1.00131823e+00     6.701138715325964e+03     6.701321303393308e+03     6.701504043815393e+03     6.701686654589043e+03     6.701869302158198e+03     6.702599888990431e+03
   42000           -7.64544285e+04            1.77636081e+00            9.98225216e-01            1.00177794e+00     6.865153224834077e+03     6.865391236798429e+03     6.865629483179276e+03     6.865867556963160e+03     6.866105669227213e+03     6.867058113620349e+03
   42200           -7.67074703e+04            1.45772100e+00            9.98543341e-01            1.00145878e+00     6.850864753248669e+03     6.851064104207182e+03     6.851263650712403e+03     6.851463055010458e+03     6.851662490479314e+03     6.852460227709960e+03
   42400           -7.66774763e+04            7.45437260e-01            9.99254841e-01            1.00074572e+00     6.826130565147214e+03     6.826239746387268e+03     6.826349102312846e+03     6.826458312385723e+03     6.826567562999422e+03     6.827004560851629e+03
   42600           -7.65227350e+04            2.98415238e+00            9.97020296e-01            1.00298861e+00     6.777142327781433e+03     6.777530353273675e+03     6.777918556085975e+03     6.778306618156984e+03     6.778694716454270e+03     6.780247105127108e+03
   42800           -7.67103140e+04            1.49968653e+00            9.98501437e-01            1.00150081e+00     6.812108978101057e+03     6.812314892140785e+03     6.812521009114062e+03     6.812726981904649e+03     6.812932984449453e+03     6.813756990797849e+03
   43000           -7.67513204e+04            1.57076136e+00            9.98430472e-01            1.00157200e+00     6.914206100333929e+03     6.914420929584862e+03     6.914635976330954e+03     6.914850865094850e+03     6.915065788059763e+03     6.915925475785596e+03
   43200           -7.66468521e+04            1.94813252e+00            9.98053764e-01            1.00195003e+00     6.799422575584113e+03     6.799682938142505e+03     6.799943525257315e+03     6.800203945515517e+03     6.800464403565198e+03     6.801506231546284e+03
   43400           -7.66639724e+04            8.01687021e-01            9.99198634e-01            1.00080201e+00     6.810667787998239e+03     6.810783697321149e+03     6.810899799457666e+03     6.811015756194377e+03     6.811131747401600e+03     6.811595706804960e+03
   43600           -7.66633207e+04            8.48005674e-01            9.99152354e-01            1.00084837e+00     6.874621481193979e+03     6.874743735403246e+03     6.874866231499484e+03     6.874988552337826e+03     6.875110911037071e+03     6.875600340880163e+03
   43800           -7.66695432e+04            2.84982782e+00            9.97154229e-01            1.00285389e+00     6.795650604615708e+03     6.796022289526487e+03     6.796394266165260e+03     6.796766046552382e+03     6.797137862287643e+03     6.798625119959577e+03
   44000           -7.67709933e+04            2.78442198e+00            9.97219451e-01            1.00278830e+00     6.826258887106819e+03     6.826623805211875e+03     6.826988925049708e+03     6.827353891154677e+03     6.827718893622592e+03     6.829178900138365e+03
   44200           -7.67041723e+04            1.47518494e+00            9.98525903e-01            1.00147627e+00     6.777183397487758e+03     6.777382788140093e+03     6.777582379754562e+03     6.777781828868764e+03     6.777981307263746e+03     6.778779217039734e+03
   44400           -7.67356811e+04            1.88029829e+00            9.98121468e-01            1.00188207e+00     6.780054674770369e+03     6.780308841650711e+03     6.780563220177672e+03     6.780817430187243e+03     6.781071683526208e+03     6.782088692282047e+03
   44600           -7.65586308e+04            1.69448947e-01            9.99830565e-01            1.00016946e+00     6.822206740732678e+03     6.822242550806817e+03     6.822278580493895e+03     6.822314454676352e+03     6.822350360598821e+03     6.822493980464963e+03
   44800           -7.67138724e+04            2.10389355e+00            9.97898318e-01            1.00210611e+00     6.820801827292966e+03     6.821087039883740e+03     6.821372444377085e+03     6.821657697156262e+03     6.821942988626283e+03     6.823084149959601e+03
   45000           -7.64585595e+04            5.33248358e-01            9.99466894e-01            1.00053339e+00     6.841665911382992e+03     6.841749557933417e+03     6.841833360930767e+03     6.841917042331227e+03     6.842000754060155e+03     6.842335596737317e+03
   45200           -7.65524275e+04            1.14009514e+00            9.98860555e-01            1.00114075e+00     6.740393972767512e+03     6.740552946198952e+03     6.740712116754235e+03     6.740871143560314e+03     6.741030202016606e+03     6.741666431265701e+03
   45400           -7.65212351e+04            9.02062889e-01            9.99098344e-01            1.00090247e+00     6.841011186110988e+03     6.841139511211046e+03     6.841268045917604e+03     6.841396433056271e+03     6.841524850608163e+03     6.842038515105337e+03
   45600           -7.67388659e+04            1.08029645e+00            9.98920287e-01            1.00108088e+00     6.741118231839668e+03     6.741268832950943e+03     6.741419606149057e+03     6.741570232534039e+03     6.741720901064082e+03     6.742323570288495e+03
   45800           -7.66621737e+04            8.84354061e-01            9.99116037e-01            1.00088475e+00     6.898439344098720e+03     6.898572564580958e+03     6.898706032986888e+03     6.898839313832287e+03     6.898972638609544e+03     6.899505933120368e+03
   46000           -7.66828744e+04            6.74399201e-01            9.99325828e-01            1.00067463e+00     6.862205803431988e+03     6.862304931712540e+03     6.862404283399515e+03     6.862503467374482e+03     6.862602690472381e+03     6.862999577512775e+03
   46200           -7.66968941e+04            1.22727880e+00            9.98773474e-01            1.00122803e+00     6.814780152566303e+03     6.814951652564740e+03     6.815123344178997e+03     6.815294885650297e+03     6.815466464760917e+03     6.816152776955531e+03
   46400           -7.64259126e+04            2.18943198e-01            9.99781081e-01            1.00021897e+00     6.707235282765812e+03     6.707281062477141e+03     6.707327046525909e+03     6.707372876602432e+03     6.707418742875471e+03     6.707602202985130e+03
   46600           -7.63738398e+04            1.01850884e+00            9.98982010e-01            1.00101903e+00     6.851124815492079e+03     6.851267091295515e+03     6.851409582789964e+03     6.851551918389521e+03     6.851694287301184e+03     6.852263759110289e+03
   46800           -7.64910046e+04            1.81206886e-01            9.99818810e-01            1.00018122e+00     6.779524433088881e+03     6.779561800562613e+03     6.779599417561066e+03     6.779636866758927e+03     6.779674346044990e+03     6.779824259001100e+03
   47000           -7.65225773e+04            5.83718097e-01            9.99416452e-01            1.00058389e+00     6.822618301591456e+03     6.822709318915518e+03     6.822800495915450e+03     6.822891545497301e+03     6.822982628456411e+03     6.823346955321365e+03
   47200           -7.65954640e+04            2.21591059e+00            9.97786543e-01            1.00221837e+00     6.841173024454251e+03     6.841467245944587e+03     6.841761662936827e+03     6.842055936190318e+03     6.842350242109601e+03     6.843527459764950e+03
   47400           -7.66006886e+04            1.92358221e+00            9.98078267e-01            1.00192543e+00     6.774055683197980e+03     6.774312308022348e+03     6.774569096426588e+03     6.774825752400940e+03     6.775082443319978e+03     6.776109203441975e+03
   47600           -7.65927633e+04            1.17543089e+00            9.98825260e-01            1.00117612e+00     6.842790523996106e+03     6.842955720060427e+03     6.843121135600285e+03     6.843286393313039e+03     6.843451684238579e+03     6.844112844481053e+03
   47800           -7.67523028e+04            1.06216929e+00            9.98938395e-01            1.00106273e+00     6.834015006481089e+03     6.834161168459364e+03     6.834307529153556e+03     6.834453740099348e+03     6.834599986040414e+03     6.835184965599739e+03
   48000           -7.67809156e+04            1.39941660e+00            9.98601562e-01            1.00140040e+00     6.796669374204685e+03     6.796857902368746e+03     6.797046655910648e+03     6.797235244479430e+03     6.797423869047120e+03     6.798178363889554e+03
   48200           -7.65694039e+04            1.69556331e+00            9.98305873e-01            1.00169700e+00     6.889231490702527e+03     6.889462579460887e+03     6.889693849966033e+03     6.889924981211431e+03     6.890156146096385e+03     6.891080801490245e+03
   48400           -7.66842645e+04            4.58695867e-01            9.99541409e-01            1.00045880e+00     6.813560434165361e+03     6.813636418076566e+03     6.813712645595252e+03     6.813788697070730e+03     6.813864786245276e+03     6.814169138325191e+03
   48600           -7.67602106e+04            2.53428189e+00            9.97468927e-01            1.00253750e+00     6.769558439822342e+03     6.769889036253886e+03     6.770219866946600e+03     6.770550524454193e+03     6.770881220996976e+03     6.772204002171611e+03
   48800           -7.64557877e+04            2.97701240e+00            9.97027415e-01            1.00298145e+00     6.852081813528922e+03     6.852472492833519e+03     6.852863360244217e+03     6.853254085705376e+03     6.853644844220639e+03     6.855207874912356e+03
   49000           -7.66439499e+04            4.42693314e+00            9.95582851e-01            1.00443675e+00     6.764282056846411e+03     6.764851116979454e+03     6.765420393574154e+03     6.765989504729577e+03     6.766558655555299e+03     6.768835254264187e+03
   49200           -7.66269942e+04            2.56502712e+00            9.97438260e-01            1.00256832e+00     6.862923285211225e+03     6.863259721964845e+03     6.863596350943631e+03     6.863932833846718e+03     6.864269351236918e+03     6.865615417262611e+03
   49400           -7.64628080e+04            1.38767528e+00            9.98613287e-01            1.00138864e+00     6.775545334433238e+03     6.775737034428140e+03     6.775928924431859e+03     6.776120662443618e+03     6.776312439886997e+03     6.777079545340755e+03
   49600           -7.66525682e+04            3.04772357e+00            9.96956916e-01            1.00305237e+00     6.766129414683773e+03     6.766525844074495e+03     6.766922455005899e+03     6.767318920921613e+03     6.767715424500366e+03     6.769301434316960e+03
   49800           -7.66026491e+04            1.87128979e+00            9.98130460e-01            1.00187304e+00     6.825443303412236e+03     6.825693657004450e+03     6.825944215307477e+03     6.826194624805810e+03     6.826445067056558e+03     6.827446830700881e+03
   50000           -7.67935995e+04            6.14460906e-01            9.99385728e-01            1.00061465e+00     6.748126836172616e+03     6.748220289084378e+03     6.748313924429935e+03     6.748407425146382e+03     6.748500956471981e+03     6.748875076771345e+03
