#This file was generated on Fri Feb 14 11:42:14 2025
#Using the somd command, of the molecular library Sire version <2024.4.0.dev> 
#For more information visit: https://github.com/openbiosim/sire
#
#General information on simulation parameters:
#Simulation used 50000 moves, 1 cycles and 200 ps of simulation time
#Generating lambda is		 0.25000
#Alchemical array is		 (0.0, 0.125, 0.25, 0.375, 0.5, 1.0)
#Generating temperature is 	25°C
#Energy was saved every 200 steps 
#
#
#   [step]               [potential]                [gradient]      [forward Metropolis]     [backward Metropolis]                   [u_kl]
     200           -8.35938531e+04            1.14890770e+01            9.88920750e-01            1.01190741e+00     6.824515392040461e+03     6.825911363854786e+03     6.827307592398468e+03     6.828703639731717e+03     6.830099723494001e+03     6.835684054947541e+03
     400           -8.11708658e+04            5.23432704e+00            9.95135066e-01            1.00560751e+00     6.805579357035794e+03     6.806190500595711e+03     6.806801823005026e+03     6.807413002770326e+03     6.808024219544512e+03     6.810469082053231e+03
     600           -7.95411880e+04            3.43409047e+00            9.96946053e-01            1.00381683e+00     6.836277645533504e+03     6.836661983672800e+03     6.837046549633302e+03     6.837430960217813e+03     6.837815400050800e+03     6.839353154568095e+03
     800           -7.84597973e+04            2.59337897e+00            9.97762375e-01            1.00295097e+00     6.892643239411505e+03     6.892924724841240e+03     6.893206457020778e+03     6.893488008717122e+03     6.893769600206047e+03     6.894895961000590e+03
    1000           -7.78758873e+04            4.79778298e+00            9.95599492e-01            1.00519881e+00     6.815428584156451e+03     6.815982217472580e+03     6.816536054970827e+03     6.817089746714098e+03     6.817643469080059e+03     6.819858354003667e+03
    1200           -7.73753919e+04            8.33086518e-01            9.99558495e-01            1.00122532e+00     6.842214460662040e+03     6.842272505531974e+03     6.842330829097637e+03     6.842388967051248e+03     6.842447138020318e+03     6.842679815378595e+03
    1400           -7.73409603e+04            3.09562858e+00            9.97245757e-01            1.00343911e+00     6.740549901755478e+03     6.740896202600253e+03     6.741242665964517e+03     6.741588996186775e+03     6.741935362488217e+03     6.743320823220955e+03
    1600           -7.71762569e+04            3.32235649e+00            9.97031544e-01            1.00367859e+00     6.768123319141570e+03     6.768497508309499e+03     6.768871927413426e+03     6.769246191694419e+03     6.769620483807125e+03     6.771117648472680e+03
    1800           -7.69906468e+04            1.56196707e+00            9.98766817e-01            1.00189178e+00     6.815212376301931e+03     6.815366417328933e+03     6.815520616663758e+03     6.815674690939763e+03     6.815828797871108e+03     6.816445219440284e+03
    2000           -7.69095635e+04            5.61214758e+00            9.94770324e-01            1.00599882e+00     6.812477694367918e+03     6.813136710212476e+03     6.813795956470952e+03     6.814455036577001e+03     6.815114152417987e+03     6.817750610468057e+03
    2200           -7.67578185e+04            2.80862104e+00            9.97523729e-01            1.00314283e+00     6.820079451649148e+03     6.820391444539686e+03     6.820703577681656e+03     6.821015591164361e+03     6.821327639063612e+03     6.822575826478077e+03
    2400           -7.68738338e+04            2.30921862e+00            9.98065987e-01            1.00268615e+00     6.854477294433288e+03     6.854721721178916e+03     6.854966329199384e+03     6.855210800708046e+03     6.855455304607885e+03     6.856433314782482e+03
    2600           -7.67594592e+04            4.07969427e+00            9.96278252e-01            1.00444053e+00     6.850517758096777e+03     6.850983583474361e+03     6.851449612696529e+03     6.851915496431809e+03     6.852381410830100e+03     6.854245063563423e+03
    2800           -7.66634142e+04            1.92730271e+00            9.98435511e-01            1.00229151e+00     6.853912726817587e+03     6.854110237754186e+03     6.854307964698418e+03     6.854505541069654e+03     6.854703147487086e+03     6.855493568156587e+03
    3000           -7.67442029e+04            3.64259649e+00            9.96730247e-01            1.00401813e+00     6.861326653233618e+03     6.861737994402597e+03     6.862149519585490e+03     6.862560911755752e+03     6.862972332744930e+03     6.864618012256241e+03
    3200           -7.69381905e+04            5.81260149e+00            9.94566198e-01            1.00619570e+00     6.810883218763690e+03     6.811565588107894e+03     6.812248137349932e+03     6.812930542042252e+03     6.813612984857607e+03     6.816342750951523e+03
    3400           -7.69000028e+04            3.94364810e+00            9.96437985e-01            1.00432826e+00     6.804474668762952e+03     6.804923199887332e+03     6.805371957614223e+03     6.805820546076975e+03     6.806269173642521e+03     6.808063678522090e+03
    3600           -7.69093059e+04            1.85975446e+00            9.98471933e-01            1.00219267e+00     6.824642137945099e+03     6.824834195172826e+03     6.825026428277891e+03     6.825218533263211e+03     6.825410666804217e+03     6.826179195663334e+03
    3800           -7.69884095e+04            1.43540018e+00            9.98933893e-01            1.00180575e+00     6.774368367269178e+03     6.774504095531045e+03     6.774640014656010e+03     6.774775783194170e+03     6.774911589912853e+03     6.775454812556528e+03
    4000           -7.68558577e+04            2.09074104e+00            9.98273974e-01            1.00245698e+00     6.914887659262696e+03     6.915105813049296e+03     6.915324184124951e+03     6.915542396719910e+03     6.915760643440557e+03     6.916633627618419e+03
    4200           -7.68681909e+04            2.38301680e+00            9.97987943e-01            1.00275574e+00     6.792316973118844e+03     6.792574119894048e+03     6.792831404901474e+03     6.793088570907708e+03     6.793345771854334e+03     6.794374570589825e+03
    4400           -7.71053525e+04            3.39412562e+00            9.96969251e-01            1.00375995e+00     6.884316885253984e+03     6.884697183628551e+03     6.885077706266810e+03     6.885458060602475e+03     6.885838453644200e+03     6.887360022034416e+03
    4600           -7.68922261e+04            4.37874036e+00            9.95993949e-01            1.00475465e+00     6.834793574626593e+03     6.835300094847348e+03     6.835806859735969e+03     6.836313447162651e+03     6.836820073085742e+03     6.838846571544893e+03
    4800           -7.66990320e+04            1.88529285e+00            9.98490771e-01            1.00226277e+00     6.867246437382560e+03     6.867438736671088e+03     6.867631214208628e+03     6.867823549490813e+03     6.868015921581054e+03     6.868785405779549e+03
    5000           -7.67577104e+04            4.93738121e+00            9.95443081e-01            1.00532154e+00     6.743462757695905e+03     6.744036132372858e+03     6.744609721244339e+03     6.745183152242626e+03     6.745756619162487e+03     6.748050480629069e+03
    5200           -7.64953427e+04            3.14400973e+00            9.97199654e-01            1.00348982e+00     6.744990431773439e+03     6.745344126204664e+03     6.745697996973224e+03     6.746051727938402e+03     6.746405494905848e+03     6.747820558038256e+03
    5400           -7.66425048e+04            2.70182850e+00            9.97667655e-01            1.00307330e+00     6.810139133316324e+03     6.810434096085458e+03     6.810729284719315e+03     6.811024322315697e+03     6.811319386956344e+03     6.812499640596364e+03
    5600           -7.66681327e+04            1.27193267e+00            9.99097380e-01            1.00164219e+00     6.846451411898985e+03     6.846567371693261e+03     6.846683513541982e+03     6.846799510286664e+03     6.846915545002512e+03     6.847379678106039e+03
    5800           -7.67704866e+04            3.80579100e+00            9.96551399e-01            1.00416567e+00     6.767740899852885e+03     6.768175013982566e+03     6.768609356393450e+03     6.769043542640052e+03     6.769477758439250e+03     6.771214617025616e+03
    6000           -7.70034378e+04            1.86493134e+00            9.98500618e-01            1.00223184e+00     6.848118210187337e+03     6.848304617698741e+03     6.848491228092916e+03     6.848677691340927e+03     6.848864186975446e+03     6.849610163763554e+03
    6200           -7.68617295e+04            2.15766797e+00            9.98201449e-01            1.00251833e+00     6.837595474526614e+03     6.837823030375389e+03     6.838050807417224e+03     6.838278433476097e+03     6.838506088262408e+03     6.839416701998204e+03
    6400           -7.67183069e+04            2.97123475e+00            9.97379227e-01            1.00332377e+00     6.839454269060911e+03     6.839784040001593e+03     6.840114026812508e+03     6.840443854961592e+03     6.840773718181095e+03     6.842093167301280e+03
    6600           -7.68561721e+04            2.84471842e+00            9.97543045e-01            1.00323468e+00     6.818065420284423e+03     6.818374122112463e+03     6.818683039461257e+03     6.818991808504931e+03     6.819300606007214e+03     6.820535791730005e+03
    6800           -7.68515714e+04            2.02047144e+00            9.98360729e-01            1.00240321e+00     6.791210326562412e+03     6.791417501530107e+03     6.791624910971049e+03     6.791832159555044e+03     6.792039438602857e+03     6.792868550643302e+03
    7000           -7.66320019e+04            2.93888706e+00            9.97418892e-01            1.00329876e+00     6.892698249123611e+03     6.893024794514748e+03     6.893351510544030e+03     6.893678083315423e+03     6.894004695879675e+03     6.895311142635738e+03
    7200           -7.68725433e+04            1.82206247e+00            9.98533569e-01            1.00217899e+00     6.886455563560762e+03     6.886639818854704e+03     6.886824283973197e+03     6.887008593663052e+03     6.887192938934568e+03     6.887930314308373e+03
    7400           -7.66657747e+04            3.10809114e+00            9.97280388e-01            1.00349897e+00     6.829269164586040e+03     6.829612654435303e+03     6.829956375059911e+03     6.830299920016272e+03     6.830643507214737e+03     6.832017849843433e+03
    7600           -7.65964009e+04            2.79515244e+00            9.97558693e-01            1.00315097e+00     6.933587623583400e+03     6.933893619249633e+03     6.934199819659537e+03     6.934505879974663e+03     6.934811967131266e+03     6.936036310679132e+03
    7800           -7.68879279e+04            1.06523045e+01            9.89766020e-01            1.01107882e+00     6.858907067039877e+03     6.860194421782074e+03     6.861482017607739e+03     6.862769447746393e+03     6.864056908758269e+03     6.869206750476660e+03
    8000           -7.67537071e+04            2.78031010e+00            9.97601199e-01            1.00316393e+00     6.911961138003224e+03     6.912261316759344e+03     6.912561730756369e+03     6.912861980030901e+03     6.913162261965439e+03     6.914363385927654e+03
    8200           -7.66631678e+04            3.83584400e+00            9.96509380e-01            1.00418369e+00     6.872467918136884e+03     6.872904534505215e+03     6.873341353347100e+03     6.873778033027062e+03     6.874214739439148e+03     6.875961560741412e+03
    8400           -7.66898422e+04            1.91540035e+00            9.98442085e-01            1.00227425e+00     6.905457039195920e+03     6.905652902232720e+03     6.905849019618242e+03     6.906044965146923e+03     6.906240941997250e+03     6.907024844798580e+03
    8600           -7.67912937e+04            1.56902871e+00            9.98787104e-01            1.00192628e+00     6.859840746269359e+03     6.859993470431609e+03     6.860146454832938e+03     6.860299254389265e+03     6.860452091589123e+03     6.861063436908887e+03
    8800           -7.67401845e+04            7.90018230e+00            9.92484863e-01            1.00829103e+00     6.824923841830041e+03     6.825867094200933e+03     6.826810522252019e+03     6.827753820176134e+03     6.828697147761055e+03     6.832470453692068e+03
    9000           -7.66431049e+04            2.38847781e+00            9.97989694e-01            1.00276845e+00     6.862879547224602e+03     6.863134000466810e+03     6.863388673883513e+03     6.863643186675228e+03     6.863897734959929e+03     6.864915922695256e+03
    9200           -7.68649008e+04            2.01190117e+00            9.98372665e-01            1.00239801e+00     6.880626221042773e+03     6.880834756434355e+03     6.881043520349085e+03     6.881252116141468e+03     6.881460749472929e+03     6.882295277903086e+03
    9400           -7.66753781e+04            6.45157773e-01            9.99712022e-01            1.00100280e+00     6.844908279727925e+03     6.844946714321197e+03     6.844985326464524e+03     6.845023802519745e+03     6.845062311394193e+03     6.845216343060461e+03
    9600           -7.68483978e+04            3.47446653e+00            9.96917037e-01            1.00386867e+00     6.804137944510407e+03     6.804526157129451e+03     6.804914596267371e+03     6.805302872436258e+03     6.805691183266252e+03     6.807244422022098e+03
    9800           -7.66143632e+04            4.54344576e+00            9.95813920e-01            1.00490401e+00     6.815246800214530e+03     6.815773702446010e+03     6.816300785017400e+03     6.816827727245975e+03     6.817354704703748e+03     6.819462609192966e+03
   10000           -7.66744814e+04            3.95827576e+00            9.96413864e-01            1.00433333e+00     6.820102954548726e+03     6.820552448164112e+03     6.821002179463765e+03     6.821451752470529e+03     6.821901353193633e+03     6.823699751838540e+03
   10200           -7.67478504e+04            6.68843887e+00            9.93705083e-01            1.00708706e+00     6.770462453040906e+03     6.771256108520481e+03     6.772049952820047e+03     6.772843652420639e+03     6.773637386956954e+03     6.776812320873003e+03
   10400           -7.65041683e+04            5.50231185e+00            9.94872433e-01            1.00588109e+00     6.905499276194008e+03     6.906143228189419e+03     6.906787419084804e+03     6.907431441187961e+03     6.908075497540113e+03     6.910651718886218e+03
   10600           -7.67619961e+04            3.84152877e+00            9.96494556e-01            1.00418017e+00     6.889201073520915e+03     6.889641653339298e+03     6.890082400802855e+03     6.890523018199893e+03     6.890963668201490e+03     6.892726262882065e+03
   10800           -7.67828276e+04            1.66608326e+01            9.83869808e-01            1.01720632e+00     6.853177189598388e+03     6.855213340238661e+03     6.857249718598580e+03     6.859285929093873e+03     6.861322177249031e+03     6.869467164899673e+03
   11000           -7.67659351e+04            4.05244199e+00            9.96315206e-01            1.00442304e+00     6.850981918929944e+03     6.851446358068852e+03     6.851910999293003e+03     6.852375486700699e+03     6.852840010823716e+03     6.854698102717487e+03
   11200           -7.68185011e+04            4.25511669e+00            9.96118381e-01            1.00463175e+00     6.859551484836312e+03     6.860041547092596e+03     6.860531809044523e+03     6.861021935062538e+03     6.861512086763123e+03     6.863472688689934e+03
   11400           -7.67441634e+04            4.17039738e+00            9.96173435e-01            1.00451706e+00     6.853977022211994e+03     6.854458792161055e+03     6.854940777293341e+03     6.855422605801908e+03     6.855904468452964e+03     6.857831914693933e+03
   11600           -7.68567569e+04            2.54129035e+00            9.97846336e-01            1.00293088e+00     6.830454570931803e+03     6.830727085816223e+03     6.830999831646247e+03     6.831272403777901e+03     6.831545016228126e+03     6.832635461524450e+03
   11800           -7.69351018e+04            1.89465009e+00            9.98478149e-01            1.00226886e+00     6.825153023037340e+03     6.825346139572883e+03     6.825539467160632e+03     6.825732633619356e+03     6.825925838556534e+03     6.826698654075729e+03
   12000           -7.65622421e+04            7.59805099e+00            9.92797323e-01            1.00799918e+00     6.908995565785202e+03     6.909901812398120e+03     6.910808257882274e+03     6.911714546224979e+03     6.912620874683140e+03     6.916246183581078e+03
   12200           -7.65661318e+04            1.15262899e+00            9.99213467e-01            1.00151957e+00     6.818103096560064e+03     6.818204453108336e+03     6.818306035449643e+03     6.818407455264553e+03     6.818508909318283e+03     6.818914722076503e+03
   12400           -7.67181600e+04            2.61207191e+00            9.97753431e-01            1.00297948e+00     6.890456167529712e+03     6.890739549848967e+03     6.891023144277826e+03     6.891306577404723e+03     6.891590048907898e+03     6.892723930286083e+03
   12600           -7.68555810e+04            3.44164724e+00            9.96902947e-01            1.00378859e+00     6.857644069493388e+03     6.858033495461188e+03     6.858423113845324e+03     6.858812585895199e+03     6.859202092997103e+03     6.860760116500819e+03
   12800           -7.67510000e+04            2.18209793e+00            9.98174327e-01            1.00254007e+00     6.882421227333994e+03     6.882649014970799e+03     6.882877007300496e+03     6.883104865773082e+03     6.883332746536315e+03     6.884244265738635e+03
   13000           -7.70008901e+04            4.10284790e+00            9.96263622e-01            1.00447229e+00     6.767870944210558e+03     6.768338844016784e+03     6.768806934390394e+03     6.769274875519837e+03     6.769742854304127e+03     6.771614764397695e+03
   13200           -7.67294499e+04            1.94967458e+00            9.98409556e-01            1.00231030e+00     6.877645254498962e+03     6.877844441487333e+03     6.878043861425581e+03     6.878243116977374e+03     6.878442406007610e+03     6.879239557516257e+03
   13400           -7.65744661e+04            2.07228733e+00            9.98324083e-01            1.00247030e+00     6.843172150678644e+03     6.843387881518001e+03     6.843603855406271e+03     6.843819649163720e+03     6.844035483630943e+03     6.844898816583242e+03
   13600           -7.65568168e+04            6.67960307e+00            9.93713707e-01            1.00707800e+00     6.868814293486206e+03     6.869606163189495e+03     6.870398272757558e+03     6.871190205396861e+03     6.871982177819969e+03     6.875150062153733e+03
   13800           -7.66065623e+04            5.32582870e+00            9.95035217e-01            1.00569064e+00     6.869647281897495e+03     6.870272488105203e+03     6.870897866086114e+03     6.871523106103634e+03     6.872148382768613e+03     6.874649483639731e+03
   14000           -7.66333234e+04            2.62055206e+00            9.97756274e-01            1.00299935e+00     6.749380907016425e+03     6.749665980142153e+03     6.749951304435450e+03     6.750236448172280e+03     6.750521630190456e+03     6.751662353364486e+03
   14200           -7.67771686e+04            3.57430734e+00            9.96793279e-01            1.00394450e+00     6.923445369673203e+03     6.923848960739972e+03     6.924252805363907e+03     6.924656488865894e+03     6.925060196440832e+03     6.926675023208461e+03
   14400           -7.65834740e+04            4.11500176e+00            9.96229421e-01            1.00446222e+00     6.920382832060953e+03     6.920855639221043e+03     6.921328627655972e+03     6.921801485732963e+03     6.922274371958288e+03     6.924165911855623e+03
   14600           -7.66065355e+04            2.49763845e+00            9.97873447e-01            1.00287057e+00     6.887166719611722e+03     6.887433044952601e+03     6.887699590223041e+03     6.887965967376546e+03     6.888232384952702e+03     6.889298050293681e+03
   14800           -7.67921642e+04            1.62019865e+00            9.98698310e-01            1.00193974e+00     6.804550705722027e+03     6.804715040166877e+03     6.804879564166521e+03     6.805043944464754e+03     6.805208358904355e+03     6.805866012086684e+03
   15000           -7.68254581e+04            6.00232959e+00            9.94376017e-01            1.00638510e+00     6.819071459181185e+03     6.819779242533267e+03     6.820487220640503e+03     6.821195046058456e+03     6.821902909778664e+03     6.824734360376143e+03
   15200           -7.68198110e+04            1.06917380e+01            9.89750436e-01            1.01114265e+00     6.876655595910765e+03     6.877948938741281e+03     6.879242526639921e+03     6.880535942792240e+03     6.881829393638523e+03     6.887003191366281e+03
   15400           -7.69150853e+04            2.15476291e+00            9.98197907e-01            1.00250895e+00     6.796173375153646e+03     6.796401173199107e+03     6.796629156196400e+03     6.796857009762657e+03     6.797084889769806e+03     6.797996404385966e+03
   15600           -7.67182106e+04            8.82158013e-01            9.99494565e-01            1.00125955e+00     6.827288701368326e+03     6.827353064006184e+03     6.827417581283836e+03     6.827481980217295e+03     6.827546408425093e+03     6.827804115481860e+03
   15800           -7.65584508e+04            1.66761942e+00            9.98693065e-01            1.00202951e+00     6.806331701100267e+03     6.806498222139267e+03     6.806664966695211e+03     6.806831552437781e+03     6.806998171331532e+03     6.807664641562796e+03
   16000           -7.65235913e+04            2.50993720e+00            9.97821663e-01            1.00284320e+00     6.830235448859305e+03     6.830508320454526e+03     6.830781416546426e+03     6.831054356038878e+03     6.831327326668153e+03     6.832419204477002e+03
   16200           -7.67952371e+04            3.48272674e+00            9.96890690e-01            1.00385873e+00     6.840629722268965e+03     6.841023896452922e+03     6.841418279102347e+03     6.841812507358594e+03     6.842206770580247e+03     6.843783818891530e+03
   16400           -7.66988619e+04            4.85681550e+00            9.95525630e-01            1.00524292e+00     6.834402037748937e+03     6.834965966599675e+03     6.835530122781752e+03     6.836094109194151e+03     6.836658134860166e+03     6.838914231971394e+03
   16600           -7.67278104e+04            2.95873371e+00            9.97413845e-01            1.00333351e+00     6.820428305568634e+03     6.820755484324080e+03     6.821082900539771e+03     6.821410154046298e+03     6.821737438566809e+03     6.823046571564984e+03
   16800           -7.66984909e+04            3.13168483e+00            9.97277870e-01            1.00354379e+00     6.883214305400686e+03     6.883560492852355e+03     6.883906872980230e+03     6.884253100217572e+03     6.884599366542003e+03     6.885984427683319e+03
   17000           -7.66056139e+04            2.07110686e+00            9.98303554e-01            1.00244732e+00     6.886188568473780e+03     6.886403285892022e+03     6.886618220190100e+03     6.886833009896643e+03     6.887047825118108e+03     6.887907081762437e+03
   17200           -7.68330827e+04            1.05563304e+00            9.99301156e-01            1.00141318e+00     6.877967305937136e+03     6.878056539329011e+03     6.878145990383316e+03     6.878235290723487e+03     6.878324620645379e+03     6.878681935353621e+03
   17400           -7.66354071e+04            3.54554617e+00            9.96815864e-01            1.00390950e+00     6.796893808078724e+03     6.797294532012930e+03     6.797695466348178e+03     6.798096241325673e+03     6.798497053789973e+03     6.800100299501222e+03
   17600           -7.65967466e+04            3.16513383e+00            9.97175298e-01            1.00350771e+00     6.866888369438173e+03     6.867243284620864e+03     6.867598357920211e+03     6.867953302431847e+03     6.868308281321571e+03     6.869728193204969e+03
   17800           -7.66741560e+04            1.67537618e+00            9.98670206e-01            1.00202212e+00     6.888494509680476e+03     6.888662323589086e+03     6.888830309515832e+03     6.888998171378383e+03     6.889166060017954e+03     6.889837610355432e+03
   18000           -7.68047208e+04            3.56051949e+00            9.96810127e-01            1.00393379e+00     6.945204775492698e+03     6.945602345016412e+03     6.946000088487864e+03     6.946397695322617e+03     6.946795336999751e+03     6.948385898506805e+03
   18200           -7.67349260e+04            2.14035099e+00            9.98239869e-01            1.00252220e+00     6.910412400539474e+03     6.910637742946030e+03     6.910863305317991e+03     6.911088708950507e+03     6.911314146652703e+03     6.912215892765933e+03
   18400           -7.70230421e+04            3.92402394e+00            9.96427343e-01            1.00427812e+00     6.877760887771027e+03     6.878209294261593e+03     6.878657916583559e+03     6.879106384900470e+03     6.879554885727851e+03     6.881348883684675e+03
   18600           -7.68211855e+04            2.48906956e+00            9.97874403e-01            1.00285435e+00     6.857941078362749e+03     6.858208730968797e+03     6.858476595176659e+03     6.858744314561049e+03     6.859012061450589e+03     6.860083044538429e+03
   18800           -7.66870693e+04            5.69272688e+00            9.94660676e-01            1.00605005e+00     6.842301636028404e+03     6.842973124721340e+03     6.843644829577235e+03     6.844316368238142e+03     6.844987946790387e+03     6.847674257552369e+03
   19000           -7.66075062e+04            2.08764393e+00            9.98292203e-01            1.00246907e+00     6.912808863247233e+03     6.913027306755577e+03     6.913245947178675e+03     6.913464435612566e+03     6.913682961405569e+03     6.914557059563904e+03
   19200           -7.67856163e+04            2.45081540e+00            9.97936528e-01            1.00284005e+00     6.803953156389891e+03     6.804214021459655e+03     6.804475097037992e+03     6.804736012284815e+03     6.804996965556103e+03     6.806040774722314e+03
   19400           -7.68646624e+04            1.67545701e+00            9.98650136e-01            1.00200214e+00     6.857339981007142e+03     6.857509867894258e+03     6.857679945686289e+03     6.857849883472477e+03     6.858019852596924e+03     6.858699724186705e+03
   19600           -7.67832331e+04            2.11950825e+00            9.98244748e-01            1.00248531e+00     6.855849016888487e+03     6.856071233715240e+03     6.856293673918547e+03     6.856515953744041e+03     6.856738267421167e+03     6.857627517953845e+03
   19800           -7.67476889e+04            2.44483577e+00            9.97922611e-01            1.00281407e+00     6.811552863630085e+03     6.811814030510449e+03     6.812075456246911e+03     6.812336713179243e+03     6.812597998001162e+03     6.813643132372237e+03
   20000           -7.67986136e+04            2.11769701e+00            9.98246886e-01            1.00248382e+00     6.871676965831663e+03     6.871900537583521e+03     6.872124357306863e+03     6.872348006500711e+03     6.872571688002659e+03     6.873466410173655e+03
   20200           -7.66190537e+04            1.85825714e+00            9.98513438e-01            1.00223133e+00     6.907010625128561e+03     6.907199749009109e+03     6.907389086385228e+03     6.907578281248945e+03     6.907767501116437e+03     6.908524377104313e+03
   20400           -7.67201394e+04            7.35567568e-01            9.99649924e-01            1.00112163e+00     6.872738005180757e+03     6.872785524997117e+03     6.872833259491897e+03     6.872880830297581e+03     6.872928440334874e+03     6.873118875488989e+03
   20600           -7.66597861e+04            5.16555508e+00            9.95194298e-01            1.00552905e+00     6.886102935360875e+03     6.886707104697813e+03     6.887311475125325e+03     6.887915695335293e+03     6.888519950239225e+03     6.890936965117577e+03
   20800           -7.69454079e+04            1.45677605e+00            9.98886573e-01            1.00180112e+00     6.857681436785362e+03     6.857819403736855e+03     6.857957577540838e+03     6.858095602136134e+03     6.858233658651969e+03     6.858785880518574e+03
   21000           -7.69021840e+04            1.87439170e+00            9.98516243e-01            1.00226649e+00     6.863491386837060e+03     6.863680393668838e+03     6.863869648758852e+03     6.864058724183295e+03     6.864247838323644e+03     6.865004289810227e+03
   21200           -7.68823951e+04            1.92222281e+00            9.98463646e-01            1.00230957e+00     6.799699140481475e+03     6.799895017790332e+03     6.800091101411032e+03     6.800287035883533e+03     6.800483002696245e+03     6.801266864911015e+03
   21400           -7.69041802e+04            1.35399943e+00            9.99019439e-01            1.00172845e+00     6.891648211730871e+03     6.891775772553846e+03     6.891903511996219e+03     6.892031104396319e+03     6.892158736941465e+03     6.892669262152057e+03
   21600           -7.66357242e+04            1.37821963e+00            9.99020500e-01            1.00177804e+00     6.830611594688677e+03     6.830739000802971e+03     6.830866666496216e+03     6.830994149323392e+03     6.831121669196605e+03     6.831631743704532e+03
   21800           -7.66841327e+04            4.83882632e+00            9.95541727e-01            1.00522300e+00     6.827034919543701e+03     6.827597833514145e+03     6.828160964462997e+03     6.828723933383721e+03     6.829286939558264e+03     6.831538959572827e+03
   22000           -7.65167377e+04            3.96676954e+00            9.96419786e-01            1.00435636e+00     6.893540042061140e+03     6.893991860546582e+03     6.894443882031288e+03     6.894895754352860e+03     6.895347659824119e+03     6.897155277587097e+03
   22200           -7.68048381e+04            4.92717796e+00            9.95451258e-01            1.00530928e+00     6.871669147023506e+03     6.872241332411598e+03     6.872813769239079e+03     6.873386032077098e+03     6.873958328608247e+03     6.876247510192989e+03
   22400           -7.68544326e+04            3.16978778e+00            9.97221720e-01            1.00356376e+00     6.893279592873322e+03     6.893632228960931e+03     6.893985116717924e+03     6.894337828873878e+03     6.894690575852235e+03     6.896101558831149e+03
   22600           -7.66296116e+04            4.68057155e+00            9.95682499e-01            1.00504699e+00     6.897163924151845e+03     6.897708092071123e+03     6.898252423671832e+03     6.898796632765177e+03     6.899340870716266e+03     6.901517817280686e+03
   22800           -7.67291710e+04            3.01489436e+00            9.97347593e-01            1.00337956e+00     6.803896965538142e+03     6.804228577162218e+03     6.804560354185248e+03     6.804892005643162e+03     6.805223687238376e+03     6.806550408938611e+03
   23000           -7.66230089e+04            2.51519485e+00            9.97818803e-01            1.00285087e+00     6.831861838215352e+03     6.832135638991236e+03     6.832409623807920e+03     6.832683469967295e+03     6.832957348752512e+03     6.834052859289673e+03
   23200           -7.69683961e+04            8.36597354e-01            9.99543187e-01            1.00121702e+00     6.769305404036011e+03     6.769363098269248e+03     6.769421056633620e+03     6.769478835497893e+03     6.769536647257025e+03     6.769767890478039e+03
   23400           -7.68866035e+04            7.76374641e-01            9.99578962e-01            1.00113226e+00     6.788321306195242e+03     6.788376721719186e+03     6.788432369774829e+03     6.788487860944364e+03     6.788543380723538e+03     6.788765455251833e+03
   23600           -7.68437352e+04            2.67028035e+00            9.97705451e-01            1.00304801e+00     6.805280687623816e+03     6.805572253769396e+03     6.805863989047677e+03     6.806155594379670e+03     6.806447231783032e+03     6.807613775942248e+03
   23800           -7.67330832e+04            2.53563313e+00            9.97793263e-01            1.00286619e+00     6.784585282281152e+03     6.784860728807748e+03     6.785136328713626e+03     6.785411811210380e+03     6.785687322383793e+03     6.786789362486435e+03
   24000           -7.67123505e+04            4.85080023e+00            9.95524167e-01            1.00522935e+00     6.861811910876896e+03     6.862377497653782e+03     6.862943288588886e+03     6.863508927291624e+03     6.864074601256041e+03     6.866337291635187e+03
   24200           -7.68056031e+04            4.68640345e+00            9.95687006e-01            1.00506326e+00     6.863912769042682e+03     6.864453284850842e+03     6.864993952407382e+03     6.865534489181269e+03     6.866075064323126e+03     6.868237359603570e+03
   24400           -7.69351514e+04            2.93412738e+00            9.97430880e-01            1.00330127e+00     6.885166147234320e+03     6.885489324296035e+03     6.885812742880307e+03     6.886136004682738e+03     6.886459291809670e+03     6.887752436385020e+03
   24600           -7.68034674e+04            1.88396121e+00            9.98460499e-01            1.00222972e+00     6.871720065099414e+03     6.871915091241794e+03     6.872110334774788e+03     6.872305411492991e+03     6.872500528496816e+03     6.873280991894217e+03
   24800           -7.66880590e+04            3.88719511e+00            9.96477268e-01            1.00425446e+00     6.891473079803008e+03     6.891916974896948e+03     6.892361051516636e+03     6.892805002651110e+03     6.893248977827919e+03     6.895024875852830e+03
   25000           -7.67813063e+04            3.37207990e+00            9.96974432e-01            1.00372091e+00     6.813383286381106e+03     6.813763941558274e+03     6.814144770208249e+03     6.814525460225724e+03     6.814906186481479e+03     6.816429086581854e+03
   25200           -7.67174139e+04            2.34473917e+00            9.98039269e-01            1.00273054e+00     6.799235046514677e+03     6.799483178081877e+03     6.799731503451379e+03     6.799979696265025e+03     6.800227914244958e+03     6.801220781975238e+03
   25400           -7.65306099e+04            3.03082600e+00            9.97315034e-01            1.00337877e+00     6.881011383135869e+03     6.881348628303924e+03     6.881686058298357e+03     6.882023337768333e+03     6.882360657686720e+03     6.883709932237570e+03
   25600           -7.66017308e+04            5.39696369e+00            9.94994869e-01            1.00579294e+00     6.837214843275241e+03     6.837847135424074e+03     6.838479686342382e+03     6.839112050170167e+03     6.839744454376171e+03     6.842274065477101e+03
   25800           -7.66900312e+04            3.83539962e+00            9.96530608e-01            1.00420419e+00     6.903508149739433e+03     6.903944242665984e+03     6.904380512392854e+03     6.904816655587580e+03     6.905252825868366e+03     6.906997501997300e+03
   26000           -7.64188353e+04            6.22396003e+00            9.94181181e-01            1.00663401e+00     6.918298503845674e+03     6.919031578883416e+03     6.919764893409571e+03     6.920498034910924e+03     6.921231213352555e+03     6.924163922859437e+03
   26200           -7.65920778e+04            2.65513992e+00            9.97729245e-01            1.00304156e+00     6.898415144299859e+03     6.898700623972779e+03     6.898986311032861e+03     6.899271857897425e+03     6.899557430917810e+03     6.900699717535760e+03
   26400           -7.67155923e+04            4.92032508e+00            9.95423603e-01            1.00526757e+00     6.797109899580129e+03     6.797684615869891e+03     6.798259540801355e+03     6.798834310420963e+03     6.799409115890480e+03     6.801708332200831e+03
   26600           -7.68001885e+04            1.97095776e+00            9.98389399e-01            1.00233273e+00     6.932879263413213e+03     6.933083706501318e+03     6.933288361053836e+03     6.933492859188178e+03     6.933697393052224e+03     6.934515522691236e+03
   26800           -7.65428959e+04            3.62834192e+00            9.96714301e-01            1.00397345e+00     6.878049247346783e+03     6.878461609255472e+03     6.878874184343111e+03     6.879286602345866e+03     6.879699055506037e+03     6.881348863665290e+03
   27000           -7.67330525e+04            3.48493648e+00            9.96886119e-01            1.00385856e+00     6.854081109380340e+03     6.854474227214175e+03     6.854867583452142e+03     6.855260763849363e+03     6.855653983804870e+03     6.857226858229399e+03
   27200           -7.69498040e+04            1.07510968e+00            9.99265511e-01            1.00141646e+00     6.846707600335179e+03     6.846800634100166e+03     6.846893881772930e+03     6.846986974727866e+03     6.847080101057260e+03     6.847452601779341e+03
   27400           -7.66910404e+04            5.25836720e+00            9.95122187e-01            1.00564285e+00     6.890835562024216e+03     6.891448410097967e+03     6.892061472942735e+03     6.892674374324665e+03     6.893287312961907e+03     6.895739063899598e+03
   27600           -7.65886417e+04            3.09007370e+00            9.97269974e-01            1.00345233e+00     6.907190930411833e+03     6.907534456371777e+03     6.907878175766627e+03     6.908221750390720e+03     6.908565358454239e+03     6.909939786496644e+03
   27800           -7.68110680e+04            2.86276004e+00            9.97480679e-01            1.00320816e+00     6.839449225842505e+03     6.839765276349277e+03     6.840081533385944e+03     6.840397640826362e+03     6.840713781213350e+03     6.841978336584195e+03
   28000           -7.67900636e+04            2.97826423e+00            9.97359907e-01            1.00331844e+00     6.854571801540616e+03     6.854901581829711e+03     6.855231549430365e+03     6.855561383807243e+03     6.855891246230525e+03     6.857210690920434e+03
   28200           -7.67383527e+04            4.73622421e+00            9.95677254e-01            1.00515357e+00     6.835230544766396e+03     6.835775601251213e+03     6.836320853246895e+03     6.836865963727647e+03     6.837411104771346e+03     6.839591664776296e+03
   28400           -7.66677850e+04            1.63935420e+00            9.98729216e-01            1.00200913e+00     6.876671364382313e+03     6.876832908258601e+03     6.876994651845469e+03     6.877156248793216e+03     6.877317878445586e+03     6.877964392508859e+03
   28600           -7.68121251e+04            1.02992657e+00            9.99340394e-01            1.00140101e+00     6.837740899115956e+03     6.837826547192112e+03     6.837912408094752e+03     6.837998123544854e+03     6.838083865398510e+03     6.838426831681065e+03
   28800           -7.68893041e+04            2.61846503e+00            9.97749341e-01            1.00298819e+00     6.839135435835589e+03     6.839420016358455e+03     6.839704827593938e+03     6.839989479589653e+03     6.840274162432082e+03     6.841412889028574e+03
   29000           -7.67581236e+04            1.65450267e+00            9.98720863e-01            1.00203111e+00     6.853407938867927e+03     6.853568844020934e+03     6.853729979749157e+03     6.853890949919089e+03     6.854051955274906e+03     6.854695971681884e+03
   29200           -7.68256164e+04            1.92570406e+00            9.98429395e-01            1.00228217e+00     6.823435638137674e+03     6.823635364445892e+03     6.823835286799648e+03     6.824035065218633e+03     6.824234875781434e+03     6.825034113425194e+03
   29400           -7.68547378e+04            2.35490366e+00            9.98016945e-01            1.00272850e+00     6.823080986495856e+03     6.823332864080421e+03     6.823584956092499e+03     6.823836887738749e+03     6.824088856068228e+03     6.825096725640599e+03
   29600           -7.66698501e+04            1.80334260e+00            9.98535400e-01            1.00214331e+00     6.793180287152200e+03     6.793366115905041e+03     6.793552160322011e+03     6.793738061126806e+03     6.793923987587661e+03     6.794667688023123e+03
   29800           -7.65332934e+04            2.11157775e+00            9.98255319e-01            1.00248002e+00     6.848206406810684e+03     6.848426084402571e+03     6.848645973366274e+03     6.848865701396559e+03     6.849085467911354e+03     6.849964529012024e+03
   30000           -7.66815833e+04            2.77362293e+00            9.97597319e-01            1.00314661e+00     6.873991107518175e+03     6.874293935907686e+03     6.874596948771109e+03     6.874899811836662e+03     6.875202715074329e+03     6.876414322630481e+03
   30200           -7.66825030e+04            2.48985707e+00            9.97889402e-01            1.00287100e+00     6.906389980737807e+03     6.906654965704097e+03     6.906920189970617e+03     6.907185245338730e+03     6.907450334708200e+03     6.908510688678591e+03
   30400           -7.67386003e+04            5.59018575e+00            9.94776182e-01            1.00596056e+00     6.884964301705750e+03     6.885620740237926e+03     6.886277388767900e+03     6.886933891613096e+03     6.887590423187225e+03     6.890216544668699e+03
   30600           -7.66251309e+04            2.20235600e+00            9.98152113e-01            1.00255838e+00     6.874060043429860e+03     6.874294854734841e+03     6.874529917544924e+03     6.874764807009007e+03     6.874999729888901e+03     6.875939416347942e+03
   30800           -7.68582801e+04            2.72976728e+00            9.97614053e-01            1.00307546e+00     6.867152849312474e+03     6.867451433604577e+03     6.867750198887754e+03     6.868048819905352e+03     6.868347478459786e+03     6.869542107607097e+03
   31000           -7.66363415e+04            1.84106267e+00            9.98514888e-01            1.00219832e+00     6.890399360372309e+03     6.890587009811303e+03     6.890774835061920e+03     6.890962516059465e+03     6.891150236151940e+03     6.891901111931570e+03
   31200           -7.68468953e+04            3.10182357e+00            9.97274159e-01            1.00348013e+00     6.789184756053625e+03     6.789527464018517e+03     6.789870409799107e+03     6.790213195536800e+03     6.790556010340207e+03     6.791927264626789e+03
   31400           -7.66194123e+04            1.07937735e+00            9.99260118e-01            1.00141961e+00     6.793317357631648e+03     6.793413483362768e+03     6.793509792417811e+03     6.793605959160112e+03     6.793702161442257e+03     6.794086965252865e+03
   31600           -7.69426238e+04            3.64516730e+00            9.96721202e-01            1.00401419e+00     6.833075042872358e+03     6.833489017178945e+03     6.833903165304829e+03     6.834317168639048e+03     6.834731211987070e+03     6.836387381101783e+03
   31800           -7.68500343e+04            2.33545455e+00            9.98008052e-01            1.00268056e+00     6.748642759407550e+03     6.748892392549198e+03     6.749142268067682e+03     6.749391986918204e+03     6.749641730680275e+03     6.750640701953000e+03
   32000           -7.66635937e+04            1.17309028e+00            9.99170141e-01            1.00151713e+00     6.816831534818875e+03     6.816937221560877e+03     6.817043111164743e+03     6.817148859248450e+03     6.817254635465184e+03     6.817677736111493e+03
   32200           -7.65369974e+04            3.44434626e+00            9.96903082e-01            1.00379415e+00     6.850679060238991e+03     6.851068269739440e+03     6.851457650302187e+03     6.851846904970409e+03     6.852236188152686e+03     6.853793316066381e+03
   32400           -7.68343846e+04            1.85634338e+00            9.98545118e-01            1.00225929e+00     6.806179224453667e+03     6.806363092021003e+03     6.806547186196824e+03     6.806731115741351e+03     6.806915081174638e+03     6.807650937895609e+03
   32600           -7.66351103e+04            3.45560909e+00            9.96896201e-01            1.00380983e+00     6.836231991607374e+03     6.836620761451351e+03     6.837009754385130e+03     6.837398589025272e+03     6.837787456658286e+03     6.839342921709197e+03
   32800           -7.68518135e+04            3.16962690e+00            9.97152701e-01            1.00349398e+00     6.763973120051231e+03     6.764330141041954e+03     6.764687347112949e+03     6.765044414475110e+03     6.765401514028506e+03     6.766829908005780e+03
   33000           -7.66358481e+04            2.13627508e+00            9.98239724e-01            1.00251388e+00     6.823382906887153e+03     6.823604313628058e+03     6.823825926298470e+03     6.824047387295272e+03     6.824268882457151e+03     6.825154858027148e+03
   33200           -7.69204868e+04            3.46106062e+00            9.96897456e-01            1.00382204e+00     6.898013622859984e+03     6.898404996320151e+03     6.898796601350203e+03     6.899188031413952e+03     6.899579502321890e+03     6.901145381783795e+03
   33400           -7.67120768e+04            5.14899406e+00            9.95219485e-01            1.00552120e+00     6.844345389632971e+03     6.844945584671088e+03     6.845545971534115e+03     6.846146214633004e+03     6.846746491257942e+03     6.849147592882912e+03
   33600           -7.67469613e+04            2.42111428e+00            9.97953229e-01            1.00279726e+00     6.803320839371134e+03     6.803578673586393e+03     6.803836731007947e+03     6.804094640177402e+03     6.804352575438270e+03     6.805384311505407e+03
   33800           -7.68744209e+04            3.69247070e+00            9.96660948e-01            1.00404848e+00     6.873344313096512e+03     6.873763544831020e+03     6.874183011597343e+03     6.874602317880375e+03     6.875021654611729e+03     6.876698996126946e+03
   34000           -7.66980106e+04            7.33680700e+00            9.93046630e-01            1.00772565e+00     6.766335365381015e+03     6.767208227579557e+03     6.768081309531427e+03     6.768954230735003e+03     6.769827187143505e+03     6.773319008905996e+03
   34200           -7.68648766e+04            2.29906886e+00            9.98047341e-01            1.00264707e+00     6.832003029993498e+03     6.832249222201222e+03     6.832495579434524e+03     6.832741811017582e+03     6.832988073066510e+03     6.833973116139523e+03
   34400           -7.65846872e+04            8.16511601e+00            9.92230115e-01            1.00856649e+00     6.885962054342794e+03     6.886939495520892e+03     6.887917140077604e+03     6.888894642288815e+03     6.889872173420497e+03     6.893782292498202e+03
   34600           -7.67030585e+04            3.49214023e+00            9.96878932e-01            1.00386578e+00     6.786892054532796e+03     6.787284236102104e+03     6.787676682011636e+03     6.788068942654210e+03     6.788461240096575e+03     6.790030425660354e+03
   34800           -7.67576962e+04            3.14778827e+00            9.97192931e-01            1.00349064e+00     6.800314136810955e+03     6.800668733807817e+03     6.801023505558906e+03     6.801378132466804e+03     6.801732799297403e+03     6.803151461783853e+03
   35000           -7.68378887e+04            4.39925055e+00            9.95962030e-01            1.00476367e+00     6.847738274405873e+03     6.848246560491923e+03     6.848754995518576e+03     6.849263318883975e+03     6.849771668218041e+03     6.851805062030208e+03
   35200           -7.68582333e+04            2.40356348e+00            9.97976121e-01            1.00278507e+00     6.878344353762812e+03     6.878600842029076e+03     6.878857539370157e+03     6.879114079491986e+03     6.879370656276583e+03     6.880396958790353e+03
   35400           -7.66303815e+04            9.98972842e-01            9.99361742e-01            1.00136041e+00     6.904657173493229e+03     6.904740188519893e+03     6.904823376389106e+03     6.904906421691406e+03     6.904989506211102e+03     6.905321838928975e+03
   35600           -7.66989771e+04            1.06026702e+00            9.99287192e-01            1.00140846e+00     6.821079663590940e+03     6.821170933554601e+03     6.821262386202965e+03     6.821353701046995e+03     6.821445048382078e+03     6.821810433173217e+03
   35800           -7.65523634e+04            2.53466598e+00            9.97828184e-01            1.00289935e+00     6.863652153912131e+03     6.863925750167064e+03     6.864199599799942e+03     6.864473288133519e+03     6.864747001050078e+03     6.865841848188025e+03
   36000           -7.67575924e+04            5.13847940e+00            9.95238718e-01            1.00551948e+00     6.903743371011324e+03     6.904342523971746e+03     6.904941889382291e+03     6.905541088421474e+03     6.906140328896552e+03     6.908537286781781e+03
   36200           -7.69409934e+04            2.59120661e+00            9.97788676e-01            1.00297305e+00     6.947579236930781e+03     6.947860229095672e+03     6.948141445386855e+03     6.948422495563697e+03     6.948703583302021e+03     6.949827929673261e+03
   36400           -7.67912566e+04            6.38259619e+00            9.93986746e-01            1.00675651e+00     6.848238024641774e+03     6.848992255743624e+03     6.849746655999083e+03     6.850500927488111e+03     6.851255230113591e+03     6.854272435585408e+03
   36600           -7.67934222e+04            2.13847258e+00            9.98226092e-01            1.00250459e+00     6.841144588875223e+03     6.841366006746762e+03     6.841587651259645e+03     6.841809141630813e+03     6.842030660881758e+03     6.842916732888289e+03
   36800           -7.65514214e+04            1.71928886e+00            9.98645226e-01            1.00208506e+00     6.863390374562776e+03     6.863563909334689e+03     6.863737646959505e+03     6.863911232019183e+03     6.864084852817901e+03     6.864779331073027e+03
   37000           -7.67800272e+04            3.36194494e+00            9.96991059e-01            1.00371731e+00     6.817590337610562e+03     6.817968443765904e+03     6.818346752783110e+03     6.818724913528706e+03     6.819103106781971e+03     6.820615875953380e+03
   37200           -7.66678653e+04            1.90444262e+00            9.98412718e-01            1.00222281e+00     6.780386101147691e+03     6.780585725227142e+03     6.780785514687625e+03     6.780985171957291e+03     6.781184863624801e+03     6.781983626101912e+03
   37400           -7.68533297e+04            3.36798451e+00            9.96987833e-01            1.00372618e+00     6.872253201632402e+03     6.872633379392333e+03     6.873013752385338e+03     6.873393973589638e+03     6.873774232716846e+03     6.875295263801289e+03
   37600           -7.66219948e+04            1.41227223e+00            9.98977600e-01            1.00180325e+00     6.863899352216060e+03     6.864033340866902e+03     6.864167607798280e+03     6.864301679026506e+03     6.864435789374677e+03     6.864972226533295e+03
   37800           -7.67947116e+04            2.24573598e+00            9.98099666e-01            1.00259269e+00     6.866819529325629e+03     6.867057123430090e+03     6.867294900792755e+03     6.867532538740350e+03     6.867770210225940e+03     6.868720891126251e+03
   38000           -7.65661631e+04            2.14104070e+00            9.98217866e-01            1.00250148e+00     6.875633955734949e+03     6.875861848214629e+03     6.876089969907454e+03     6.876317920982997e+03     6.876545911041923e+03     6.877457866348896e+03
   38200           -7.64984878e+04            3.05227664e+00            9.97301946e-01            1.00340865e+00     6.796443935466254e+03     6.796783661433725e+03     6.797123583112190e+03     6.797463360103538e+03     6.797803170157943e+03     6.799162404849632e+03
   38400           -7.66136052e+04            1.65161773e+00            9.98699691e-01            1.00200409e+00     6.805595025720831e+03     6.805759845042409e+03     6.805924898550482e+03     6.806089778942813e+03     6.806254698354044e+03     6.806914370987257e+03
   38600           -7.65921437e+04            3.67461610e+00            9.96719880e-01            1.00407199e+00     6.868710087552488e+03     6.869125570904429e+03     6.869541272163733e+03     6.869956816899903e+03     6.870372394633505e+03     6.872034701714520e+03
   38800           -7.67537730e+04            2.71582038e+00            9.97669646e-01            1.00310337e+00     6.803330670991984e+03     6.803625917994878e+03     6.803921407601622e+03     6.804216730500736e+03     6.804512084925356e+03     6.805693498858727e+03
   39000           -7.67175394e+04            5.74767443e+00            9.94621812e-01            1.00612131e+00     6.837384063339828e+03     6.838060368745603e+03     6.838736866451222e+03     6.839413214683060e+03     6.840089600120924e+03     6.842795136902021e+03
   39200           -7.66694691e+04            3.75914186e+00            9.96621516e-01            1.00414264e+00     6.906170563365838e+03     6.906596074028963e+03     6.907021788966800e+03     6.907447353795932e+03     6.907872951601878e+03     6.909575339837917e+03
   39400           -7.67930297e+04            2.65164134e+00            9.97706799e-01            1.00301197e+00     6.906222847687812e+03     6.906510599336871e+03     6.906798520966932e+03     6.907086313133851e+03     6.907374136632865e+03     6.908525425577919e+03
   39600           -7.66665139e+04            2.89082323e+00            9.97500359e-01            1.00328426e+00     6.853143898864558e+03     6.853460622053008e+03     6.853777596412015e+03     6.854094385425093e+03     6.854411216082502e+03     6.855678533300445e+03
   39800           -7.68751217e+04            3.40007103e+00            9.96981222e-01            1.00378394e+00     6.881233571995635e+03     6.881612759475144e+03     6.881992156241546e+03     6.882371399718277e+03     6.882750677557416e+03     6.884267783119195e+03
   40000           -7.67546656e+04            3.66950013e+00            9.96709359e-01            1.00405112e+00     6.852914149573521e+03     6.853327680634538e+03     6.853741443265441e+03     6.854155039789484e+03     6.854568671339024e+03     6.856223193104526e+03
   40200           -7.67539328e+04            8.65007479e-01            9.99499230e-01            1.00122988e+00     6.912177565375475e+03     6.912240830230116e+03     6.912304340836903e+03     6.912367673625738e+03     6.912431044562625e+03     6.912684523749776e+03
   40400           -7.66410282e+04            7.11039779e-01            9.99668197e-01            1.00109082e+00     6.873605568553408e+03     6.873650201720390e+03     6.873695042913752e+03     6.873739734073084e+03     6.873784457319104e+03     6.873963346084800e+03
   40600           -7.66188186e+04            1.89183837e+00            9.98479657e-01            1.00226474e+00     6.859208056292152e+03     6.859403049123757e+03     6.859598275245758e+03     6.859793334735154e+03     6.859988429345699e+03     6.860768802399247e+03
   40800           -7.65704888e+04            3.29087563e+00            9.97094554e-01            1.00367883e+00     6.933352247613452e+03     6.933718616574737e+03     6.934085215077738e+03     6.934451649909015e+03     6.934818118871208e+03     6.936283990128963e+03
   41000           -7.66109746e+04            3.94136914e+00            9.96438478e-01            1.00432418e+00     6.909570160309618e+03     6.910019214670749e+03     6.910468490938832e+03     6.910917611899529e+03     6.911366764205768e+03     6.913163368101918e+03
   41200           -7.65534093e+04            2.38270625e+00            9.98007011e-01            1.00277428e+00     6.829216902169205e+03     6.829472021607121e+03     6.829727427408384e+03     6.829982634746895e+03     6.830237880577313e+03     6.831258858985421e+03
   41400           -7.66773162e+04            3.73093748e+00            9.96627793e-01            1.00409232e+00     6.830068804645313e+03     6.830492869118737e+03     6.830917129088089e+03     6.831341247000280e+03     6.831765396001315e+03     6.833461987357317e+03
   41600           -7.65921004e+04            3.22809068e+00            9.97122799e-01            1.00358123e+00     6.870504097083996e+03     6.870864586900198e+03     6.871225247267921e+03     6.871585781718806e+03     6.871946344283306e+03     6.873388591482612e+03
   41800           -7.67508139e+04            1.44346374e+00            9.98909904e-01            1.00179785e+00     6.903814362387721e+03     6.903953154211885e+03     6.904092190148332e+03     6.904231049845991e+03     6.904369947320241e+03     6.904925532252762e+03
   42000           -7.68079839e+04            2.12874389e+00            9.98269699e-01            1.00252888e+00     6.812464405560118e+03     6.812685059694134e+03     6.812905945003752e+03     6.813126660007340e+03     6.813347412890898e+03     6.814230420221678e+03
   42200           -7.65461129e+04            3.26891305e+00            9.97082842e-01            1.00362295e+00     6.911097094100345e+03     6.911464290884917e+03     6.911831689614343e+03     6.912198953919597e+03     6.912566242235073e+03     6.914035390369801e+03
   42400           -7.67207009e+04            2.71201269e+00            9.97658399e-01            1.00308443e+00     6.866727511914535e+03     6.867022437813678e+03     6.867317556284483e+03     6.867612533747959e+03     6.867907543053190e+03     6.869087574191846e+03
   42600           -7.66514995e+04            2.02033205e+00            9.98376104e-01            1.00241837e+00     6.884317741132093e+03     6.884523194582882e+03     6.884728873330861e+03     6.884934390741363e+03     6.885139942396471e+03     6.885962143660849e+03
   42800           -7.65505846e+04            3.48359084e+00            9.96890530e-01            1.00386030e+00     6.849478304628346e+03     6.849870427311601e+03     6.850262775533996e+03     6.850654955819237e+03     6.851047174596408e+03     6.852616044564469e+03
   43000           -7.68179483e+04            1.86095985e+00            9.98540064e-01            1.00226347e+00     6.835742336054585e+03     6.835928167813465e+03     6.836114218713337e+03     6.836300105324673e+03     6.836486029827552e+03     6.837229723600518e+03
   43200           -7.68157450e+04            3.59162646e+00            9.96786732e-01            1.00397268e+00     6.850532635678661e+03     6.850938419686947e+03     6.851344397225719e+03     6.851750235742210e+03     6.852156103871783e+03     6.853779572064904e+03
   43400           -7.67391888e+04            2.63925422e+00            9.97731582e-01            1.00301204e+00     6.860267125368109e+03     6.860552193818149e+03     6.860837501308552e+03     6.861122649520171e+03     6.861407825765125e+03     6.862548526162141e+03
   43600           -7.68713563e+04            1.52825244e+00            9.98828731e-01            1.00188633e+00     6.839132889893619e+03     6.839280938309801e+03     6.839429155900500e+03     6.839577244641506e+03     6.839725364270296e+03     6.840317838646974e+03
   43800           -7.65523301e+04            4.76618254e-01            9.99870397e-01            1.00082396e+00     6.830105634317105e+03     6.830123781220590e+03     6.830142118721327e+03     6.830160304092913e+03     6.830178528880767e+03     6.830251423444429e+03
   44000           -7.68088915e+04            3.89116154e+00            9.96446576e-01            1.00423150e+00     6.865924883574509e+03     6.866371463383342e+03     6.866818242621981e+03     6.867264871623589e+03     6.867711535298391e+03     6.869498187022274e+03
   44200           -7.68172159e+04            2.15963532e+00            9.98223857e-01            1.00254478e+00     6.762071794391661e+03     6.762298012078961e+03     6.762524456497213e+03     6.762750731004746e+03     6.762977044752264e+03     6.763882295112868e+03
   44400           -7.66809664e+04            2.49751354e+00            9.97877950e-01            1.00287485e+00     6.898672915187623e+03     6.898942535577290e+03     6.899212352702491e+03     6.899482020715338e+03     6.899751723834348e+03     6.900830532481074e+03
   44600           -7.68880383e+04            2.55117127e+00            9.97823356e-01            1.00292760e+00     6.868095772062430e+03     6.868371064887204e+03     6.868646587821221e+03     6.868921949087033e+03     6.869197343003725e+03     6.870298913945020e+03
   44800           -7.70387701e+04            3.09346038e+00            9.97232557e-01            1.00342148e+00     6.825347357811369e+03     6.825696335973297e+03     6.826045512895942e+03     6.826394543823349e+03     6.826743607356436e+03     6.828139856901503e+03
   45000           -7.69365705e+04            4.28628615e+00            9.96082376e-01            1.00465807e+00     6.850981558339832e+03     6.851475287413333e+03     6.851969159336951e+03     6.852462905007324e+03     6.852956688980697e+03     6.854931819621564e+03
   45200           -7.68654575e+04            3.30116207e+00            9.97059711e-01            1.00366440e+00     6.818760382154484e+03     6.819130319121470e+03     6.819500432721502e+03     6.819870408554165e+03     6.820240418626021e+03     6.821720455097558e+03
   45400           -7.69121303e+04            3.90859948e+00            9.96435159e-01            1.00425502e+00     6.890308686487013e+03     6.890759762145085e+03     6.891211095123939e+03     6.891662253405507e+03     6.892113444068729e+03     6.893918201650446e+03
   45600           -7.67751910e+04            1.07820006e+00            9.99298043e-01            1.00145525e+00     6.866799266891567e+03     6.866889144743231e+03     6.866979216116419e+03     6.867069149941036e+03     6.867159112614811e+03     6.867518958338053e+03
   45800           -7.65591372e+04            2.20057744e+00            9.98172487e-01            1.00257528e+00     6.836206224297960e+03     6.836438700609721e+03     6.836671376064535e+03     6.836903901936169e+03     6.837136462786277e+03     6.838066701274594e+03
   46000           -7.67742019e+04            7.79343472e-01            9.99586805e-01            1.00114606e+00     6.768825763314066e+03     6.768879896024313e+03     6.768934226482685e+03     6.768988416987946e+03     6.769042636661987e+03     6.769259510009908e+03
   46200           -7.66640468e+04            8.22354563e-01            9.99520659e-01            1.00116593e+00     6.836695867040416e+03     6.836757719116312e+03     6.836819739945558e+03     6.836881630916814e+03     6.836943553744014e+03     6.837191240447612e+03
   46400           -7.66709099e+04            3.35211491e+00            9.96997532e-01            1.00370409e+00     6.794608564038106e+03     6.794984157162126e+03     6.795359958715771e+03     6.795735606196778e+03     6.796111288993792e+03     6.797614013949478e+03
   46600           -7.68521208e+04            1.72527604e+00            9.98614590e-01            1.00206631e+00     6.790310949393403e+03     6.790486367554872e+03     6.790661938304068e+03     6.790837393882522e+03     6.791012877176569e+03     6.791714804959733e+03
   46800           -7.67989391e+04            2.09879262e+00            9.98246908e-01            1.00244594e+00     6.871049428147910e+03     6.871268989891193e+03     6.871488743904451e+03     6.871708345915271e+03     6.871927986814123e+03     6.872806545480337e+03
   47000           -7.68315633e+04            1.40474455e+00            9.98952728e-01            1.00176322e+00     6.784257045711855e+03     6.784391101028116e+03     6.784525318069327e+03     6.784659404402561e+03     6.784793525752352e+03     6.785330005792851e+03
   47200           -7.67536221e+04            4.68459304e+00            9.95726402e-01            1.00509939e+00     6.848112357334093e+03     6.848652971757193e+03     6.849193839680707e+03     6.849734535573388e+03     6.850275263087907e+03     6.852438168841722e+03
   47400           -7.67537252e+04            2.36769717e+00            9.97977910e-01            1.00271494e+00     6.796032533139772e+03     6.796284307400882e+03     6.796536301528828e+03     6.796788145640850e+03     6.797040018003885e+03     6.798047502867998e+03
   47600           -7.67947668e+04            1.26046693e+00            9.99066564e-01            1.00158832e+00     6.872733100332418e+03     6.872851249394556e+03     6.872969558918143e+03     6.873087733199304e+03     6.873205945445565e+03     6.873678790558711e+03
   47800           -7.68941612e+04            2.45630140e+00            9.97885237e-01            1.00279951e+00     6.862059199004912e+03     6.862325426200743e+03     6.862591849185228e+03     6.862858124052028e+03     6.863124433818894e+03     6.864189668632876e+03
   48000           -7.67025101e+04            1.88238406e+00            9.98451124e-01            1.00221715e+00     6.831109766716595e+03     6.831304703844381e+03     6.831499817282618e+03     6.831694798454413e+03     6.831889810952333e+03     6.832669855188073e+03
   48200           -7.67232754e+04            2.74991141e+00            9.97609669e-01            1.00311146e+00     6.792861068611436e+03     6.793162994046859e+03     6.793465132431232e+03     6.793767120241115e+03     6.794069139259136e+03     6.795277209906835e+03
   48400           -7.66880196e+04            1.90047677e+00            9.98477934e-01            1.00228032e+00     6.911996000929867e+03     6.912190570855027e+03     6.912385338486493e+03     6.912579962418228e+03     6.912774618035649e+03     6.913553235141430e+03
   48600           -7.67461722e+04            2.52453385e+00            9.97835274e-01            1.00288615e+00     6.772083709740296e+03     6.772357447376304e+03     6.772631380355904e+03     6.772905160625125e+03     6.773178979259701e+03     6.774274248779107e+03
   48800           -7.66450125e+04            1.97669668e+00            9.98381780e-01            1.00233659e+00     6.942890098912562e+03     6.943096587526070e+03     6.943303313593846e+03     6.943509867002587e+03     6.943716457877597e+03     6.944542816842632e+03
   49000           -7.68169833e+04            2.37702582e+00            9.97963439e-01            1.00271910e+00     6.927951350133188e+03     6.928207260723862e+03     6.928463340527886e+03     6.928719296344300e+03     6.928975280203384e+03     6.929999210273580e+03
   49200           -7.67774637e+04            4.55383719e+00            9.95793603e-01            1.00490439e+00     6.847394232689502e+03     6.847922960919882e+03     6.848451890303563e+03     6.848980663053539e+03     6.849509474676472e+03     6.851624716663440e+03
   49400           -7.65939275e+04            2.90542163e+00            9.97450628e-01            1.00326353e+00     6.799969290660279e+03     6.800290372103634e+03     6.800611652612379e+03     6.800932781057243e+03     6.801253946078626e+03     6.802538601496973e+03
   49600           -7.65952872e+04            1.78111590e+00            9.98553879e-01            1.00211730e+00     6.833249311073351e+03     6.833432727060546e+03     6.833616324191153e+03     6.833799781826178e+03     6.833983273841253e+03     6.834717236609155e+03
   49800           -7.66973413e+04            3.20222907e+00            9.97176195e-01            1.00358306e+00     6.769032362469783e+03     6.769389205241922e+03     6.769746277071884e+03     6.770103181099480e+03     6.770460122447355e+03     6.771887882424929e+03
   50000           -7.66852347e+04            2.68560965e+00            9.97663968e-01            1.00303706e+00     6.795144079142549e+03     6.795436418694823e+03     6.795729005107418e+03     6.796021426375700e+03     6.796313877342193e+03     6.797483675541837e+03
