#This file was generated on Mon Feb 10 22:18:10 2025
#Using the somd command, of the molecular library Sire version <2024.4.0.dev> 
#For more information visit: https://github.com/openbiosim/sire
#
#General information on simulation parameters:
#Simulation used 50000 moves, 1 cycles and 200 ps of simulation time
#Generating lambda is		 0.50000
#Alchemical array is		 (0.0, 0.125, 0.25, 0.375, 0.5, 1.0)
#Generating temperature is 	25°C
#Energy was saved every 200 steps 
#
#
#   [step]               [potential]                [gradient]      [forward Metropolis]     [backward Metropolis]                   [u_kl]
     200           -1.37373829e+05            2.44491707e+00            9.97529947e-01            1.00241965e+00     2.419968232688773e+04     2.419997893118316e+04     2.420027645110949e+04     2.420057335308599e+04     2.420087036345761e+04     2.420205840002749e+04
     400           -1.33593522e+05            8.19850246e-01            9.99159221e-01            1.00079889e+00     2.423291063673947e+04     2.423300512422522e+04     2.423310047809825e+04     2.423319521739900e+04     2.423329007860952e+04     2.423366952047957e+04
     600           -1.30869707e+05            1.49219906e+00            9.98470662e-01            1.00145495e+00     2.411444016309342e+04     2.411461803354918e+04     2.411479685105009e+04     2.411497503555558e+04     2.411515332751547e+04     2.411586649193752e+04
     800           -1.29708312e+05            7.39819907e-01            9.99229159e-01            1.00070875e+00     2.420173284023745e+04     2.420181678733262e+04     2.420190162755466e+04     2.420198585824589e+04     2.420207019884033e+04     2.420240755744322e+04
    1000           -1.28658665e+05            4.44866522e+00            9.95530051e-01            1.00442713e+00     2.427635046220453e+04     2.427689792338726e+04     2.427744627035482e+04     2.427799400964932e+04     2.427854185979722e+04     2.428073325738991e+04
    1200           -1.28062042e+05            1.05778430e+00            9.98909328e-01            1.00102483e+00     2.417974716280568e+04     2.417987073080402e+04     2.417999507218651e+04     2.418011884692476e+04     2.418024274221333e+04     2.418073832162097e+04
    1400           -1.27610130e+05            2.24290155e+00            9.97731566e-01            1.00221725e+00     2.424091360958579e+04     2.424118604596718e+04     2.424145927587704e+04     2.424173193491489e+04     2.424200471071191e+04     2.424309581183802e+04
    1600           -1.27307146e+05            4.59235095e+00            9.95374478e-01            1.00455881e+00     2.422407945360294e+04     2.422464526569911e+04     2.422521186705234e+04     2.422577791478884e+04     2.422634406963175e+04     2.422860868566055e+04
    1800           -1.27177343e+05            9.95319111e-01            9.98972270e-01            1.00096284e+00     2.423489577545765e+04     2.423501164333929e+04     2.423512829502074e+04     2.423524438609225e+04     2.423536059120430e+04     2.423582540695095e+04
    2000           -1.27078933e+05            3.14603952e+00            9.96843566e-01            1.00313556e+00     2.420240578925580e+04     2.420279133436527e+04     2.420317773072690e+04     2.420356352252343e+04     2.420394943470788e+04     2.420549308015995e+04
    2200           -1.27090257e+05            2.14101492e+00            9.97834787e-01            1.00211671e+00     2.421563450277619e+04     2.421589313920035e+04     2.421615271734086e+04     2.421641167055378e+04     2.421667072827601e+04     2.421770695377583e+04
    2400           -1.27073085e+05            1.71947271e+00            9.98247041e-01            1.00168587e+00     2.412091588528626e+04     2.412112160682900e+04     2.412132825791607e+04     2.412153425373715e+04     2.412174037741586e+04     2.412256486954546e+04
    2600           -1.27034412e+05            1.57036628e+00            9.98409208e-01            1.00154987e+00     2.431834908302718e+04     2.431853700916290e+04     2.431872580500446e+04     2.431891399170484e+04     2.431910229640950e+04     2.431985550979182e+04
    2800           -1.26891711e+05            2.38728707e-01            9.99722038e-01            1.00019948e+00     2.432517647732524e+04     2.432519732034791e+04     2.432521906145587e+04     2.432524021290480e+04     2.432526145962806e+04     2.432534644193087e+04
    3000           -1.26987820e+05            2.36021869e+00            9.97616370e-01            1.00233669e+00     2.425473227462769e+04     2.425501943077091e+04     2.425530748976368e+04     2.425559493510189e+04     2.425588249049306e+04     2.425703270635842e+04
    3200           -1.26896116e+05            1.22933630e+00            9.98737148e-01            1.00119574e+00     2.443059767100865e+04     2.443074287529699e+04     2.443088890304349e+04     2.443103435718998e+04     2.443117992039693e+04     2.443176216978521e+04
    3400           -1.26830126e+05            7.14882632e-01            9.99259038e-01            1.00068877e+00     2.420937546554901e+04     2.420945586115186e+04     2.420953706865021e+04     2.420961771295339e+04     2.420969846291255e+04     2.421002146027610e+04
    3600           -1.27092736e+05            2.06858604e+00            9.97900220e-01            1.00203726e+00     2.432416116973566e+04     2.432440994842710e+04     2.432465961054663e+04     2.432490868507038e+04     2.432515785855294e+04     2.432615454737022e+04
    3800           -1.26894100e+05            1.50043402e+00            9.98469655e-01            1.00147043e+00     2.433016725249789e+04     2.433034666827841e+04     2.433052682108536e+04     2.433070641961294e+04     2.433088614298277e+04     2.433160503346766e+04
    4000           -1.26703841e+05            1.06016727e+00            9.98905430e-01            1.00102569e+00     2.412312088612148e+04     2.412324457721973e+04     2.412336911253875e+04     2.412349308846568e+04     2.412361715760948e+04     2.412411342909748e+04
    4200           -1.26707903e+05            1.30151201e+00            9.98658870e-01            1.00126179e+00     2.438145919096819e+04     2.438161507353301e+04     2.438177173882829e+04     2.438192782998814e+04     2.438208404474168e+04     2.438270889851518e+04
    4400           -1.26769721e+05            1.56641463e+00            9.98406122e-01            1.00153886e+00     2.423430517643820e+04     2.423449156646060e+04     2.423467889761090e+04     2.423486559293677e+04     2.423505239958585e+04     2.423579962273351e+04
    4600           -1.26931306e+05            1.29538283e+00            9.98675358e-01            1.00126605e+00     2.421342198615887e+04     2.421357614294991e+04     2.421373119304704e+04     2.421388562653710e+04     2.421404017469178e+04     2.421465836322470e+04
    4800           -1.26539902e+05            7.80807466e-01            9.99183052e-01            1.00074461e+00     2.431816216551187e+04     2.431825129820067e+04     2.431834129758142e+04     2.431843070957839e+04     2.431852022633211e+04     2.431887828715236e+04
    5000           -1.26327179e+05            1.07139212e+00            9.98902801e-01            1.00104553e+00     2.418447279434440e+04     2.418459779297018e+04     2.418472371736772e+04     2.418484899656441e+04     2.418497439887446e+04     2.418547600340451e+04
    5200           -1.26589909e+05            1.33259343e+00            9.98634227e-01            1.00129932e+00     2.413035898183857e+04     2.413051647959677e+04     2.413067482268691e+04     2.413083258087199e+04     2.413099044890165e+04     2.413162191596473e+04
    5400           -1.26643096e+05            1.89012411e+00            9.98090214e-01            1.00187038e+00     2.421191547619991e+04     2.421214234048041e+04     2.421237007014456e+04     2.421259719391590e+04     2.421282443541672e+04     2.421373339463353e+04
    5600           -1.26497498e+05            1.43498445e+00            9.98520893e-01            1.00139073e+00     2.425185180241556e+04     2.425202201678959e+04     2.425219308729057e+04     2.425236357497757e+04     2.425253416749657e+04     2.425321653257759e+04
    5800           -1.26354083e+05            2.99374891e+00            9.96978117e-01            1.00296543e+00     2.422535109531999e+04     2.422571592837480e+04     2.422608157831937e+04     2.422644665535840e+04     2.422681184345918e+04     2.422827259159838e+04
    6000           -1.26724055e+05            3.75129111e+00            9.96239191e-01            1.00374167e+00     2.413940407153219e+04     2.413986427281315e+04     2.414032536224166e+04     2.414078584329670e+04     2.414124643559337e+04     2.414308879965455e+04
    6200           -1.26816751e+05            4.67656857e+00            9.95314829e-01            1.00466782e+00     2.424882093132805e+04     2.424939633663345e+04     2.424997256409170e+04     2.425054823520132e+04     2.425112400477953e+04     2.425342707823100e+04
    6400           -1.26735774e+05            4.07356955e+00            9.95885926e-01            1.00403269e+00     2.417418646126205e+04     2.417468749545417e+04     2.417518937566822e+04     2.417569070018594e+04     2.417619211439121e+04     2.417819776752036e+04
    6600           -1.26732470e+05            4.15413020e+00            9.95824369e-01            1.00413240e+00     2.433094643633524e+04     2.433145605017670e+04     2.433196642558278e+04     2.433247626818934e+04     2.433298621349481e+04     2.433502599065437e+04
    6800           -1.26810545e+05            2.15082524e+00            9.97828968e-01            1.00213053e+00     2.414506853779510e+04     2.414532960171370e+04     2.414559156585328e+04     2.414585290734002e+04     2.414611436543013e+04     2.414716019306516e+04
    7000           -1.26714268e+05            1.29764049e+00            9.98667890e-01            1.00126308e+00     2.431961160757054e+04     2.431976367189030e+04     2.431991657029894e+04     2.432006890254033e+04     2.432022133549129e+04     2.432083106341204e+04
    7200           -1.26692688e+05            6.97448639e-01            9.99269769e-01            1.00066462e+00     2.406364769066052e+04     2.406372571840362e+04     2.406380459655657e+04     2.406388289846711e+04     2.406396130204905e+04     2.406427491343759e+04
    7400           -1.26517255e+05            2.20165736e+00            9.97772943e-01            1.00217614e+00     2.421727262711692e+04     2.421753988894224e+04     2.421780795038950e+04     2.421807544602349e+04     2.421834305384305e+04     2.421941348056917e+04
    7600           -1.26626456e+05            9.13109642e-01            9.99063796e-01            1.00088997e+00     2.420600490180097e+04     2.420610996297528e+04     2.420621583427381e+04     2.420632114747576e+04     2.420642656413270e+04     2.420684822646443e+04
    7800           -1.26779852e+05            2.32599578e+00            9.97643111e-01            1.00229495e+00     2.405126779902853e+04     2.405154980576596e+04     2.405183264323191e+04     2.405211489733036e+04     2.405239726471289e+04     2.405352673039726e+04
    8000           -1.26726565e+05            2.60950599e+00            9.97372319e-01            1.00259122e+00     2.410387675867041e+04     2.410419422757737e+04     2.410451255891980e+04     2.410483026804707e+04     2.410514810625422e+04     2.410641945383803e+04
    8200           -1.26704056e+05            2.19683581e+00            9.97778069e-01            1.00217162e+00     2.431470793246202e+04     2.431497399371872e+04     2.431524087274036e+04     2.431550717067555e+04     2.431577358470465e+04     2.431683923694727e+04
    8400           -1.26734722e+05            3.05756497e+00            9.96922043e-01            1.00303703e+00     2.410706277620058e+04     2.410743467156891e+04     2.410780734453604e+04     2.410817945388934e+04     2.410855168140318e+04     2.411004058660578e+04
    8600           -1.26808551e+05            5.04658835e-01            9.99464746e-01            1.00047403e+00     2.412706721688256e+04     2.412712132103834e+04     2.412717616875909e+04     2.412723049467854e+04     2.412728492162997e+04     2.412750262637738e+04
    8800           -1.26593076e+05            2.04668100e+00            9.97929478e-01            1.00202274e+00     2.410357069566480e+04     2.410381785786675e+04     2.410406590302187e+04     2.410431332561151e+04     2.410456087008106e+04     2.410555104449733e+04
    9000           -1.26521383e+05            2.37609182e+00            9.97587846e-01            1.00233985e+00     2.415660454062001e+04     2.415689458762712e+04     2.415718543696837e+04     2.415747572975079e+04     2.415776612767995e+04     2.415892771473990e+04
    9200           -1.26727761e+05            1.11116379e+00            9.98864035e-01            1.00108631e+00     2.399878659974509e+04     2.399891617714023e+04     2.399904661692007e+04     2.399917646413059e+04     2.399930642058454e+04     2.399982624142400e+04
    9400           -1.26672747e+05            5.92786207e+00            9.94063504e-01            1.00591899e+00     2.420612527204868e+04     2.420685706323825e+04     2.420758974586704e+04     2.420832178920391e+04     2.420905396328162e+04     2.421198265451456e+04
    9600           -1.26582894e+05            2.35750449e+00            9.97614408e-01            1.00232928e+00     2.423265625306244e+04     2.423294053149953e+04     2.423322573581889e+04     2.423351033991662e+04     2.423379503744387e+04     2.423493382182530e+04
    9800           -1.26704804e+05            1.30211860e+00            9.98685904e-01            1.00129011e+00     2.424895463341143e+04     2.424910834493293e+04     2.424926293313491e+04     2.424941692346198e+04     2.424957102137904e+04     2.425018740934665e+04
   10000           -1.26913693e+05            2.11604391e+00            9.97864083e-01            1.00209608e+00     2.402442857690969e+04     2.402468482765578e+04     2.402494184896929e+04     2.402519835422728e+04     2.402545494791454e+04     2.402648131891939e+04
   10200           -1.26572458e+05            1.12432786e+00            9.98840926e-01            1.00108950e+00     2.418106222015662e+04     2.418119306578191e+04     2.418132475719017e+04     2.418145584015772e+04     2.418158704823859e+04     2.418211187632056e+04
   10400           -1.26887306e+05            8.33394595e-01            9.99144308e-01            1.00081106e+00     2.423183652049482e+04     2.423193142143823e+04     2.423202716524035e+04     2.423212231727661e+04     2.423221758434817e+04     2.423259864820153e+04
   10600           -1.26875161e+05            1.23713514e+00            9.98747130e-01            1.00122136e+00     2.414811208031453e+04     2.414825677376768e+04     2.414840232644827e+04     2.414854727846330e+04     2.414869234629911e+04     2.414927261228370e+04
   10800           -1.26909119e+05            1.43369706e+00            9.98535664e-01            1.00140297e+00     2.416408924691078e+04     2.416425860656437e+04     2.416442880328786e+04     2.416459841491794e+04     2.416476813862721e+04     2.416544703034364e+04
   11000           -1.26860372e+05            2.21231349e+00            9.97767911e-01            1.00219244e+00     2.415032135806264e+04     2.415058778108103e+04     2.415085508305000e+04     2.415112177315954e+04     2.415138857973525e+04     2.415245580140784e+04
   11200           -1.27059366e+05            4.78733741e+00            9.95188072e-01            1.00476244e+00     2.414582745687902e+04     2.414641577338690e+04     2.414700496640200e+04     2.414759354946347e+04     2.414818224824417e+04     2.415053703960933e+04
   11400           -1.26685526e+05            1.55573012e+00            9.98431973e-01            1.00154339e+00     2.418936079463979e+04     2.418954711703291e+04     2.418973432625333e+04     2.418992094346523e+04     2.419010766073706e+04     2.419085452683433e+04
   11600           -1.26810089e+05            4.14055934e+00            9.95828051e-01            1.00410886e+00     2.408819255789280e+04     2.408870130732823e+04     2.408921089565264e+04     2.408971991592351e+04     2.409022903676057e+04     2.409226551562835e+04
   11800           -1.26657759e+05            3.33377627e+00            9.96646265e-01            1.00331366e+00     2.413312195948922e+04     2.413353014966119e+04     2.413393925749521e+04     2.413434775913185e+04     2.413475636046229e+04     2.413639076143537e+04
   12000           -1.26433772e+05            2.02174459e+00            9.97958387e-01            1.00200179e+00     2.426271860942460e+04     2.426296333456158e+04     2.426320881375984e+04     2.426345377385365e+04     2.426369882992627e+04     2.426467905042793e+04
   12200           -1.26599829e+05            1.38153999e+00            9.98594696e-01            1.00135771e+00     2.415001397517266e+04     2.415017759644634e+04     2.415034204255819e+04     2.415050592386000e+04     2.415066990774796e+04     2.415132584032326e+04
   12400           -1.26788755e+05            6.26021620e-01            9.99339574e-01            1.00059157e+00     2.420559715874786e+04     2.420566797241219e+04     2.420573961713659e+04     2.420581067546977e+04     2.420588184895567e+04     2.420616653916347e+04
   12600           -1.26783845e+05            8.76383354e-01            9.99090299e-01            1.00084301e+00     2.418250366715176e+04     2.418260369443414e+04     2.418270459471700e+04     2.418280488891719e+04     2.418290529807829e+04     2.418330692900482e+04
   12800           -1.26565797e+05            1.12535987e+00            9.98841008e-01            1.00109165e+00     2.419258335279933e+04     2.419271672121274e+04     2.419285100700443e+04     2.419298468599522e+04     2.419311846499970e+04     2.419365357720007e+04
   13000           -1.26714769e+05            8.00830267e+00            9.91993375e-01            1.00800966e+00     2.398739771881159e+04     2.398839003618888e+04     2.398938311463195e+04     2.399037564311372e+04     2.399136828653510e+04     2.399533885425861e+04
   13200           -1.26521989e+05            1.58907949e+00            9.98388363e-01            1.00156645e+00     2.424205906729253e+04     2.424224980274241e+04     2.424244149196117e+04     2.424263255397507e+04     2.424282371758830e+04     2.424358836788408e+04
   13400           -1.26600687e+05            1.37462509e+00            9.98592829e-01            1.00134199e+00     2.414089963846278e+04     2.414106264482908e+04     2.414122650788090e+04     2.414138978649532e+04     2.414155317083784e+04     2.414220670321291e+04
   13600           -1.26976292e+05            1.89733640e+00            9.98074511e-01            1.00186907e+00     2.416590800986193e+04     2.416613642854159e+04     2.416636563467117e+04     2.416659430294556e+04     2.416682306871887e+04     2.416773812757581e+04
   13800           -1.27130714e+05            3.74398207e+00            9.96225067e-01            1.00371276e+00     2.415483142446427e+04     2.415529075253824e+04     2.415575097312675e+04     2.415621056362780e+04     2.415667027795474e+04     2.415850913144522e+04
   14000           -1.27075810e+05            3.50216670e+00            9.96474303e-01            1.00347844e+00     2.417824857373045e+04     2.417867610300763e+04     2.417910453560929e+04     2.417953234198509e+04     2.417996026604370e+04     2.418167195835695e+04
   14200           -1.26943963e+05            2.47375503e+00            9.97502192e-01            1.00244957e+00     2.411066365654686e+04     2.411096511515842e+04     2.411126740610550e+04     2.411156912191875e+04     2.411187094465077e+04     2.411307823275469e+04
   14400           -1.26793626e+05            1.16029685e+00            9.98810801e-01            1.00113133e+00     2.411211435907762e+04     2.411224964367553e+04     2.411238575081460e+04     2.411252127677377e+04     2.411265691715282e+04     2.411319947522803e+04
   14600           -1.26567434e+05            4.92923356e+00            9.95052968e-01            1.00491118e+00     2.404289792079731e+04     2.404350448015600e+04     2.404411188910908e+04     2.404471873074938e+04     2.404532566880994e+04     2.404775341682255e+04
   14800           -1.26836387e+05            7.62889718e-01            9.99205718e-01            1.00073145e+00     2.417555193698623e+04     2.417563885966931e+04     2.417572665763792e+04     2.417581385447939e+04     2.417590116158900e+04     2.417625038619176e+04
   15000           -1.26624463e+05            3.22737199e+00            9.96742227e-01            1.00319675e+00     2.425718910836164e+04     2.425758445721032e+04     2.425798062156279e+04     2.425837624806194e+04     2.425877196250984e+04     2.426035481665804e+04
   15200           -1.26801978e+05            1.99157455e+00            9.97984075e-01            1.00196712e+00     2.421182773941324e+04     2.421206736505393e+04     2.421230778887980e+04     2.421254765117573e+04     2.421278762330651e+04     2.421374750719978e+04
   15400           -1.26559610e+05            1.66861168e+00            9.98310114e-01            1.00164726e+00     2.416161520228216e+04     2.416181485486128e+04     2.416201528353972e+04     2.416221517954617e+04     2.416241517311575e+04     2.416321514394934e+04
   15600           -1.26604385e+05            4.54673270e-01            9.99511073e-01            1.00042039e+00     2.419936201869358e+04     2.419941124749009e+04     2.419946127959150e+04     2.419951076685207e+04     2.419956035081515e+04     2.419975868293673e+04
   15800           -1.26667237e+05            8.72478883e-01            9.99106639e-01            1.00085156e+00     2.416065565669172e+04     2.416075676696379e+04     2.416085868580087e+04     2.416096005744857e+04     2.416106152560613e+04     2.416146739452053e+04
   16000           -1.26883525e+05            2.52083681e+00            9.97469770e-01            1.00251139e+00     2.415041663399285e+04     2.415072310889902e+04     2.415103032989119e+04     2.415133700384745e+04     2.415164379430925e+04     2.415287095462565e+04
   16200           -1.26911342e+05            1.88377843e+00            9.98097845e-01            1.00186533e+00     2.410525726192456e+04     2.410548469244074e+04     2.410571292555091e+04     2.410594059979639e+04     2.410616838084024e+04     2.410707949975591e+04
   16400           -1.27013002e+05            3.90419999e+00            9.96067537e-01            1.00387568e+00     2.413123230562286e+04     2.413171127486493e+04     2.413219094787025e+04     2.413267011327771e+04     2.413314938438527e+04     2.413506646314768e+04
   16600           -1.26876217e+05            2.03109098e+00            9.97943972e-01            1.00200605e+00     2.415258296326613e+04     2.415282828466392e+04     2.415307448777825e+04     2.415332007463040e+04     2.415356577928075e+04     2.415454859529539e+04
   16800           -1.26744624e+05            3.47835194e+00            9.96498713e-01            1.00345523e+00     2.411019608538996e+04     2.411062196618796e+04     2.411104869298699e+04     2.411147483149063e+04     2.411190108120705e+04     2.411360607702415e+04
   17000           -1.26726795e+05            1.30257538e+00            9.98677555e-01            1.00128265e+00     2.407580474574921e+04     2.407595847256061e+04     2.407611304441721e+04     2.407626700351874e+04     2.407642109037336e+04     2.407703743499751e+04
   17200           -1.26848692e+05            6.71200502e-01            9.99295794e-01            1.00063815e+00     2.394973506155799e+04     2.394981023880220e+04     2.394988629603348e+04     2.394996174406536e+04     2.395003730600633e+04     2.395033955045468e+04
   17400           -1.26486650e+05            1.25342249e+00            9.98716737e-01            1.00122351e+00     2.416908849203627e+04     2.416923655292191e+04     2.416938551331164e+04     2.416953383804870e+04     2.416968228813591e+04     2.417027608423555e+04
   17600           -1.26764933e+05            5.43187281e+00            9.94536916e-01            1.00540021e+00     2.414101647150027e+04     2.414168679277101e+04     2.414235793322255e+04     2.414302848427228e+04     2.414369915677367e+04     2.414638184204707e+04
   17800           -1.26830427e+05            3.33221360e+00            9.96637573e-01            1.00330177e+00     2.408260133524378e+04     2.408301004045040e+04     2.408341956440769e+04     2.408382854236072e+04     2.408423761319286e+04     2.408587389114195e+04
   18000           -1.26847356e+05            1.78511383e+00            9.98191448e-01            1.00176159e+00     2.417122127243335e+04     2.417143765544492e+04     2.417165489410552e+04     2.417187154912344e+04     2.417208830932844e+04     2.417295534622353e+04
   18200           -1.26883807e+05            1.00513821e+00            9.98970209e-01            1.00098043e+00     2.420314406004056e+04     2.420326008923429e+04     2.420337694423695e+04     2.420349322115415e+04     2.420360960967767e+04     2.420407515931479e+04
   18400           -1.26884621e+05            3.00197212e+00            9.96981605e-01            1.00298543e+00     2.417316075853979e+04     2.417352740984262e+04     2.417389493197439e+04     2.417426184942719e+04     2.417462888077491e+04     2.417609700301003e+04
   18600           -1.27021400e+05            1.75934678e+00            9.98205620e-01            1.00172419e+00     2.415875248016746e+04     2.415896401325291e+04     2.415917639711560e+04     2.415938819457598e+04     2.415960010111480e+04     2.416044772206213e+04
   18800           -1.26792748e+05            6.58444720e-01            9.99316754e-01            1.00063361e+00     2.418062388268643e+04     2.418069745556636e+04     2.418077185845793e+04     2.418084567390857e+04     2.418091960571225e+04     2.418121532873806e+04
   19000           -1.27103827e+05            2.01738043e+00            9.97959337e-01            1.00199400e+00     2.412165506032847e+04     2.412189845493923e+04     2.412214278260703e+04     2.412238646484240e+04     2.412263026774196e+04     2.412360547515545e+04
   19200           -1.26926773e+05            1.46245287e+00            9.98506167e-01            1.00143098e+00     2.404010070394111e+04     2.404027495324271e+04     2.404045004584211e+04     2.404062454568550e+04     2.404079916063579e+04     2.404149761733046e+04
   19400           -1.26981671e+05            2.52431591e+00            9.97452523e-01            1.00250103e+00     2.421182913376302e+04     2.421213615466190e+04     2.421244409650554e+04     2.421275140324019e+04     2.421305882789921e+04     2.421428852203540e+04
   19600           -1.26925200e+05            1.08553462e+00            9.98884679e-01            1.00105568e+00     2.419063364152888e+04     2.419076083828320e+04     2.419088890566931e+04     2.419101638998681e+04     2.419114397434069e+04     2.419165430715249e+04
   19800           -1.26870685e+05            4.00165822e+00            9.95970046e-01            1.00397309e+00     2.421412071849427e+04     2.421461200819867e+04     2.421510415152393e+04     2.421559572680759e+04     2.421608739754371e+04     2.421805407659317e+04
   20000           -1.27086835e+05            7.09967533e+00            9.92890321e-01            1.00708929e+00     2.417804938440618e+04     2.417892806641584e+04     2.417980774249194e+04     2.418068673268775e+04     2.418156584989700e+04     2.418508231538782e+04
   20200           -1.26849108e+05            5.51571257e+00            9.94464220e-01            1.00549531e+00     2.420323203354847e+04     2.420391360478897e+04     2.420459605694252e+04     2.420527790141563e+04     2.420595985901208e+04     2.420868768447570e+04
   20400           -1.26767255e+05            3.77063992e+00            9.96206590e-01            1.00374766e+00     2.408989525276873e+04     2.409035936242414e+04     2.409082427808768e+04     2.409128860588642e+04     2.409175305835344e+04     2.409361086393815e+04
   20600           -1.26766357e+05            2.74142618e-01            9.99696314e-01            1.00024458e+00     2.436334912790747e+04     2.436337421890487e+04     2.436340002344493e+04     2.436342531085862e+04     2.436345070641577e+04     2.436355228492407e+04
   20800           -1.26598734e+05            2.61881963e+00            9.97346914e-01            1.00258436e+00     2.418817949683020e+04     2.418849760477209e+04     2.418881649927676e+04     2.418913482371690e+04     2.418945326720826e+04     2.419072703758632e+04
   21000           -1.26794117e+05            2.91783627e+00            9.97053307e-01            1.00288879e+00     2.421536285909019e+04     2.421571932963300e+04     2.421607664261336e+04     2.421643337225357e+04     2.421679021137150e+04     2.421821756365280e+04
   21200           -1.26964687e+05            9.03705037e-01            9.99057218e-01            1.00086456e+00     2.416562843329746e+04     2.416573278708724e+04     2.416583800091394e+04     2.416594262379632e+04     2.416604735527082e+04     2.416646627724418e+04
   21400           -1.26976637e+05            1.45497791e+00            9.98528648e-01            1.00143855e+00     2.417655710825005e+04     2.417672947250310e+04     2.417690271471803e+04     2.417707536372304e+04     2.417724811695909e+04     2.417793912566814e+04
   21600           -1.27112851e+05            3.24438741e+00            9.96728736e-01            1.00321731e+00     2.417681196395195e+04     2.417720872858561e+04     2.417760631800664e+04     2.417800333440414e+04     2.417840045926770e+04     2.417998895458344e+04
   21800           -1.26922090e+05            1.58351808e+00            9.98393906e-01            1.00156087e+00     2.421948458591951e+04     2.421967326582262e+04     2.421986279982450e+04     2.422005174048959e+04     2.422024079343252e+04     2.422099700094553e+04
   22000           -1.26955142e+05            1.88472568e+00            9.98089574e-01            1.00185892e+00     2.426000546255866e+04     2.426023397656924e+04     2.426046342788438e+04     2.426069224024662e+04     2.426092116752459e+04     2.426183687249052e+04
   22200           -1.26792771e+05            2.83004405e+00            9.97141482e-01            1.00280139e+00     2.419147389522663e+04     2.419181901029636e+04     2.419216492567802e+04     2.419251029862971e+04     2.419285576796058e+04     2.419423764069453e+04
   22400           -1.26729592e+05            1.00226052e+00            9.98974628e-01            1.00097910e+00     2.426008393397455e+04     2.426020072217514e+04     2.426031837183148e+04     2.426043540675950e+04     2.426055256635572e+04     2.426102119873688e+04
   22600           -1.26693396e+05            1.20763117e+00            9.98756808e-01            1.00117198e+00     2.414174711902189e+04     2.414188978462278e+04     2.414203328411840e+04     2.414217619475138e+04     2.414231922148630e+04     2.414289132395070e+04
   22800           -1.26718835e+05            2.79834390e+00            9.97182345e-01            1.00277891e+00     2.428525295092655e+04     2.428559421009341e+04     2.428593636282324e+04     2.428627790481255e+04     2.428661955775646e+04     2.428798616458636e+04
   23000           -1.26829292e+05            4.65282941e-01            9.99509170e-01            1.00043971e+00     2.418118957998381e+04     2.418123986486544e+04     2.418129102318664e+04     2.418134157149767e+04     2.418139223597257e+04     2.418159489196134e+04
   23200           -1.26882274e+05            1.39050971e+00            9.98580251e-01            1.00136119e+00     2.417670249156531e+04     2.417686649384801e+04     2.417703138503696e+04     2.417719564810841e+04     2.417736003470996e+04     2.417801757785460e+04
   23400           -1.26891167e+05            2.48107055e+00            9.97491944e-01            1.00245394e+00     2.409548994921169e+04     2.409579166992211e+04     2.409609423780446e+04     2.409639623758772e+04     2.409669833528920e+04     2.409790672136671e+04
   23600           -1.26646192e+05            3.11523417e+00            9.96874105e-01            1.00310449e+00     2.427374188873965e+04     2.427412180889877e+04     2.427450261630934e+04     2.427488282159295e+04     2.427526313340330e+04     2.427678437806695e+04
   23800           -1.26518819e+05            2.51332358e+00            9.97457664e-01            1.00248415e+00     2.426837056816588e+04     2.426867589728141e+04     2.426898211186813e+04     2.426928771838667e+04     2.426959343713731e+04     2.427081630610874e+04
   24000           -1.26461706e+05            2.88998850e+00            9.97088633e-01            1.00286847e+00     2.408484823131859e+04     2.408520112187869e+04     2.408555492561737e+04     2.408590812517161e+04     2.408626142451879e+04     2.408767461771900e+04
   24200           -1.26644215e+05            2.16757921e+00            9.97806793e-01            1.00214183e+00     2.429435130056612e+04     2.429461271096020e+04     2.429487495423344e+04     2.429513661917637e+04     2.429539839436635e+04     2.429644548816658e+04
   24400           -1.26797797e+05            2.11484874e+00            9.97859327e-01            1.00208891e+00     2.405371045520275e+04     2.405396531624530e+04     2.405422103741737e+04     2.405447615806118e+04     2.405473139387480e+04     2.405575233254685e+04
   24600           -1.26837343e+05            2.75212592e+00            9.97206966e-01            1.00271098e+00     2.433368370857224e+04     2.433401977505526e+04     2.433435669099227e+04     2.433469301898328e+04     2.433502945668779e+04     2.433637520480335e+04
   24800           -1.26851401e+05            3.26468200e+00            9.96723294e-01            1.00325256e+00     2.425707572734294e+04     2.425747414273868e+04     2.425787338087571e+04     2.425827207377760e+04     2.425867085676582e+04     2.426026598618870e+04
   25000           -1.26662401e+05            1.01396693e+00            9.98960753e-01            1.00098863e+00     2.423737268232472e+04     2.423749061749073e+04     2.423760932590648e+04     2.423772749252420e+04     2.423784576379171e+04     2.423831884525870e+04
   25200           -1.26813443e+05            2.25288904e+00            9.97729717e-01            1.00223541e+00     2.420562784234112e+04     2.420590078412162e+04     2.420617466593079e+04     2.420644791157880e+04     2.420672126921155e+04     2.420781469608198e+04
   25400           -1.26771493e+05            2.43265947e+00            9.97540139e-01            1.00240532e+00     2.404706540103815e+04     2.404735977333177e+04     2.404765501114344e+04     2.404794965431432e+04     2.404824440662707e+04     2.404942341221598e+04
   25600           -1.26759970e+05            3.56222661e-01            9.99609314e-01            1.00032173e+00     2.428934599492123e+04     2.428938173578975e+04     2.428941829730865e+04     2.428945426521204e+04     2.428949035680546e+04     2.428963471868968e+04
   25800           -1.26703293e+05            1.21244675e+00            9.98755239e-01            1.00118005e+00     2.430359448928949e+04     2.430373803588431e+04     2.430388252653429e+04     2.430402637545872e+04     2.430417033921669e+04     2.430474618914388e+04
   26000           -1.26715216e+05            2.25634724e+00            9.97718699e-01            1.00223127e+00     2.411172140529262e+04     2.411199507100736e+04     2.411226961580410e+04     2.411254354424739e+04     2.411281759180052e+04     2.411391377830842e+04
   26200           -1.26560384e+05            2.66698905e+00            9.97306199e-01            1.00264002e+00     2.417603820556837e+04     2.417636356918867e+04     2.417668978202700e+04     2.417701543070393e+04     2.417734117427157e+04     2.417864414297478e+04
   26400           -1.26902844e+05            2.61022567e+00            9.97372085e-01            1.00259243e+00     2.435446971408995e+04     2.435478632925461e+04     2.435510368369491e+04     2.435542050248722e+04     2.435573743330161e+04     2.435700515251326e+04
   26600           -1.27242390e+05            2.12551623e+00            9.97842016e-01            1.00209290e+00     2.415393589764986e+04     2.415419204463880e+04     2.415444904256927e+04     2.415470543784772e+04     2.415496195310504e+04     2.415598800856023e+04
   26800           -1.26985196e+05            4.82980475e-01            9.99485335e-01            1.00045126e+00     2.404301665926559e+04     2.404306867600141e+04     2.404312152650949e+04     2.404317378383305e+04     2.404322615993130e+04     2.404343566059701e+04
   27000           -1.27004255e+05            6.70959302e-01            9.99302075e-01            1.00064396e+00     2.420751186942712e+04     2.420758687195495e+04     2.420766272684313e+04     2.420773800036677e+04     2.420781337850287e+04     2.420811488757862e+04
   27200           -1.26949430e+05            1.66266004e+00            9.98313026e-01            1.00163826e+00     2.422210517899095e+04     2.422230536807303e+04     2.422250644302955e+04     2.422270692103186e+04     2.422290750345059e+04     2.422370982791023e+04
   27400           -1.27281182e+05            1.49544145e+00            9.98473291e-01            1.00146408e+00     2.417997057764843e+04     2.418014854381054e+04     2.418032724911389e+04     2.418050545135094e+04     2.418068374386865e+04     2.418139691008888e+04
   27600           -1.26778383e+05            3.61850446e+00            9.96365635e-01            1.00360250e+00     2.412739081010615e+04     2.412783369407034e+04     2.412827736033188e+04     2.412872048878247e+04     2.412916371652231e+04     2.413093662293848e+04
   27800           -1.26655638e+05            1.54242373e+00            9.98434171e-01            1.00151894e+00     2.411639224609318e+04     2.411657646843859e+04     2.411676139314933e+04     2.411694582538986e+04     2.411713035298054e+04     2.411786845986791e+04
   28000           -1.26671535e+05            1.40763757e+00            9.98568647e-01            1.00138385e+00     2.403732697079268e+04     2.403749342255735e+04     2.403766070956389e+04     2.403782741833954e+04     2.403799423544589e+04     2.403866150009910e+04
   28200           -1.26613136e+05            6.93608575e-01            9.99276872e-01            1.00066405e+00     2.425097114647899e+04     2.425104828034191e+04     2.425112629253113e+04     2.425120370346617e+04     2.425128122383018e+04     2.425159130118138e+04
   28400           -1.26855700e+05            1.69988394e+00            9.98277339e-01            1.00167703e+00     2.414175744365942e+04     2.414196016192768e+04     2.414216377801239e+04     2.414236679084472e+04     2.414256990835351e+04     2.414338237304760e+04
   28600           -1.26685476e+05            1.22536370e+00            9.98733428e-01            1.00118405e+00     2.413535400575873e+04     2.413549805489163e+04     2.413564296752636e+04     2.413578728576084e+04     2.413593171366870e+04     2.413650942157866e+04
   28800           -1.26580904e+05            3.04426799e+00            9.96915715e-01            1.00300399e+00     2.417846620846272e+04     2.417883901734650e+04     2.417921270483438e+04     2.417958577782316e+04     2.417995896928369e+04     2.418145173010465e+04
   29000           -1.26692883e+05            1.06838954e+00            9.98896230e-01            1.00103293e+00     2.427279893321446e+04     2.427292435718598e+04     2.427305064162753e+04     2.427317633713345e+04     2.427330213958878e+04     2.427380534596311e+04
   29200           -1.26814408e+05            3.00100694e+00            9.96967103e-01            1.00296891e+00     2.418365350388786e+04     2.418402012550947e+04     2.418438755202505e+04     2.418475440573703e+04     2.418512137395103e+04     2.418658924401421e+04
   29400           -1.26695522e+05            2.53563215e+00            9.97438015e-01            1.00250913e+00     2.414930579792054e+04     2.414961469361743e+04     2.414992439373338e+04     2.415023353123734e+04     2.415054277665701e+04     2.415177975539349e+04
   29600           -1.26738190e+05            9.93764380e-01            9.98989031e-01            1.00097653e+00     2.412469980628481e+04     2.412481704367595e+04     2.412493513148587e+04     2.412505264276703e+04     2.412517025672544e+04     2.412564070716606e+04
   29800           -1.26748333e+05            4.71895171e+00            9.95264163e-01            1.00470184e+00     2.425501910429846e+04     2.425560122258156e+04     2.425618417548523e+04     2.425676654117756e+04     2.425734902193039e+04     2.425967893956233e+04
   30000           -1.26643928e+05            1.37789025e+00            9.98588214e-01            1.00134390e+00     2.416830091192765e+04     2.416846495482746e+04     2.416862982599450e+04     2.416879410026108e+04     2.416895849778009e+04     2.416961608363253e+04
   30200           -1.26772285e+05            4.17272388e-01            9.99559568e-01            1.00039409e+00     2.403938081365857e+04     2.403942490033369e+04     2.403946983162686e+04     2.403951419736422e+04     2.403955866021958e+04     2.403973650678059e+04
   30400           -1.26861226e+05            3.84389141e+00            9.96128586e-01            1.00381612e+00     2.415399965268384e+04     2.415447178494571e+04     2.415494480201866e+04     2.415541718134509e+04     2.415588969212997e+04     2.415777973157611e+04
   30600           -1.26999118e+05            1.45684131e+00            9.98511217e-01            1.00142480e+00     2.414224874524168e+04     2.414242250186569e+04     2.414259699336251e+04     2.414277097320775e+04     2.414294505045894e+04     2.414364135567620e+04
   30800           -1.26849996e+05            1.66984993e+00            9.98300087e-01            1.00163968e+00     2.418372894194520e+04     2.418392990438269e+04     2.418413178235251e+04     2.418433303404849e+04     2.418453439941612e+04     2.418533985688704e+04
   31000           -1.26921712e+05            5.19626413e+00            9.94778374e-01            1.00517054e+00     2.423015289988943e+04     2.423079395679025e+04     2.423143571556953e+04     2.423207698714873e+04     2.423271835058414e+04     2.423528380127886e+04
   31200           -1.26805538e+05            2.19455001e+00            9.97785780e-01            1.00217479e+00     2.416614933388909e+04     2.416641474756972e+04     2.416668098857966e+04     2.416694666102304e+04     2.416721243770514e+04     2.416827554152119e+04
   31400           -1.26695032e+05            1.24905148e+00            9.98727754e-01            1.00122580e+00     2.412763648133012e+04     2.412778323062316e+04     2.412793082225219e+04     2.412807782859497e+04     2.412822494624664e+04     2.412881341116316e+04
   31600           -1.26855316e+05            1.88405136e+00            9.98085637e-01            1.00185362e+00     2.428001985565266e+04     2.428024643888481e+04     2.428047378574856e+04     2.428070056603100e+04     2.428092747089881e+04     2.428183508614495e+04
   31800           -1.26754892e+05            3.58434879e+00            9.96398617e-01            1.00356716e+00     2.430827516686681e+04     2.430871430059134e+04     2.430915424711644e+04     2.430959360458352e+04     2.431003308515650e+04     2.431179100344619e+04
   32000           -1.26833087e+05            4.36613277e-01            9.99544355e-01            1.00041756e+00     2.420989090573458e+04     2.420993795921406e+04     2.420998580906264e+04     2.421003310187194e+04     2.421008050208225e+04     2.421027009842992e+04
   32200           -1.26943050e+05            5.72374791e-01            9.99397257e-01            1.00054197e+00     2.407424279400631e+04     2.407430604997557e+04     2.407437010497534e+04     2.407443361055669e+04     2.407449721732105e+04     2.407475164063580e+04
   32400           -1.26944737e+05            3.72170590e+00            9.96247500e-01            1.00369065e+00     2.416625834647664e+04     2.416671382873723e+04     2.416717020306133e+04     2.416762597879787e+04     2.416808185780869e+04     2.416990536914074e+04
   32600           -1.26857533e+05            1.45888558e+00            9.98500487e-01            1.00141814e+00     2.402268902245007e+04     2.402286376140908e+04     2.402303929622641e+04     2.402321428286878e+04     2.402338937085373e+04     2.402408971925740e+04
   32800           -1.26872885e+05            1.56601053e+00            9.98413926e-01            1.00154588e+00     2.401390244270685e+04     2.401408859572601e+04     2.401427557601771e+04     2.401446199352028e+04     2.401464851161330e+04     2.401539458051975e+04
   33000           -1.26812650e+05            2.55812461e+00            9.97407662e-01            1.00252372e+00     2.406785029350669e+04     2.406816191078224e+04     2.406847432642519e+04     2.406878618099782e+04     2.406909814475786e+04     2.407034599600902e+04
   33200           -1.26854502e+05            1.40531340e+00            9.98568225e-01            1.00137878e+00     2.422574540355000e+04     2.422591235883488e+04     2.422608015013525e+04     2.422624739851094e+04     2.422641473145597e+04     2.422708405936194e+04
   33400           -1.26816377e+05            2.34043791e+00            9.97625794e-01            1.00230650e+00     2.413051606351198e+04     2.413079985632431e+04     2.413108444681104e+04     2.413136845715288e+04     2.413165258964495e+04     2.413278911577792e+04
   33600           -1.26949297e+05            8.13048155e-01            9.99157453e-01            1.00078350e+00     2.420097891120773e+04     2.420107136455672e+04     2.420116465701274e+04     2.420125738481405e+04     2.420135021098089e+04     2.420172151075406e+04
   33800           -1.26964166e+05            2.26700036e+00            9.97715665e-01            1.00224958e+00     2.421938519834389e+04     2.421966066111895e+04     2.421993692849226e+04     2.422021263434909e+04     2.422048844843973e+04     2.422159169853556e+04
   34000           -1.26893389e+05            8.47364310e-01            9.99114936e-01            1.00080960e+00     2.413384270989420e+04     2.413393852585105e+04     2.413403524000071e+04     2.413413131453209e+04     2.413422751774187e+04     2.413461232558953e+04
   34200           -1.26789769e+05            2.23136661e+00            9.97742857e-01            1.00220547e+00     2.423249839722555e+04     2.423276767797911e+04     2.423303787773590e+04     2.423330745319474e+04     2.423357713977732e+04     2.423465588232908e+04
   34400           -1.26862589e+05            7.23367834e-01            9.99238033e-01            1.00068471e+00     2.423364545175921e+04     2.423372914746798e+04     2.423381374710461e+04     2.423389775713881e+04     2.423398186045830e+04     2.423431826915739e+04
   34600           -1.26990915e+05            6.01028581e-01            9.99380941e-01            1.00058298e+00     2.412593638275558e+04     2.412600231522225e+04     2.412606917478690e+04     2.412613541916460e+04     2.412620176591284e+04     2.412646714907010e+04
   34800           -1.26765444e+05            1.99312415e+00            9.97978470e-01            1.00196460e+00     2.409585418636896e+04     2.409609524687061e+04     2.409633723297076e+04     2.409657858590673e+04     2.409682005370783e+04     2.409778592104669e+04
   35000           -1.26767874e+05            1.69581271e+00            9.98271491e-01            1.00166300e+00     2.422253062299847e+04     2.422273335682659e+04     2.422293685216555e+04     2.422313982524294e+04     2.422334289368952e+04     2.422415516438058e+04
   35200           -1.26713213e+05            2.43252439e+00            9.97542886e-01            1.00240780e+00     2.433463161999446e+04     2.433492902880807e+04     2.433522725825115e+04     2.433552492319802e+04     2.433582269218534e+04     2.433701376437622e+04
   35400           -1.26746784e+05            1.52393422e+00            9.98451449e-01            1.00149924e+00     2.421462583437551e+04     2.421480650027658e+04     2.421498802727495e+04     2.421516897746956e+04     2.421535002629443e+04     2.421607421821334e+04
   35600           -1.26710723e+05            3.06442760e+00            9.96904408e-01            1.00303305e+00     2.411397111751898e+04     2.411434583775490e+04     2.411472144035255e+04     2.411509641099659e+04     2.411547151045038e+04     2.411697190338178e+04
   35800           -1.26974070e+05            1.42966536e+00            9.98540950e-01            1.00140019e+00     2.414398359876881e+04     2.414415387492345e+04     2.414432504293249e+04     2.414449558808894e+04     2.414466625221073e+04     2.414534890565264e+04
   36000           -1.26879352e+05            2.77969519e+00            9.97188139e-01            1.00274734e+00     2.412006021329889e+04     2.412039826234766e+04     2.412073716958739e+04     2.412107549518558e+04     2.412141392357258e+04     2.412276763384627e+04
   36200           -1.26907348e+05            3.52745274e+00            9.96456068e-01            1.00351083e+00     2.409464818225425e+04     2.409507842653795e+04     2.409550956764044e+04     2.409594008679670e+04     2.409637072321908e+04     2.409809326418390e+04
   36400           -1.26954842e+05            1.53999866e+00            9.98431871e-01            1.00151178e+00     2.412483535267348e+04     2.412501880565299e+04     2.412520307696796e+04     2.412538681479156e+04     2.412557063626077e+04     2.412630591984807e+04
   36600           -1.26955060e+05            2.93694782e+00            9.97045615e-01            1.00291939e+00     2.419941337969040e+04     2.419977163088550e+04     2.420013076407194e+04     2.420048929593792e+04     2.420084793636479e+04     2.420228249303918e+04
   36800           -1.26972058e+05            2.11674403e+00            9.97854521e-01            1.00208788e+00     2.415128444903592e+04     2.415154009504837e+04     2.415179649707262e+04     2.415205236825681e+04     2.415230834309277e+04     2.415333223714963e+04
   37000           -1.26634799e+05            2.38905090e+00            9.97578924e-01            1.00235686e+00     2.424635702199258e+04     2.424664787543572e+04     2.424693959265550e+04     2.424723070525343e+04     2.424752193474150e+04     2.424868684749042e+04
   37200           -1.26956152e+05            1.08237942e+00            9.98879116e-01            1.00104379e+00     2.409874069101679e+04     2.409886827603048e+04     2.409899666537958e+04     2.409912448599263e+04     2.409925241895554e+04     2.409976414689430e+04
   37400           -1.27001213e+05            4.76900864e+00            9.95212921e-01            1.00475069e+00     2.405221177036097e+04     2.405279879232102e+04     2.405338669956708e+04     2.405397400029120e+04     2.405456141078220e+04     2.405691105120343e+04
   37600           -1.26713494e+05            8.83652490e-01            9.99088603e-01            1.00085586e+00     2.419648031710960e+04     2.419658300153300e+04     2.419668653957725e+04     2.419678949252901e+04     2.419689255219047e+04     2.419730478727134e+04
   37800           -1.26615212e+05            1.49973507e+00            9.98460437e-01            1.00145979e+00     2.420251370977126e+04     2.420269322046584e+04     2.420287364084121e+04     2.420305342996604e+04     2.420323333824440e+04     2.420395296671753e+04
   38000           -1.26686115e+05            2.97281399e+00            9.97011836e-01            1.00295735e+00     2.414933803431987e+04     2.414969938557851e+04     2.415006156698618e+04     2.415042318181846e+04     2.415078489863958e+04     2.415223176295929e+04
   38200           -1.26972702e+05            1.81948893e+00            9.98151640e-01            1.00179051e+00     2.425203590850518e+04     2.425225381721068e+04     2.425247254462204e+04     2.425269070365016e+04     2.425290896931929e+04     2.425378203013340e+04
   38400           -1.26795142e+05            6.56998267e-01            9.99317512e-01            1.00063147e+00     2.415256260787187e+04     2.415263612828068e+04     2.415271056408740e+04     2.415278438087799e+04     2.415285830684022e+04     2.415315400580858e+04
   38600           -1.26819453e+05            1.06083197e+00            9.98922176e-01            1.00104380e+00     2.409588087092527e+04     2.409600554742053e+04     2.409613103677011e+04     2.409625595651949e+04     2.409638098670289e+04     2.409688110248050e+04
   38800           -1.26792973e+05            1.21780871e+00            9.98752335e-01            1.00118788e+00     2.433473921235406e+04     2.433488242745045e+04     2.433502652840336e+04     2.433517001169730e+04     2.433531361286485e+04     2.433588801337564e+04
   39000           -1.27078031e+05            3.43564405e+00            9.96543609e-01            1.00341473e+00     2.406039997653238e+04     2.406082128607407e+04     2.406124338242348e+04     2.406166491213966e+04     2.406208655876987e+04     2.406377314100736e+04
   39200           -1.26957635e+05            3.13104845e+00            9.96848915e-01            1.00311087e+00     2.407254188604619e+04     2.407292369841098e+04     2.407330635524746e+04     2.407368843519953e+04     2.407407061920624e+04     2.407559935236628e+04
   39400           -1.26901170e+05            2.21211360e+00            9.97756068e-01            1.00218015e+00     2.411800276701210e+04     2.411826996127161e+04     2.411853794935828e+04     2.411880539637445e+04     2.411907294149254e+04     2.412014311597298e+04
   39600           -1.27158310e+05            3.80025401e+00            9.96180641e-01            1.00378097e+00     2.405483503029824e+04     2.405530110166171e+04     2.405576798446366e+04     2.405623429386236e+04     2.405670071591861e+04     2.405856640153898e+04
   39800           -1.26936667e+05            2.00273033e+00            9.97963682e-01            1.00196900e+00     2.423264120079255e+04     2.423288284046338e+04     2.423312532943884e+04     2.423336723816599e+04     2.423360925236472e+04     2.423457730393688e+04
   40000           -1.26921039e+05            1.77013467e+00            9.98209838e-01            1.00175003e+00     2.413590622610858e+04     2.413611803229318e+04     2.413633067891404e+04     2.413654277281960e+04     2.413675495597659e+04     2.413760368584460e+04
   40200           -1.26801567e+05            2.77849550e+00            9.97187606e-01            1.00274439e+00     2.423184309467927e+04     2.423218173804393e+04     2.423252125321428e+04     2.423286017109212e+04     2.423319919780865e+04     2.423455530093802e+04
   40400           -1.26907532e+05            1.91054868e+00            9.98068314e-01            1.00188933e+00     2.422354879140023e+04     2.422377819218242e+04     2.422400836623229e+04     2.422423796907364e+04     2.422446769671609e+04     2.422538660203195e+04
   40600           -1.26831216e+05            4.57207783e-01            9.99511996e-01            1.00042638e+00     2.409150029288010e+04     2.409154870118279e+04     2.409159797388938e+04     2.409164665292885e+04     2.409169544117309e+04     2.409189058946607e+04
   40800           -1.26730470e+05            8.67962918e-01            9.99099600e-01            1.00083547e+00     2.427114033912986e+04     2.427123998415576e+04     2.427134052709668e+04     2.427144045597703e+04     2.427154049633171e+04     2.427194065353357e+04
   41000           -1.26997705e+05            1.34815442e+00            9.98626943e-01            1.00132318e+00     2.433000767062669e+04     2.433016774819851e+04     2.433032862026061e+04     2.433048892854884e+04     2.433064934902407e+04     2.433129102742145e+04
   41200           -1.26788288e+05            2.04139103e+00            9.97931574e-01            1.00201424e+00     2.411554260944399e+04     2.411578838644054e+04     2.411603504223832e+04     2.411628109391906e+04     2.411652725653984e+04     2.411751190363570e+04
   41400           -1.26870775e+05            9.85015514e-01            9.98987444e-01            1.00095742e+00     2.414602077924541e+04     2.414613499619559e+04     2.414625010576784e+04     2.414636461109802e+04     2.414647922336779e+04     2.414693766749018e+04
   41600           -1.26694540e+05            2.87503597e+00            9.97087237e-01            1.00283708e+00     2.413900258938214e+04     2.413935328687434e+04     2.413970482632019e+04     2.414005578426204e+04     2.414040684964019e+04     2.414181110989824e+04
   41800           -1.26559337e+05            2.48021488e+00            9.97495744e-01            1.00245604e+00     2.422200868780060e+04     2.422231000489809e+04     2.422261212222088e+04     2.422291366653406e+04     2.422321532746685e+04     2.422442196713309e+04
   42000           -1.26664685e+05            2.98412193e+00            9.96979177e-01            1.00294718e+00     2.424557401164351e+04     2.424593881382055e+04     2.424630447364194e+04     2.424666956921633e+04     2.424703475625331e+04     2.424849550086310e+04
   42200           -1.26678406e+05            2.61213352e+00            9.97367821e-01            1.00259197e+00     2.433234610833720e+04     2.433266230050218e+04     2.433297935941587e+04     2.433329583204255e+04     2.433361240875280e+04     2.433487870916841e+04
   42400           -1.26863802e+05            5.52831807e-01            9.99417113e-01            1.00052274e+00     2.425878917267233e+04     2.425884989143119e+04     2.425891147792745e+04     2.425897247642038e+04     2.425903357897953e+04     2.425927798528673e+04
   42600           -1.26810393e+05            1.67767735e+00            9.98299545e-01            1.00165482e+00     2.413576701182628e+04     2.413596627956607e+04     2.413616636772923e+04     2.413636587488129e+04     2.413656549676384e+04     2.413736398170139e+04
   42800           -1.27009436e+05            1.17382911e+00            9.98803357e-01            1.00115096e+00     2.430142152071586e+04     2.430155771785647e+04     2.430169468862019e+04     2.430183112197006e+04     2.430196765702901e+04     2.430251379334216e+04
   43000           -1.27091582e+05            1.54147647e+00            9.98426700e-01            1.00150955e+00     2.420036058577979e+04     2.420054466975987e+04     2.420072952497347e+04     2.420091383338657e+04     2.420109825038184e+04     2.420183591498390e+04
   43200           -1.26981815e+05            2.28640893e+00            9.97681291e-01            1.00225395e+00     2.427999785297754e+04     2.428027507398644e+04     2.428055319572112e+04     2.428083070076500e+04     2.428110831784515e+04     2.428221878271276e+04
   43400           -1.27057364e+05            2.36745268e+00            9.97603709e-01            1.00233847e+00     2.421745359192071e+04     2.421774159655558e+04     2.421803047596819e+04     2.421831873420876e+04     2.421860711613339e+04     2.421976064034607e+04
   43600           -1.27016053e+05            2.56457391e+00            9.97412381e-01            1.00254140e+00     2.413353320107150e+04     2.413384461338271e+04     2.413415694950919e+04     2.413446868610405e+04     2.413478051545336e+04     2.413602782983523e+04
   43800           -1.27002723e+05            2.82794137e+00            9.97146420e-01            1.00280214e+00     2.406910821756629e+04     2.406945327265612e+04     2.406979908416395e+04     2.407014435788100e+04     2.407048973906719e+04     2.407187126056808e+04
   44000           -1.27075907e+05            1.71033479e+00            9.98256234e-01            1.00167679e+00     2.402208231833826e+04     2.402228765709743e+04     2.402249385602197e+04     2.402269946502369e+04     2.402290518199931e+04     2.402372804566037e+04
   44200           -1.26710055e+05            2.94826667e+00            9.97016948e-01            1.00291326e+00     2.438646593710541e+04     2.438682528943973e+04     2.438718546253197e+04     2.438754505469670e+04     2.438790476205797e+04     2.438934358701053e+04
   44400           -1.26822066e+05            1.56862417e+00            9.98408080e-01            1.00154525e+00     2.417774266060908e+04     2.417792902195739e+04     2.417811618844760e+04     2.417830282061959e+04     2.417848954176189e+04     2.417923642291469e+04
   44600           -1.26620449e+05            3.95407611e+00            9.96011888e-01            1.00391973e+00     2.407793012195386e+04     2.407841567762277e+04     2.407890209044615e+04     2.407938789056412e+04     2.407987381447069e+04     2.408181750698751e+04
   44800           -1.26648491e+05            2.59366501e+00            9.97367407e-01            1.00255452e+00     2.427977942658114e+04     2.428009539922607e+04     2.428041222033031e+04     2.428072844707753e+04     2.428104478872853e+04     2.428231015087591e+04
   45000           -1.26666099e+05            1.77763734e+00            9.98186631e-01            1.00174177e+00     2.417067563868298e+04     2.417088997531444e+04     2.417110517215608e+04     2.417131977535738e+04     2.417153448927505e+04     2.417239333986713e+04
   45200           -1.26662035e+05            1.11414439e+00            9.98862109e-01            1.00109034e+00     2.402173430277163e+04     2.402186494021655e+04     2.402199643294608e+04     2.402212734103758e+04     2.402225835428168e+04     2.402278240579173e+04
   45400           -1.26704974e+05            1.64364071e+00            9.98331922e-01            1.00161912e+00     2.407195038092241e+04     2.407214969251810e+04     2.407234986591603e+04     2.407254942293510e+04     2.407274910476918e+04     2.407354782861595e+04
   45600           -1.26692899e+05            3.08569456e+00            9.96890680e-01            1.00306190e+00     2.424551862313389e+04     2.424589747575709e+04     2.424627706874916e+04     2.424665614168581e+04     2.424703531581282e+04     2.424855200849174e+04
   45800           -1.26906289e+05            2.49755877e+00            9.97471577e-01            1.00246653e+00     2.417128644470075e+04     2.417159091165345e+04     2.417189627261419e+04     2.417220102311201e+04     2.417250588320571e+04     2.417372532171068e+04
   46000           -1.26804091e+05            4.21888454e+00            9.95757536e-01            1.00419505e+00     2.406030394807720e+04     2.406082218521861e+04     2.406134133441549e+04     2.406185984523486e+04     2.406237847911773e+04     2.406445301015825e+04
   46200           -1.26696382e+05            3.72503584e+00            9.96253587e-01            1.00370346e+00     2.409181078133994e+04     2.409226698899859e+04     2.409272401628010e+04     2.409318047816912e+04     2.409363704528479e+04     2.409546330922964e+04
   46400           -1.26643396e+05            4.86730509e+00            9.95123422e-01            1.00485786e+00     2.407680881031173e+04     2.407740829177581e+04     2.407800863964509e+04     2.407860838626933e+04     2.407920824650697e+04     2.408160768270220e+04
   46600           -1.26782349e+05            1.46336306e+00            9.98515421e-01            1.00144208e+00     2.411566538348610e+04     2.411584067754519e+04     2.411601685950092e+04     2.411619241255618e+04     2.411636808993685e+04     2.411707079638761e+04
   46800           -1.26840841e+05            1.08920106e+00            9.98875512e-01            1.00105384e+00     2.420385544348958e+04     2.420398389552765e+04     2.420411327638421e+04     2.420424203620127e+04     2.420437090145558e+04     2.420488635942158e+04
   47000           -1.26607736e+05            1.21970907e+00            9.98756661e-01            1.00119602e+00     2.411592866219031e+04     2.411607326704542e+04     2.411621873824302e+04     2.411636360513300e+04     2.411650858730789e+04     2.411708851242546e+04
   47200           -1.26910964e+05            1.42977963e+00            9.98543631e-01            1.00140311e+00     2.421413281575171e+04     2.421430314843847e+04     2.421447435776686e+04     2.421464495142029e+04     2.421481566459785e+04     2.421549851344398e+04
   47400           -1.26694599e+05            4.64402076e+00            9.95334030e-01            1.00462180e+00     2.418826403916398e+04     2.418883595372458e+04     2.418940870797767e+04     2.418998089496280e+04     2.419055318162102e+04     2.419284232407806e+04
   47600           -1.26523625e+05            2.48166834e+00            9.97493293e-01            1.00245649e+00     2.407964909191771e+04     2.407995126510272e+04     2.408025433139967e+04     2.408055679839629e+04     2.408085936912794e+04     2.408206964633818e+04
   47800           -1.26444198e+05            2.19880835e+00            9.97769475e-01            1.00216694e+00     2.421611139130716e+04     2.421637775544210e+04     2.421664490835320e+04     2.421691149930199e+04     2.421717820369241e+04     2.421824501607766e+04
   48000           -1.26566051e+05            9.97307284e-01            9.98990664e-01            1.00098525e+00     2.402751212304466e+04     2.402762915750938e+04     2.402774699545524e+04     2.402786428841173e+04     2.402798167772557e+04     2.402845123240647e+04
   48200           -1.26617798e+05            7.95007957e-01            9.99175486e-01            1.00076546e+00     2.423825273927785e+04     2.423834407163329e+04     2.423843626674083e+04     2.423852787539516e+04     2.423861958930780e+04     2.423898643933774e+04
   48400           -1.26714087e+05            2.40774974e-01            9.99730753e-01            1.00021229e+00     2.415548214299822e+04     2.415550303058548e+04     2.415552472882267e+04     2.415554585980699e+04     2.415556710027635e+04     2.415565205755449e+04
   48600           -1.26766944e+05            2.59006195e+00            9.97387136e-01            1.00256713e+00     2.411326502672263e+04     2.411358091258784e+04     2.411389770452855e+04     2.411421388262357e+04     2.411453016917046e+04     2.411579531161827e+04
   48800           -1.26694834e+05            1.62440128e+00            9.98347723e-01            1.00159643e+00     2.401259757363574e+04     2.401279353993313e+04     2.401299035823838e+04     2.401318658032257e+04     2.401338291711968e+04     2.401416826060363e+04
   49000           -1.26885575e+05            1.17077353e+00            9.98790332e-01            1.00113179e+00     2.428992992166689e+04     2.429006677493872e+04     2.429020453973733e+04     2.429034168879723e+04     2.429047894538453e+04     2.429102796910218e+04
   49200           -1.26545569e+05            1.12017500e+00            9.98850630e-01            1.00109091e+00     2.410401835511506e+04     2.410415121760271e+04     2.410428493285692e+04     2.410441806059741e+04     2.410455129742281e+04     2.410508423973056e+04
   49400           -1.26674286e+05            7.78853387e-01            9.99191322e-01            1.00074898e+00     2.403498831679780e+04     2.403507669654599e+04     2.403516586369631e+04     2.403525448560479e+04     2.403534320968945e+04     2.403569810258109e+04
   49600           -1.26535555e+05            1.01577481e+00            9.98950368e-01            1.00098185e+00     2.418867940437062e+04     2.418879888595807e+04     2.418891918233244e+04     2.418903890930856e+04     2.418915874567259e+04     2.418963808697457e+04
   49800           -1.27139534e+05            1.62637513e+00            9.98342088e-01            1.00159473e+00     2.405021293736923e+04     2.405040825443834e+04     2.405060437668519e+04     2.405079993386178e+04     2.405099560055509e+04     2.405177826374095e+04
   50000           -1.26449621e+05            1.50491041e+00            9.98463977e-01            1.00147370e+00     2.403082835950024e+04     2.403100744505832e+04     2.403118739194369e+04     2.403136675348391e+04     2.403154621969426e+04     2.403226407988828e+04
