#This file was generated on Sun Sep  3 12:00:38 2023
#Using the somd command, of the molecular library Sire version <2023.1.3> 
#For more information visit: https://github.com/openbiosim/sire
#
#General information on simulation parameters:
#Simulation used 25000 moves, 2 cycles and 200 ps of simulation time
#Generating lambda is		 0.25000
#Alchemical array is		 (0.0, 0.125, 0.25, 0.375, 0.5, 1.0)
#Generating temperature is 	25°C
#Energy was saved every 200 steps 
#
#
#   [step]      [potential kcal/mol]       [gradient kcal/mol]      [forward Metropolis]     [backward Metropolis]                   [u_kl]
     200           -1.27832826e+05            3.88891088e+00            9.96600669e-01            1.00438227e+00     9.968891757232761e+03     9.969302722139691e+03     9.969714058766382e+03     9.970125122064977e+03     9.970536246101155e+03     9.972180734969552e+03
     400           -1.23994894e+05            6.18840971e+00            9.94274552e-01            1.00665698e+00     9.973069402859159e+03     9.973774459409824e+03     9.974479826169030e+03     9.975184951012143e+03     9.975890135578755e+03     9.978710868298351e+03
     600           -1.21560260e+05            2.92997584e+00            9.97526997e-01            1.00338962e+00     9.979127998119169e+03     9.979424891824588e+03     9.979722137126371e+03     9.980019105953537e+03     9.980316143905215e+03     9.981504289691260e+03
     800           -1.19931756e+05            6.28561874e+00            9.94171963e-01            1.00674882e+00     9.976352388862271e+03     9.977071476571811e+03     9.977790935741241e+03     9.978510122112020e+03     9.979229368982918e+03     9.982106349103566e+03
    1000           -1.18845078e+05            5.63214424e+00            9.94780423e-01            1.00604927e+00     1.001310631220528e+04     1.001374540380009e+04     1.001438483096005e+04     1.001502400405245e+04     1.001566323743960e+04     1.001822016267392e+04
    1200           -1.18332035e+05            5.21812362e+00            9.95221236e-01            1.00566200e+00     9.996739931928820e+03     9.997324052266958e+03     9.997908475627672e+03     9.998492674361585e+03     9.999076924172765e+03     1.000141391641671e+04
    1400           -1.17884483e+05            4.32087877e+00            9.96122988e-01            1.00476854e+00     9.930102164169697e+03     9.930571198975656e+03     9.931040485734764e+03     9.931509554275324e+03     9.931978686637125e+03     9.933855209104551e+03
    1600           -1.17724732e+05            4.93490063e+00            9.95521272e-01            1.00539552e+00     1.012018044117459e+04     1.012072950192214e+04     1.012127886981955e+04     1.012182799112981e+04     1.012237717692961e+04     1.012457391268463e+04
    1800           -1.17627126e+05            4.64487264e+00            9.95814088e-01            1.00510805e+00     1.000384355324229e+04     1.000435418251566e+04     1.000486514877002e+04     1.000537585559462e+04     1.000588662551088e+04     1.000792969777947e+04
    2000           -1.17707117e+05            5.69208575e+00            9.94788583e-01            1.00617813e+00     9.964860732338635e+03     9.965500053686113e+03     9.966139734557446e+03     9.966779137842719e+03     9.967418609028395e+03     9.969976485718154e+03
    2200           -1.17406520e+05            4.01665345e+00            9.96445319e-01            1.00448231e+00     1.001314845504454e+04     1.001357921643379e+04     1.001401030572058e+04     1.001444114771683e+04     1.001487204726372e+04     1.001659563948290e+04
    2400           -1.17462241e+05            3.17585015e+00            9.97296672e-01            1.00365136e+00     9.987341317564726e+03     9.987665929091714e+03     9.987990858739797e+03     9.988315552427110e+03     9.988640299563735e+03     9.989939281562745e+03
    2600           -1.17335180e+05            2.46204479e+00            9.98002504e-01            1.00292888e+00     9.989378190454352e+03     9.989611752535211e+03     9.989845626748236e+03     9.990079275275759e+03     9.990312972775087e+03     9.991247755095825e+03
    2800           -1.17397577e+05            2.21689013e+00            9.98210790e-01            1.00264646e+00     1.009310499397797e+04     1.009331494719931e+04     1.009352519702043e+04     1.009373522012143e+04     1.009394529753723e+04     1.009478560109649e+04
    3000           -1.17206499e+05            2.21929597e+00            9.98233264e-01            1.00267386e+00     9.956349657704368e+03     9.956559097248681e+03     9.956768906765357e+03     9.956978452156123e+03     9.957188052332895e+03     9.958026446961421e+03
    3200           -1.17115839e+05            1.63639216e+00            9.98796338e-01            1.00207054e+00     9.935191963051740e+03     9.935327553835119e+03     9.935463416602444e+03     9.935599049831779e+03     9.935734747447335e+03     9.936277531842930e+03
    3400           -1.17034123e+05            1.80855181e+00            9.98646438e-01            1.00226519e+00     9.974082142815058e+03     9.974238367482816e+03     9.974394918488895e+03     9.974551221871105e+03     9.974707582855299e+03     9.975333022895542e+03
    3600           -1.17070968e+05            9.77251806e+00            9.90734441e-01            1.01028886e+00     9.987639825685259e+03     9.988788527455106e+03     9.989937558556245e+03     9.991086327626666e+03     9.992235164013908e+03     9.996830502342556e+03
    3800           -1.17096895e+05            5.04700259e+00            9.95457901e-01            1.00555694e+00     1.003165784586702e+04     1.003221651081189e+04     1.003277549189149e+04     1.003333422109860e+04     1.003389301518626e+04     1.003612818450549e+04
    4000           -1.17100338e+05            2.26775272e+00            9.98195545e-01            1.00273315e+00     1.003153166266532e+04     1.003174176940993e+04     1.003195223514969e+04     1.003216244607700e+04     1.003237270937382e+04     1.003321375608232e+04
    4200           -1.17053427e+05            2.76595693e+00            9.97711924e-01            1.00324647e+00     9.952624446051615e+03     9.952897258305858e+03     9.953170398532311e+03     9.953443284923807e+03     9.953716233313400e+03     9.954808020575185e+03
    4400           -1.17503824e+05            5.96281856e+00            9.94523362e-01            1.00645469e+00     1.007116598905086e+04     1.007183770328144e+04     1.007250978185689e+04     1.007318161318222e+04     1.007385349032209e+04     1.007654099159332e+04
    4600           -1.17444337e+05            5.35055120e+00            9.95109620e-01            1.00581557e+00     1.000768536764170e+04     1.000828395961708e+04     1.000888292697725e+04     1.000948160363547e+04     1.001008035094213e+04     1.001247533424256e+04
    4800           -1.17055990e+05            5.80195272e+00            9.94738184e-01            1.00634826e+00     9.967674180537830e+03     9.968322850914577e+03     9.968971928484652e+03     9.969620713918262e+03     9.970269560488221e+03     9.972864940438611e+03
    5000           -1.17150102e+05            2.84235641e+00            9.97603867e-01            1.00329111e+00     9.912519792835079e+03     9.912806688517741e+03     9.913093888321446e+03     9.913380866783580e+03     9.913667893648311e+03     9.914815994461544e+03
    5200           -1.17120564e+05            4.64698507e+00            9.95796529e-01            1.00509457e+00     1.001678302320465e+04     1.001729820240697e+04     1.001781372005092e+04     1.001832896788097e+04     1.001884428478831e+04     1.002090554637198e+04
    5400           -1.17354894e+05            5.11051890e+00            9.95330982e-01            1.00555647e+00     9.924751536863905e+03     9.925321841585019e+03     9.925892461057894e+03     9.926462844420650e+03     9.927033282260247e+03     9.929315027656590e+03
    5600           -1.17156791e+05            4.91157172e+00            9.95559674e-01            1.00538739e+00     9.951662389170657e+03     9.952207117705855e+03     9.952752158830230e+03     9.953296954683552e+03     9.953841812546549e+03     9.956021235922439e+03
    5800           -1.17103360e+05            5.40840059e+00            9.95051413e-01            1.00587311e+00     1.006159395898390e+04     1.006220208078173e+04     1.006281050604048e+04     1.006341870483710e+04     1.006402695538643e+04     1.006645995178895e+04
    6000           -1.17190583e+05            6.07004581e+00            9.94379647e-01            1.00652508e+00     1.006087255331817e+04     1.006156154735450e+04     1.006225083178662e+04     1.006293988669494e+04     1.006362900002295e+04     1.006638544672772e+04
    6200           -1.17263251e+05            5.04658896e+00            9.95388560e-01            1.00548607e+00     1.003867226260976e+04     1.003923530975171e+04     1.003979869767709e+04     1.004036182033777e+04     1.004092500843757e+04     1.004317775426539e+04
    6400           -1.17316888e+05            5.79930497e+00            9.94638792e-01            1.00624238e+00     1.002344243646974e+04     1.002409945868641e+04     1.002475677706676e+04     1.002541384470221e+04     1.002607098269934e+04     1.002869952892894e+04
    6600           -1.16999168e+05            3.02803480e+00            9.97461042e-01            1.00352006e+00     9.882621898495758e+03     9.882928749299748e+03     9.883235995626872e+03     9.883542947377528e+03     9.883849965977910e+03     9.885078033460064e+03
    6800           -1.17173006e+05            4.19495180e+00            9.96279692e-01            1.00467355e+00     9.909751139133195e+03     9.910204456579133e+03     9.910658144639639e+03     9.911111563344959e+03     9.911565040296302e+03     9.913378941459407e+03
    7000           -1.16880714e+05            4.36489789e+00            9.96115769e-01            1.00484972e+00     1.004507103475499e+04     1.004554621530647e+04     1.004602170716570e+04     1.004649695727125e+04     1.004697226718171e+04     1.004887349960842e+04
    7200           -1.17258240e+05            7.28033000e+00            9.93204265e-01            1.00777177e+00     1.001686830477714e+04     1.001770787478234e+04     1.001854775144754e+04     1.001938738778945e+04     1.002022708461208e+04     1.002358586444702e+04
    7400           -1.17162573e+05            2.59765650e+00            9.97837004e-01            1.00303457e+00     9.911008202810486e+03     9.911264884829996e+03     9.911521885980204e+03     9.911778626073650e+03     9.912035436264428e+03     9.913062669718369e+03
    7600           -1.17019821e+05            4.62915154e+00            9.95805599e-01            1.00506788e+00     9.993695796627879e+03     9.994207447753874e+03     9.994719381512457e+03     9.995231076172573e+03     9.995742838063723e+03     9.997789879499569e+03
    7800           -1.17177278e+05            6.13631321e+00            9.94311226e-01            1.00658922e+00     9.962734388013743e+03     9.963432517653213e+03     9.964130945714538e+03     9.964829143332072e+03     9.965527397400854e+03     9.968320406787965e+03
    8000           -1.16861977e+05            3.59951869e+00            9.96839238e-01            1.00404141e+00     9.958067065119709e+03     9.958444738835775e+03     9.958822733510582e+03     9.959200487924098e+03     9.959578297583594e+03     9.961089530047477e+03
    8200           -1.16988504e+05            6.86574582e+00            9.93585358e-01            1.00732287e+00     9.926340128870241e+03     9.927131519949540e+03     9.927923182669285e+03     9.928714630458580e+03     9.929506133154096e+03     9.932672137437954e+03
    8400           -1.17028223e+05            6.58829128e+00            9.93890044e-01            1.00707278e+00     9.983883290655982e+03     9.984636301299464e+03     9.985389685583345e+03     9.986142793239991e+03     9.986895962799152e+03     9.989908634942323e+03
    8600           -1.17086940e+05            6.03212188e+00            9.94404661e-01            1.00647406e+00     9.967156903307185e+03     9.967845973501022e+03     9.968535372834984e+03     9.969224516340088e+03     9.969913722488642e+03     9.972670541670101e+03
    8800           -1.16945293e+05            5.52187008e+00            9.94933619e-01            1.00598230e+00     9.962338252005864e+03     9.962959944547963e+03     9.963581935807628e+03     9.964203687634794e+03     9.964825501706671e+03     9.967312751407479e+03
    9000           -1.17133223e+05            8.32759732e+00            9.92127822e-01            1.00879028e+00     9.933727381090801e+03     9.934697065916773e+03     9.935667040579970e+03     9.936636786990342e+03     9.937606591366366e+03     9.941485801641933e+03
    9200           -1.16996458e+05            5.41119126e+00            9.94997715e-01            1.00582444e+00     9.922304121604620e+03     9.922913672714034e+03     9.923523550526184e+03     9.924133177851985e+03     9.924742865726819e+03     9.927181609849018e+03
    9400           -1.17041146e+05            2.69605608e+00            9.97765676e-01            1.00316027e+00     9.968926980859358e+03     9.969192724390272e+03     9.969458775698309e+03     9.969724585201518e+03     9.969990455621535e+03     9.971053930383710e+03
    9600           -1.16900110e+05            7.82268608e+00            9.92616012e-01            1.00826798e+00     1.001057917290961e+04     1.001148810665434e+04     1.001239731321341e+04     1.001330628967602e+04     1.001421533101451e+04     1.001785148911942e+04
    9800           -1.17138194e+05            4.73678379e+00            9.95746150e-01            1.00522424e+00     1.011637591254542e+04     1.011689908729814e+04     1.011742256751308e+04     1.011794580789609e+04     1.011846910877175e+04     1.012056230499809e+04
   10000           -1.16996832e+05            3.54805485e+00            9.96885302e-01            1.00398447e+00     9.906543650703657e+03     9.906917721905575e+03     9.907292064299885e+03     9.907666196244616e+03     9.908040380758990e+03     9.909537110814324e+03
   10200           -1.17156733e+05            8.59977425e+00            9.91858287e-01            1.00906535e+00     9.993997156571288e+03     9.995004282261401e+03     9.996011772141055e+03     9.997018991564984e+03     9.998026272149906e+03     1.000205538772852e+04
   10400           -1.17137205e+05            6.19818226e+00            9.94239105e-01            1.00664076e+00     9.937931753456473e+03     9.938640187707188e+03     9.939348955823456e+03     9.940057468816623e+03     9.940766042808740e+03     9.943600332161010e+03
   10600           -1.17224673e+05            2.87592423e+00            9.97572070e-01            1.00332649e+00     1.001526989648931e+04     1.001555872485528e+04     1.001584788763043e+04     1.001613680742724e+04     1.001642577965106e+04     1.001758166281281e+04
   10800           -1.17095143e+05            2.72142291e+00            9.97700862e-01            1.00314600e+00     1.000671965828421e+04     1.000699330189643e+04     1.000726723519354e+04     1.000754093794563e+04     1.000781469974401e+04     1.000890974120381e+04
   11000           -1.17007811e+05            5.77752019e+00            9.94663573e-01            1.00622361e+00     1.006076979493869e+04     1.006142468305095e+04     1.006207987508711e+04     1.006273482510040e+04     1.006338983751203e+04     1.006600988008538e+04
   11200           -1.17125078e+05            3.48104103e+00            9.96987218e-01            1.00395254e+00     1.013368241734807e+04     1.013404697023121e+04     1.013441185295044e+04     1.013477647692857e+04     1.013514116507037e+04     1.013659991279266e+04
   11400           -1.17026222e+05            3.77830369e+00            9.96659013e-01            1.00421890e+00     1.001030765443761e+04     1.001071129909856e+04     1.001111527709039e+04     1.001151900480889e+04     1.001192279094482e+04     1.001353792745203e+04
   11600           -1.17048787e+05            5.20907704e+00            9.95240995e-01            1.00566377e+00     1.003307585755155e+04     1.003365766777820e+04     1.003423977070958e+04     1.003482164477208e+04     1.003540357606094e+04     1.003773129457033e+04
   11800           -1.16909920e+05            4.74646484e+00            9.95688235e-01            1.00518524e+00     1.000570992231689e+04     1.000623332890518e+04     1.000675711448955e+04     1.000728063407293e+04     1.000780420657393e+04     1.000989849083098e+04
   12000           -1.16934128e+05            4.52673897e+00            9.95873475e-01            1.00493053e+00     9.930976831677634e+03     9.931476262489070e+03     9.931976025809961e+03     9.932475540511228e+03     9.932975112685222e+03     9.934973393692810e+03
   12200           -1.16834144e+05            1.90185041e+00            9.98511664e-01            1.00231694e+00     9.987374028279557e+03     9.987543378144477e+03     9.987713122558771e+03     9.987882576289865e+03     9.988052094311390e+03     9.988730160343221e+03
   12400           -1.16974692e+05            2.99767177e+00            9.97445140e-01            1.00344313e+00     9.967689933510534e+03     9.967993703093660e+03     9.968297823383025e+03     9.968601695088573e+03     9.968905617408775e+03     9.970121301307016e+03
   12600           -1.17064386e+05            3.40198914e+00            9.97021663e-01            1.00382851e+00     9.967237511873373e+03     9.967598002519733e+03     9.967958794867669e+03     9.968319337385459e+03     9.968679948154635e+03     9.970122384435896e+03
   12800           -1.16827397e+05            1.79358420e+00            9.98668192e-01            1.00225702e+00     1.003942214653160e+04     1.003957412157358e+04     1.003972640625956e+04     1.003987844888438e+04     1.004003055170503e+04     1.004063895687847e+04
   13000           -1.17024505e+05            2.13131576e+00            9.98320185e-01            1.00258474e+00     1.002321476823138e+04     1.002341277380221e+04     1.002361114787581e+04     1.002380925737657e+04     1.002400742299926e+04     1.002480007776715e+04
   13200           -1.17014461e+05            7.35092187e+00            9.93122921e-01            1.00783152e+00     9.898144219888556e+03     9.898994766541868e+03     9.899845628057461e+03     9.900696247144690e+03     9.901546925110099e+03     9.904949630331643e+03
   13400           -1.16953083e+05            5.48789425e+00            9.94891279e-01            1.00587114e+00     1.003927777288799e+04     1.003989797434725e+04     1.004051844802942e+04     1.004113869373500e+04     1.004175900297413e+04     1.004424023306027e+04
   13600           -1.17129858e+05            3.30352210e+00            9.97133952e-01            1.00374387e+00     9.986256014434095e+03     9.986599023799592e+03     9.986942291038466e+03     9.987285355121257e+03     9.987628470374284e+03     9.989000926314475e+03
   13800           -1.17012986e+05            2.16799907e+00            9.98310877e-01            1.00264895e+00     1.006653741767304e+04     1.006673748508281e+04     1.006693796367654e+04     1.006713814090473e+04     1.006733838365268e+04     1.006813934963232e+04
   14000           -1.16971971e+05            3.30614972e+00            9.97141484e-01            1.00375673e+00     1.006095820487007e+04     1.006130100651685e+04     1.006164413989049e+04     1.006198700592048e+04     1.006232994202541e+04     1.006370167918075e+04
   14200           -1.17055868e+05            2.71549311e+00            9.97787715e-01            1.00322143e+00     1.000218051853596e+04     1.000244700307311e+04     1.000271385679405e+04     1.000298042146970e+04     1.000324705765031e+04     1.000431359676466e+04
   14400           -1.16985417e+05            3.62763651e+00            9.96793309e-01            1.00405162e+00     9.946863048065870e+03     9.947249974703795e+03     9.947637207216127e+03     9.948024191165552e+03     9.948411240625783e+03     9.949959433185693e+03
   14600           -1.16913806e+05            6.08154612e+00            9.94427255e-01            1.00659642e+00     9.863947187788899e+03     9.864635188645923e+03     9.865323551323800e+03     9.866011638965019e+03     9.866699791244841e+03     9.869452394700784e+03
   14800           -1.16969263e+05            4.93184908e+00            9.95546830e-01            1.00541519e+00     9.905886066638544e+03     9.906430605964801e+03     9.906975502054926e+03     9.907520125380099e+03     9.908064814024718e+03     9.910243561410889e+03
   15000           -1.17054849e+05            4.20603477e+00            9.96237455e-01            1.00465322e+00     1.008089525208182e+04     1.008135193078608e+04     1.008180892195704e+04     1.008226567070002e+04     1.008272247905523e+04     1.008454970602864e+04
   15200           -1.17167139e+05            4.09438989e+00            9.96387208e-01            1.00457990e+00     9.994573643423657e+03     9.995012272508222e+03     9.995451245951659e+03     9.995889954790149e+03     9.996328727374877e+03     9.998083811326096e+03
   15400           -1.17393684e+05            2.23301091e+00            9.98208678e-01            1.00267667e+00     9.914100628508459e+03     9.914309769493404e+03     9.914519269237533e+03     9.914728494003248e+03     9.914937784942884e+03     9.915774941377309e+03
   15600           -1.17017668e+05            3.71018974e+00            9.96755001e-01            1.00417881e+00     9.988802608977789e+03     9.989194961312158e+03     9.989587616713159e+03     9.989980029595064e+03     9.990372505542175e+03     9.991942402106561e+03
   15800           -1.17045028e+05            4.30696622e+00            9.96120724e-01            1.00473830e+00     9.981078744088289e+03     9.981550818087864e+03     9.982023202821691e+03     9.982495336852611e+03     9.982967536399939e+03     9.984856328711590e+03
   16000           -1.17062016e+05            2.41194861e+00            9.98017160e-01            1.00284312e+00     9.978589806290276e+03     9.978821907088794e+03     9.979054325862044e+03     9.979286515005087e+03     9.979518753434320e+03     9.980447700578365e+03
   16200           -1.17375885e+05            3.47450111e+00            9.96995764e-01            1.00394802e+00     9.984522876117020e+03     9.984888542023749e+03     9.985254527458448e+03     9.985620250507911e+03     9.985986044408930e+03     9.987449212700840e+03
   16400           -1.17249242e+05            5.82250287e+00            9.94589256e-01            1.00623895e+00     1.002555588162864e+04     1.002621527118485e+04     1.002687491259564e+04     1.002753435564000e+04     1.002819384916161e+04     1.003083181669459e+04
   16600           -1.17173296e+05            2.67122822e+00            9.97812027e-01            1.00315706e+00     1.000968151055417e+04     1.000994473375864e+04     1.001020831930669e+04     1.001047163391210e+04     1.001073501044323e+04     1.001178851033230e+04
   16800           -1.17120317e+05            2.21820079e+00            9.98243116e-01            1.00268156e+00     9.972185615967581e+03     9.972390718731234e+03     9.972596184683785e+03     9.972801380841111e+03     9.973006638113875e+03     9.973827660260171e+03
   17000           -1.17073052e+05            2.80714145e+00            9.97677631e-01            1.00329463e+00     9.979025208963483e+03     9.979300777868582e+03     9.979576656283267e+03     9.979852288535652e+03     9.980127983250990e+03     9.981230757538497e+03
   17200           -1.16920352e+05            7.74168275e+00            9.92738458e-01            1.00822900e+00     9.907479575293612e+03     9.908375561977811e+03     9.909271875325914e+03     9.910167934359650e+03     9.911064056344332e+03     9.914648537395055e+03
   17400           -1.16897188e+05            6.77834124e+00            9.93682635e-01            1.00724540e+00     9.971893739550584e+03     9.972671247536051e+03     9.973449090874594e+03     9.974226691872142e+03     9.975004344858364e+03     9.978114950166142e+03
   17600           -1.16885837e+05            3.14286085e+00            9.97300592e-01            1.00358909e+00     9.968557115373826e+03     9.968880844153198e+03     9.969204870455336e+03     9.969528672337152e+03     9.969852526547784e+03     9.971147937721744e+03
   17800           -1.16922718e+05            2.92444901e+00            9.97490413e-01            1.00334173e+00     9.949819382758009e+03     9.950117754943309e+03     9.950416463694404e+03     9.950714911254505e+03     9.951013423071992e+03     9.952207463385976e+03
   18000           -1.16975866e+05            2.52114148e+00            9.97926520e-01            1.00297105e+00     9.982600593092000e+03     9.982848964315865e+03     9.983097688722188e+03     9.983346156650061e+03     9.983594679986718e+03     9.984588766881436e+03
   18200           -1.17017932e+05            3.87917819e+00            9.96626911e-01            1.00438917e+00     1.003417500317636e+04     1.003458456215560e+04     1.003499447341522e+04     1.003540411581006e+04     1.003581382233423e+04     1.003745264149209e+04
   18400           -1.16938395e+05            3.53979785e+00            9.96887986e-01            1.00397059e+00     9.934499213721960e+03     9.934875261660887e+03     9.935251563948535e+03     9.935627649785740e+03     9.936003797323810e+03     9.937508380925661e+03
   18600           -1.17149348e+05            3.53910140e+00            9.96905179e-01            1.00398651e+00     9.951431720682520e+03     9.951805203703021e+03     9.952178996143497e+03     9.952552547808164e+03     9.952926159006656e+03     9.954420597330791e+03
   18800           -1.17021065e+05            1.45221037e+00            9.98995313e-01            1.00190103e+00     1.004226485754507e+04     1.004237580055156e+04     1.004248709212261e+04     1.004259813360271e+04     1.004270922753187e+04     1.004315359751866e+04
   19000           -1.16878274e+05            5.53677313e+00            9.94884057e-01            1.00596218e+00     9.990633044629290e+03     9.991260954939482e+03     9.991889094555416e+03     9.992517038393147e+03     9.993145038144467e+03     9.995657031659643e+03
   19200           -1.16811866e+05            4.56907253e+00            9.95888533e-01            1.00503081e+00     9.916534753718264e+03     9.917032335310825e+03     9.917530214148364e+03     9.918027865544049e+03     9.918525571730204e+03     9.920516389742143e+03
   19400           -1.16948311e+05            3.97597716e+00            9.96519334e-01            1.00447520e+00     1.003378361935116e+04     1.003420953961213e+04     1.003463579908537e+04     1.003506180294527e+04     1.003548786660410e+04     1.003719211385704e+04
   19600           -1.17059658e+05            4.10659402e+00            9.96320429e-01            1.00453709e+00     9.901687264403939e+03     9.902133862632298e+03     9.902580758568618e+03     9.903027412927122e+03     9.903474131401503e+03     9.905260998399064e+03
   19800           -1.16737058e+05            2.91799916e+00            9.97571044e-01            1.00340989e+00     1.003209237935684e+04     1.003238379240331e+04     1.003267558490884e+04     1.003296708766377e+04     1.003325865888962e+04     1.003442493842239e+04
   20000           -1.16906594e+05            3.92976943e+00            9.96531450e-01            1.00439459e+00     9.956153742719307e+03     9.956574416016007e+03     9.956995440144397e+03     9.957416184078522e+03     9.957837000048174e+03     9.959520257377038e+03
   20200           -1.16945042e+05            9.51104573e+00            9.90993971e-01            1.01002518e+00     1.001299318965703e+04     1.001411215918639e+04     1.001523148229249e+04     1.001635054914417e+04     1.001746967157788e+04     1.002194615349874e+04
   20400           -1.16917479e+05            3.17229612e+00            9.97284738e-01            1.00363222e+00     9.959985708685166e+03     9.960311767277228e+03     9.960638168603233e+03     9.960964310641186e+03     9.961290513426353e+03     9.962595318167538e+03
   20600           -1.17063535e+05            1.87475704e+00            9.98565942e-01            1.00231711e+00     1.000501931920444e+04     1.000518233669563e+04     1.000534566775871e+04     1.000550876042626e+04     1.000567190966527e+04     1.000632450012611e+04
   20800           -1.16938594e+05            2.27792488e+00            9.98151414e-01            1.00270922e+00     9.988328830668415e+03     9.988545664558696e+03     9.988762850648714e+03     9.988979773576693e+03     9.989196756298739e+03     9.990064681929063e+03
   21000           -1.16939813e+05            9.09456944e+00            9.91340448e-01            1.00953707e+00     9.960691767070879e+03     9.961763874328923e+03     9.962836305004004e+03     9.963908475647606e+03     9.964980713397070e+03     9.969269659723259e+03
   21200           -1.17192756e+05            3.62775738e+00            9.96840994e-01            1.00409989e+00     9.942321500920194e+03     9.942704622345696e+03     9.943088112871361e+03     9.943471337163048e+03     9.943854617661045e+03     9.945387734401897e+03
   21400           -1.16995117e+05            5.23527038e+00            9.95237507e-01            1.00571293e+00     9.912888759597565e+03     9.913472999678042e+03     9.914057589553726e+03     9.914641926285381e+03     9.915226317067858e+03     9.917563874538151e+03
   21600           -1.16827037e+05            2.56005719e+00            9.97900363e-01            1.00302283e+00     1.000027464155965e+04     1.000052193598922e+04     1.000076957364858e+04     1.000101695210833e+04     1.000126439110853e+04     1.000225414065741e+04
   21800           -1.16837842e+05            2.02979993e+00            9.98398644e-01            1.00245998e+00     9.936013951821680e+03     9.936200713274799e+03     9.936387856179310e+03     9.936574714318527e+03     9.936761637197882e+03     9.937509322574084e+03
   22000           -1.16875116e+05            4.19332930e+00            9.96242013e-01            1.00463229e+00     9.955637536625940e+03     9.956094880778117e+03     9.956552550569659e+03     9.957009973906364e+03     9.957467455249047e+03     9.959297373872154e+03
   22200           -1.16828626e+05            4.48811765e+00            9.95972844e-01            1.00495317e+00     9.907089472035037e+03     9.907580046254476e+03     9.908070884228688e+03     9.908561500062962e+03     9.909052178220916e+03     9.911014884406797e+03
   22400           -1.16923326e+05            8.39949588e+00            9.92034106e-01            1.00884004e+00     9.949637375025486e+03     9.950619324176938e+03     9.951601575501909e+03     9.952583600803835e+03     9.953565678243807e+03     9.957493981462128e+03
   22600           -1.17084179e+05            1.92950010e+00            9.98495423e-01            1.00235606e+00     9.945108448956504e+03     9.945283043254884e+03     9.945457948108296e+03     9.945632610172104e+03     9.945807332487739e+03     9.946506216018974e+03
   22800           -1.16953338e+05            2.39438559e+00            9.98042018e-01            1.00283287e+00     9.842441449752389e+03     9.842670886996884e+03     9.842900642971823e+03     9.843130145344785e+03     9.843359713079211e+03     9.844277976406034e+03
   23000           -1.16816050e+05            5.21614452e+00            9.95241359e-01            1.00567835e+00     1.003125169809431e+04     1.003183530027090e+04     1.003241930880744e+04     1.003300302389679e+04     1.003358680109214e+04     1.003592190408996e+04
   23200           -1.17231256e+05            1.01169308e+00            9.99430033e-01            1.00145431e+00     9.819372781306902e+03     9.819430659559233e+03     9.819488889700655e+03     9.819546847276833e+03     9.819604871696669e+03     9.819836962086438e+03
   23400           -1.17031095e+05            6.01131198e+00            9.94412385e-01            1.00643999e+00     9.964578012687589e+03     9.965263473871313e+03     9.965949191458812e+03     9.966634707701071e+03     9.967320274813421e+03     9.970062536939251e+03
   23600           -1.17022563e+05            6.19004606e+00            9.94239786e-01            1.00662507e+00     9.954784573702625e+03     9.955495111755137e+03     9.956205969807565e+03     9.956916576195181e+03     9.957627245930829e+03     9.960469918159033e+03
   23800           -1.16991187e+05            1.83331751e+00            9.98630931e-01            1.00229927e+00     9.920591375742904e+03     9.920748789148247e+03     9.920906583413558e+03     9.921064098637396e+03     9.921221674842260e+03     9.921851973941617e+03
   24000           -1.16819704e+05            4.83607520e+00            9.95632173e-01            1.00530880e+00     9.999995489580202e+03     1.000053138369521e+04     1.000106764680883e+04     1.000160363382970e+04     1.000213968405578e+04     1.000428387853136e+04
   24200           -1.16980811e+05            4.29831042e+00            9.96131948e-01            1.00473223e+00     9.916139328513191e+03     9.916609824434679e+03     9.917080662791415e+03     9.917551244003233e+03     9.918021884268706e+03     9.919904440024220e+03
   24400           -1.17082031e+05            3.46570615e+00            9.97014812e-01            1.00394954e+00     9.935599437404248e+03     9.935959742292689e+03     9.936320385834841e+03     9.936680777023210e+03     9.937041225658242e+03     9.938483013912239e+03
   24600           -1.16920568e+05            1.31316078e+00            9.99107195e-01            1.00173462e+00     1.005002622533921e+04     1.005011979508748e+04     1.005021361850045e+04     1.005030724758054e+04     1.005040092370061e+04     1.005077562206201e+04
   24800           -1.17133581e+05            3.17779718e+00            9.97256790e-01            1.00361513e+00     1.002880513595196e+04     1.002912896615405e+04     1.002945306058883e+04     1.002977694441740e+04     1.003010088209068e+04     1.003139662822941e+04
   25000           -1.17264271e+05            2.64907454e+00            9.97767223e-01            1.00306757e+00     9.978040254786381e+03     9.978302586291802e+03     9.978565222569430e+03     9.978827638730436e+03     9.979090102068811e+03     9.980139949351240e+03
   25200           -1.17086936e+05            2.98107565e+00            9.97509889e-01            1.00347496e+00     9.980779194213381e+03     9.981077733718132e+03     9.981376637956057e+03     9.981675267546334e+03     9.981973961454205e+03     9.983168728695027e+03
   25400           -1.17090690e+05            2.70481801e+00            9.97744667e-01            1.00315673e+00     9.983044593912815e+03     9.983313221918861e+03     9.983582191476002e+03     9.983850896469086e+03     9.984119666918827e+03     9.985194739924840e+03
   25600           -1.16877701e+05            1.60472944e+00            9.98802836e-01            1.00201360e+00     9.963072481703230e+03     9.963206398595405e+03     9.963340627055200e+03     9.963474626131034e+03     9.963608675915239e+03     9.964144870127247e+03
   25800           -1.16950893e+05            2.95541166e+00            9.97512998e-01            1.00342658e+00     9.899560445787405e+03     9.899856699381915e+03     9.900153288625215e+03     9.900449611357957e+03     9.900746002161923e+03     9.901931558536438e+03
   26000           -1.17041247e+05            1.63533546e+00            9.98773548e-01            1.00204556e+00     9.959808000953706e+03     9.959943350362511e+03     9.960078964601409e+03     9.960214374387120e+03     9.960349834493267e+03     9.960891668032826e+03
   26200           -1.17316772e+05            3.50036041e+00            9.96968103e-01            1.00397209e+00     1.001058609829280e+04     1.001095306188802e+04     1.001132030533195e+04     1.001168732327412e+04     1.001205440038263e+04     1.001352270247246e+04
   26400           -1.17170625e+05            2.77471695e+00            9.97672733e-01            1.00322464e+00     9.973321332095129e+03     9.973598853727482e+03     9.973876724043877e+03     9.974154328372346e+03     9.974431996070691e+03     9.975542660046254e+03
   26600           -1.17524946e+05            2.71014207e+00            9.97733271e-01            1.00315595e+00     1.000190999233402e+04     1.000217467749651e+04     1.000243973358721e+04     1.000270452708043e+04     1.000296937404719e+04     1.000402875576035e+04
   26800           -1.17288470e+05            3.62009572e+00            9.96819116e-01            1.00406247e+00     1.000134296346580e+04     1.000172746290551e+04     1.000211232805814e+04     1.000249691580318e+04     1.000288156913221e+04     1.000442017479862e+04
   27000           -1.17056965e+05            2.40180239e+00            9.98097563e-01            1.00290356e+00     9.939211701178245e+03     9.939437156268319e+03     9.939662973779634e+03     9.939888525148257e+03     9.940114135432026e+03     9.941016569685808e+03
   27200           -1.17230861e+05            2.35534353e+00            9.98100356e-01            1.00281319e+00     9.976195170504076e+03     9.976418288592222e+03     9.976641755415190e+03     9.976864960271103e+03     9.977088225936288e+03     9.977981281368500e+03
   27400           -1.17093126e+05            2.95010919e+00            9.97480268e-01            1.00338302e+00     9.832290613644274e+03     9.832590848473925e+03     9.832891412464609e+03     9.833191725880270e+03     9.833492098280894e+03     9.834693582917515e+03
   27600           -1.17178744e+05            2.11869657e+00            9.98355783e-01            1.00259519e+00     9.970696841649524e+03     9.970889267053592e+03     9.971082022150378e+03     9.971274541624205e+03     9.971467110329146e+03     9.972237379008769e+03
   27800           -1.17134985e+05            2.58675315e+00            9.97831124e-01            1.00300679e+00     9.876008850939175e+03     9.876262695310723e+03     9.876516807881693e+03     9.876770694715076e+03     9.877024644388515e+03     9.878040437837857e+03
   28000           -1.16991146e+05            4.00815185e+00            9.96452817e-01            1.00447279e+00     9.953993993238761e+03     9.954422553303655e+03     9.954851434978455e+03     9.955280074838158e+03     9.955708770847046e+03     9.957423548455332e+03
   28200           -1.17156788e+05            6.28437648e+00            9.94162275e-01            1.00673651e+00     9.955828343963054e+03     9.956544651554155e+03     9.957261328421651e+03     9.957977734617727e+03     9.958694200162950e+03     9.961560056362845e+03
   28400           -1.17220586e+05            3.47428183e+00            9.96988221e-01            1.00393998e+00     9.955483447590404e+03     9.955849064398357e+03     9.956214926065342e+03     9.956580579051797e+03     9.956946291416753e+03     9.958409135243102e+03
   28600           -1.17263129e+05            2.62964481e+00            9.97845477e-01            1.00310726e+00     9.945109698172128e+03     9.945369702360209e+03     9.945630023262509e+03     9.945890089571714e+03     9.946150222038785e+03     9.947190745905440e+03
   28800           -1.17257146e+05            3.51290317e+00            9.96969743e-01            1.00399892e+00     9.958787801539720e+03     9.959152216551314e+03     9.959517036023133e+03     9.959881573066225e+03     9.960246165698814e+03     9.961704529857909e+03
   29000           -1.17302406e+05            3.31362025e+00            9.97171193e-01            1.00380163e+00     9.940247950850779e+03     9.940589138198484e+03     9.940930636588100e+03     9.941271891822018e+03     9.941613207863717e+03     9.942978464876654e+03
   29200           -1.16973837e+05            2.18469489e+00            9.98287942e-01            1.00265939e+00     9.951370307193543e+03     9.951573261198586e+03     9.951776542641162e+03     9.951979570705420e+03     9.952182660974626e+03     9.952995014755707e+03
   29400           -1.17344358e+05            9.43009705e+00            9.91022724e-01            1.00989098e+00     9.914236949870414e+03     9.915350010024971e+03     9.916463366570224e+03     9.917576489592097e+03     9.918689671520526e+03     9.923142393170638e+03
   29600           -1.17144915e+05            1.27993110e+00            9.99174509e-01            1.00173553e+00     9.983162635274766e+03     9.983253667195335e+03     9.983345044239446e+03     9.983436176910182e+03     9.983527359627504e+03     9.983892083980241e+03
   29800           -1.16948504e+05            2.00950469e+00            9.98443078e-01            1.00246390e+00     9.955690125036790e+03     9.955870700026559e+03     9.956051604332684e+03     9.956232263661421e+03     9.956412978569941e+03     9.957135832103091e+03
   30000           -1.16795192e+05            1.12483216e+00            9.99324197e-01            1.00157487e+00     9.939527752986551e+03     9.939596672910511e+03     9.939665966382274e+03     9.939734985716465e+03     9.939804065722527e+03     9.940080378458502e+03
   30200           -1.17067686e+05            1.05249909e+00            9.99406129e-01            1.00151209e+00     9.814018932389532e+03     9.814078627012461e+03     9.814138665821016e+03     9.814198460520507e+03     9.814258305389125e+03     9.814497678388718e+03
   30400           -1.17030386e+05            2.63473414e+00            9.97820631e-01            1.00309249e+00     9.893567618882606e+03     9.893826271259459e+03     9.894085361078951e+03     9.894344134669615e+03     9.894602975670807e+03     9.895638332459008e+03
   30600           -1.17002465e+05            3.86064664e+00            9.96558828e-01            1.00428333e+00     9.892607271148019e+03     9.893022466825081e+03     9.893437993076026e+03     9.893853276924789e+03     9.894268614246666e+03     9.895929957345315e+03
   30800           -1.17021551e+05            9.69929656e-01            9.99497972e-01            1.00143874e+00     9.898947494114025e+03     9.898996575382431e+03     9.899046012124321e+03     9.899095179760243e+03     9.899144410606970e+03     9.899341327099914e+03
   31000           -1.17111326e+05            5.82082926e+00            9.94612308e-01            1.00625891e+00     9.984933503895494e+03     9.985594443657679e+03     9.986255718414503e+03     9.986916746005212e+03     9.987577828818763e+03     9.990222153742032e+03
   31200           -1.17167600e+05            4.62132895e+00            9.95812098e-01            1.00505871e+00     9.864723711912318e+03     9.865233841459016e+03     9.865744250032998e+03     9.866254431964893e+03     9.866764674181843e+03     9.868805636451365e+03
   31400           -1.17023173e+05            4.30310982e+00            9.96157974e-01            1.00476813e+00     9.882289764488947e+03     9.882760333594351e+03     9.883231294898362e+03     9.883701959906888e+03     9.884172694166688e+03     9.886055623844426e+03
   31600           -1.16943385e+05            3.31285530e+00            9.97104161e-01            1.00373262e+00     9.972090436792027e+03     9.972434973829035e+03     9.972779834599703e+03     9.973124461518421e+03     9.973469138747119e+03     9.974847840702212e+03
   31800           -1.17307705e+05            2.77410794e+00            9.97643289e-01            1.00319381e+00     9.980540899356120e+03     9.980818988740946e+03     9.981097352087110e+03     9.981375493407975e+03     9.981653693343393e+03     9.982766487330666e+03
   32000           -1.17177383e+05            5.77619807e+00            9.94729752e-01            1.00628790e+00     1.007369065299716e+04     1.007433717248221e+04     1.007498403731183e+04     1.007563064833077e+04     1.007627731552839e+04     1.007886397805962e+04
   32200           -1.17125373e+05            4.76960800e+00            9.95650193e-01            1.00519336e+00     9.968291409174255e+03     9.968821210443994e+03     9.969351324147585e+03     9.969881181835712e+03     9.970411108350210e+03     9.972530807526167e+03
   32400           -1.17146919e+05            6.64641664e+00            9.93811454e-01            1.00711022e+00     9.863681531957222e+03     9.864442597648555e+03     9.865204046888151e+03     9.865965220724809e+03     9.866726452232155e+03     9.869771372507088e+03
   32600           -1.16945837e+05            1.02799445e+01            9.90149199e-01            1.01071727e+00     9.934415667260047e+03     9.935634206811801e+03     9.936853071835645e+03     9.938071696658330e+03     9.939290375355180e+03     9.944165083450313e+03
   32800           -1.17243617e+05            4.28098672e+00            9.96158959e-01            1.00472466e+00     9.899502157065148e+03     9.899967599992375e+03     9.900433368756108e+03     9.900898884552793e+03     9.901364462066425e+03     9.903226767067705e+03
   33000           -1.17248904e+05            1.98861838e+00            9.98477544e-01            1.00245663e+00     9.927298872979505e+03     9.927473428658239e+03     9.927648372240277e+03     9.927823024528952e+03     9.927997743884613e+03     9.928696614789720e+03
   33200           -1.17583912e+05            1.95812679e+00            9.98483341e-01            1.00240132e+00     9.926456342455067e+03     9.926632019915562e+03     9.926808062697668e+03     9.926983834970622e+03     9.927159667952854e+03     9.927862993450643e+03
   33400           -1.17094131e+05            3.81902428e+00            9.96599992e-01            1.00424122e+00     9.990631930863061e+03     9.991044300834397e+03     9.991456994043554e+03     9.991869442703064e+03     9.992281948784128e+03     9.993931966705191e+03
   33600           -1.16861409e+05            2.37286269e+00            9.98080708e-01            1.00282858e+00     9.897146070559264e+03     9.897371572258524e+03     9.897597364138515e+03     9.897822925359560e+03     9.898048545932412e+03     9.898951021305558e+03
   33800           -1.16997508e+05            2.80649070e+00            9.97643425e-01            1.00325892e+00     1.005695432695462e+04     1.005723320879379e+04     1.005751239685087e+04     1.005779135100536e+04     1.005807036086407e+04     1.005918639477352e+04
   34000           -1.16987382e+05            4.15281121e+00            9.96294034e-01            1.00460333e+00     9.976033248147545e+03     9.976481740953346e+03     9.976930548430260e+03     9.977379125279687e+03     9.977827753344156e+03     9.979622258540767e+03
   34200           -1.17129253e+05            3.97695585e+00            9.96477513e-01            1.00443501e+00     9.913920605879503e+03     9.914348194910617e+03     9.914776115558074e+03     9.915203773791920e+03     9.915631498169816e+03     9.917342390460130e+03
   34400           -1.17042024e+05            3.50160249e+00            9.96954963e-01            1.00396135e+00     9.933776789480571e+03     9.934144958259953e+03     9.934513457012832e+03     9.934881690340637e+03     9.935249992472060e+03     9.936723195463550e+03
   34600           -1.17189062e+05            4.47065542e+00            9.95994221e-01            1.00493965e+00     9.941505122085948e+03     9.941991061971457e+03     9.942477346783366e+03     9.942963381355168e+03     9.943449469875113e+03     9.945393817664279e+03
   34800           -1.17082933e+05            4.12283142e+00            9.96326248e-01            1.00457558e+00     9.904144748808549e+03     9.904590146307184e+03     9.905035907765361e+03     9.905481388231556e+03     9.905926936871463e+03     9.907709124934378e+03
   35000           -1.17234163e+05            3.90747028e+00            9.96579701e-01            1.00439842e+00     9.956281344976640e+03     9.956696190298855e+03     9.957111409413805e+03     9.957526355134198e+03     9.957941360715493e+03     9.959601376454344e+03
   35200           -1.17105896e+05            4.28211735e+00            9.96170776e-01            1.00473885e+00     9.828143151652555e+03     9.828608617799011e+03     9.829074401594618e+03     9.829539935608434e+03     9.830005532678118e+03     9.831867913703683e+03
   35400           -1.16855762e+05            5.88509134e+00            9.94561504e-01            1.00633684e+00     9.875434581633184e+03     9.876101642415299e+03     9.876769050235622e+03     9.877436189725840e+03     9.878103394794072e+03     9.880772207954959e+03
   35600           -1.17077197e+05            1.04444490e+01            9.90004474e-01            1.01090208e+00     9.909327278319462e+03     9.910568922606222e+03     9.911810895220644e+03     9.913052623727262e+03     9.914294407720326e+03     9.919261537121189e+03
   35800           -1.17213273e+05            5.94340150e+00            9.94545121e-01            1.00643762e+00     9.874668760616740e+03     9.875340327600159e+03     9.876012190478434e+03     9.876683828879632e+03     9.877355520956782e+03     9.880042281296826e+03
   36000           -1.17163613e+05            5.24780798e+00            9.95249206e-01            1.00574997e+00     1.003412596965477e+04     1.003470940971222e+04     1.003529318694780e+04     1.003587671121923e+04     1.003646029410430e+04     1.003879461855382e+04
   36200           -1.16975524e+05            7.04024076e+00            9.93444039e-01            1.00753115e+00     9.986206366471364e+03     9.987014495022609e+03     9.987822970074403e+03     9.988631173433507e+03     9.989439444603355e+03     9.992672522735345e+03
   36400           -1.17145293e+05            7.18792197e+00            9.93243470e-01            1.00762531e+00     9.931255993845736e+03     9.932087655646079e+03     9.932919629483004e+03     9.933751342225076e+03     9.934583127216620e+03     9.937910260587503e+03
   36600           -1.17069894e+05            1.00942735e+01            9.90398447e-01            1.01059635e+00     9.913901476535309e+03     9.915092666643852e+03     9.916284213943403e+03     9.917475501717021e+03     9.918666845492342e+03     9.923432214449376e+03
   36800           -1.17095182e+05            8.26770109e+00            9.92240928e-01            1.00878443e+00     9.887344712619511e+03     9.888305929591179e+03     9.889267529549557e+03     9.890228849969128e+03     9.891190231372710e+03     9.895035750125906e+03
   37000           -1.16957088e+05            8.00393325e+00            9.92499509e-01            1.00851515e+00     9.925107588690385e+03     9.926034569019183e+03     9.926961830872395e+03     9.927888867906520e+03     9.928815963479428e+03     9.932524338268473e+03
   37200           -1.17099554e+05            1.01898327e+01            9.90307255e-01            1.01069644e+00     1.001375863014041e+04     1.001496358092241e+04     1.001616877040427e+04     1.001737375779920e+04     1.001857880258665e+04     1.002339897503290e+04
   37400           -1.17215757e+05            7.44959046e+00            9.93008668e-01            1.00791445e+00     1.001638781023971e+04     1.001725009562338e+04     1.001811271338209e+04     1.001897507914550e+04     1.001983750421339e+04     1.002328719818707e+04
   37600           -1.17119469e+05            8.03864856e+00            9.92342886e-01            1.00842602e+00     1.003736976121501e+04     1.003831468112796e+04     1.003925982800486e+04     1.004020479228553e+04     1.004114980498169e+04     1.004492984874838e+04
   37800           -1.17282953e+05            1.06891745e+01            9.89815578e-01            1.01120401e+00     9.932282588819933e+03     9.933546991999388e+03     9.934811694135371e+03     9.936076171085051e+03     9.937340700736549e+03     9.942398812653166e+03
   38000           -1.17072657e+05            6.60516837e+00            9.93826659e-01            1.00704254e+00     9.807937524281995e+03     9.808693421387454e+03     9.809449571745407e+03     9.810205511196395e+03     9.810961509621893e+03     9.813985494961791e+03
   38200           -1.17229846e+05            5.66200254e+00            9.94785241e-01            1.00611422e+00     1.000557390148512e+04     1.000621272651551e+04     1.000685190531680e+04     1.000749081591941e+04     1.000812978985979e+04     1.001068567823447e+04
   38400           -1.17216549e+05            5.58637664e+00            9.94896352e-01            1.00607441e+00     9.876338556565230e+03     9.876966183574863e+03     9.877594202630768e+03     9.878221940515095e+03     9.878849737460558e+03     9.881360918355886e+03
   38600           -1.16985372e+05            7.07797733e+00            9.93382267e-01            1.00754454e+00     9.939276172933296e+03     9.940093151902125e+03     9.940910410376158e+03     9.941727447946871e+03     9.942544541768701e+03     9.945812910604103e+03
   38800           -1.17161990e+05            8.72249547e+00            9.91791857e-01            1.00924545e+00     9.948925521893707e+03     9.949941412787834e+03     9.950957609072473e+03     9.951973577367891e+03     9.952989598253862e+03     9.957053674614015e+03
   39000           -1.17164662e+05            1.34131230e+01            9.87133625e-01            1.01397311e+00     9.933700116794438e+03     9.935303272757938e+03     9.936906746062925e+03     9.938509968966508e+03     9.940113255278049e+03     9.946526393761660e+03
   39200           -1.17016960e+05            7.44981649e+00            9.92963116e-01            1.00786867e+00     9.950762851535501e+03     9.951628191350896e+03     9.952493836437328e+03     9.953359240259555e+03     9.954224704631231e+03     9.957686557726962e+03
   39400           -1.17055698e+05            7.25503681e+00            9.93183578e-01            1.00769981e+00     9.825935367132039e+03     9.826773621300255e+03     9.827612234935572e+03     9.828450590711793e+03     9.829289001013953e+03     9.832642634895867e+03
   39600           -1.17083958e+05            9.32709477e+00            9.91184814e-01            1.00984810e+00     9.918028585273336e+03     9.919121251081504e+03     9.920214230374950e+03     9.921306960199749e+03     9.922399753463731e+03     9.926770921654124e+03
   39800           -1.16859480e+05            5.42561949e+00            9.94983187e-01            1.00583878e+00     9.922805568064130e+03     9.923419951768756e+03     9.924034601118925e+03     9.924649038639938e+03     9.925263530919226e+03     9.927721493774321e+03
   40000           -1.16714084e+05            7.01491917e+00            9.93461169e-01            1.00749750e+00     9.925144616262956e+03     9.925951995926789e+03     9.926759702884783e+03     9.927567160559056e+03     9.928374677422555e+03     9.931604738582153e+03
   40200           -1.17105173e+05            6.01426953e+00            9.94456515e-01            1.00649061e+00     9.928637459547161e+03     9.929317733891407e+03     9.929998408006293e+03     9.930678803246794e+03     9.931359253091456e+03     9.934081046635751e+03
   40400           -1.16967260e+05            3.39255086e+00            9.97078583e-01            1.00386687e+00     9.876677768018941e+03     9.877030168516772e+03     9.877382869485538e+03     9.877735322298046e+03     9.878087842582978e+03     9.879497917147013e+03
   40600           -1.17146747e+05            3.71690916e+00            9.96775133e-01            1.00421259e+00     1.000230762872620e+04     1.000269705922602e+04     1.000308683433860e+04     1.000347636966837e+04     1.000386595204968e+04     1.000542427537316e+04
   40800           -1.17230045e+05            6.21483187e+00            9.94240098e-01            1.00667529e+00     1.007341550300465e+04     1.007412454633306e+04     1.007483393789747e+04     1.007554307619593e+04     1.007625226965527e+04     1.007908903630589e+04
   41000           -1.17164205e+05            4.41367414e+00            9.96027904e-01            1.00485911e+00     9.932532156860772e+03     9.933014322639694e+03     9.933496812728767e+03     9.933979066608776e+03     9.934461371674701e+03     9.936390586488631e+03
   41200           -1.17256982e+05            3.04205725e+00            9.97362225e-01            1.00344879e+00     9.962761113080733e+03     9.963075923391689e+03     9.963391057755916e+03     9.963705939361244e+03     9.964020883381369e+03     9.965280653682004e+03
   41400           -1.16912190e+05            6.00435804e+00            9.94482999e-01            1.00649746e+00     9.983309485250897e+03     9.983988678594225e+03     9.984668210704767e+03     9.985347497337221e+03     9.986026837121784e+03     9.988744188992670e+03
   41600           -1.16963616e+05            5.22225808e+00            9.95241589e-01            1.00569088e+00     9.874325112552060e+03     9.874906047338034e+03     9.875487355641937e+03     9.876068377681066e+03     9.876649468068643e+03     9.878973823585224e+03
   41800           -1.17001947e+05            1.29229208e+01            9.87558955e-01            1.01341596e+00     9.951562468079652e+03     9.953108655800412e+03     9.954655177362831e+03     9.956201437676566e+03     9.957747762625915e+03     9.963933057172180e+03
   42000           -1.17032872e+05            6.88959227e+00            9.93558809e-01            1.00734400e+00     9.907778451099130e+03     9.908572578087573e+03     9.909367074152282e+03     9.910161300332902e+03     9.910955585635144e+03     9.914132720171157e+03
   42200           -1.17198155e+05            7.81231466e+00            9.92677141e-01            1.00830916e+00     9.986419402309195e+03     9.987323215942622e+03     9.988227328478808e+03     9.989131204357134e+03     9.990035140425678e+03     9.993650878542159e+03
   42400           -1.17096064e+05            7.90875120e+00            9.92592610e-01            1.00841777e+00     1.005244185852885e+04     1.005335760723001e+04     1.005427368717414e+04     1.005518953220705e+04     1.005610542537317e+04     1.005976899221748e+04
   42600           -1.17022196e+05            6.91227361e+00            9.93557829e-01            1.00738870e+00     9.944945838478096e+03     9.945741830618428e+03     9.946538148278643e+03     9.947334220519393e+03     9.948130350356152e+03     9.951314862234209e+03
   42800           -1.17139010e+05            7.14436294e+00            9.93273688e-01            1.00756819e+00     9.907996063574672e+03     9.908822304064635e+03     9.909648866678268e+03     9.910475177838327e+03     9.911301552285373e+03     9.914607040996072e+03
   43000           -1.17215843e+05            6.09993108e+00            9.94359823e-01            1.00656518e+00     9.898063499390146e+03     9.898757053153260e+03     9.899450989556592e+03     9.900144647559720e+03     9.900838365583928e+03     9.903613231777710e+03
   43200           -1.17019951e+05            2.75577659e+00            9.97685957e-01            1.00319994e+00     9.941962110787510e+03     9.942236524639558e+03     9.942511318990149e+03     9.942785841830791e+03     9.943060420760132e+03     9.944158730732754e+03
   43400           -1.17011494e+05            3.50854548e+00            9.96923179e-01            1.00394328e+00     9.917965481597923e+03     9.918334514881246e+03     9.918703849669004e+03     9.919072958351957e+03     9.919442119527641e+03     9.920918757457361e+03
   43600           -1.16961118e+05            8.94935157e+00            9.91594405e-01            1.00950245e+00     9.987881378390863e+03     9.988924469259107e+03     9.989967887651510e+03     9.991011057994767e+03     9.992054286488872e+03     9.996227194586880e+03
   43800           -1.17065790e+05            3.73689799e+00            9.96674876e-01            1.00415173e+00     9.962820824089809e+03     9.963221817213069e+03     9.963623114986067e+03     9.964024180484996e+03     9.964425301313553e+03     9.966029778537295e+03
   44000           -1.16909159e+05            3.24663886e+00            9.97154883e-01            1.00365075e+00     9.833040228984441e+03     9.833379374695813e+03     9.833718849170946e+03     9.834058066147943e+03     9.834397348061499e+03     9.835754467138557e+03
   44200           -1.16885376e+05            9.13224403e+00            9.91376816e-01            1.00965018e+00     9.861151781552731e+03     9.862222500331000e+03     9.863293596360943e+03     9.864364420541389e+03     9.865435302346901e+03     9.869718823141071e+03
   44400           -1.16999418e+05            4.61046258e+00            9.95825012e-01            1.00504991e+00     9.967247446487097e+03     9.967755298220694e+03     9.968263487257876e+03     9.968771426907926e+03     9.969279422946121e+03     9.971311399405144e+03
   44600           -1.17029912e+05            7.79525430e+00            9.92619435e-01            1.00821614e+00     9.964801336484374e+03     9.965710189344698e+03     9.966619315646625e+03     9.967528229184796e+03     9.968437195568908e+03     9.972073054653441e+03
   44800           -1.17258887e+05            1.52999337e+01            9.85261619e-01            1.01587651e+00     9.956674204207811e+03     9.958516347264673e+03     9.960358840926216e+03     9.962201077346132e+03     9.964043370925212e+03     9.971412537642615e+03
   45000           -1.17300911e+05            2.97386924e+00            9.97565387e-01            1.00351633e+00     9.944852821024166e+03     9.945148259322106e+03     9.945444072867447e+03     9.945739594163657e+03     9.946035187535903e+03     9.947217554047640e+03
   45200           -1.17273990e+05            4.82792606e+00            9.95646190e-01            1.00530657e+00     9.978432684137209e+03     9.978964313636352e+03     9.979496320635091e+03     9.980028044736926e+03     9.980559833973135e+03     9.982686983809062e+03
   45400           -1.17167186e+05            5.96100609e+00            9.94497480e-01            1.00642485e+00     9.970171980430527e+03     9.970849763300999e+03     9.971527843359696e+03     9.972205679129924e+03     9.972883581181508e+03     9.975595181932489e+03
   45600           -1.17361741e+05            9.38557816e+00            9.91103444e-01            1.00988331e+00     1.002535445157702e+04     1.002645591678194e+04     1.002755775226090e+04     1.002865931523020e+04     1.002976093860255e+04     1.003416742562808e+04
   45800           -1.17238520e+05            8.40930591e+00            9.92083288e-01            1.00890985e+00     9.915685574402673e+03     9.916666876051040e+03     9.917648536721445e+03     9.918629929646355e+03     9.919611383706308e+03     9.923537193009945e+03
   46000           -1.17125365e+05            7.20039597e+00            9.93246241e-01            1.00765326e+00     9.991049243014560e+03     9.991881629401805e+03     9.992714291085576e+03     9.993546719558108e+03     9.994379214324037e+03     9.997709185633514e+03
   46200           -1.17242167e+05            6.39767507e+00            9.94079659e-01            1.00688098e+00     9.940335731709149e+03     9.941064960960090e+03     9.941794478196320e+03     9.942523764775937e+03     9.943253111667493e+03     9.946170491625835e+03
   46400           -1.17133748e+05            2.92115193e+00            9.97578344e-01            1.00342356e+00     1.002778540235675e+04     1.002807936126769e+04     1.002837369407592e+04     1.002866773652457e+04     1.002896185020935e+04     1.003013829806195e+04
   46600           -1.17189044e+05            2.43585997e+00            9.98009127e-01            1.00288301e+00     9.916700936799001e+03     9.916935159162003e+03     9.917169695521057e+03     9.917404004443108e+03     9.917638362171934e+03     9.918575787544869e+03
   46800           -1.17260813e+05            3.76730501e+00            9.96680892e-01            1.00421886e+00     9.873396292238265e+03     9.873796726230141e+03     9.874197528665041e+03     9.874598062039515e+03     9.874998654035289e+03     9.876601015832312e+03
   47000           -1.17199687e+05            5.39150380e+00            9.95067723e-01            1.00585560e+00     9.921449214922695e+03     9.922051349221856e+03     9.922653804975598e+03     9.923256024543893e+03     9.923858296362036e+03     9.926267377801376e+03
   47200           -1.17136137e+05            3.41962656e+00            9.97059962e-01            1.00390248e+00     9.945012761770980e+03     9.945369843783426e+03     9.945727316506953e+03     9.946084500707253e+03     9.946441749015032e+03     9.947870736259083e+03
   47400           -1.17108441e+05            5.78867336e+00            9.94685645e-01            1.00626838e+00     9.915501292821540e+03     9.916153827162689e+03     9.916806709638271e+03     9.917459318025567e+03     9.918111995027157e+03     9.920722697232775e+03
   47600           -1.17308321e+05            2.13540001e+00            9.98297440e-01            1.00257009e+00     9.871769928397494e+03     9.871971251342420e+03     9.872172903845651e+03     9.872374315374671e+03     9.872575779755138e+03     9.873381631112783e+03
   47800           -1.17307495e+05            7.33809795e+00            9.93146443e-01            1.00782954e+00     9.985995848090120e+03     9.986839180645646e+03     9.987682862693195e+03     9.988526286624721e+03     9.989369768330640e+03     9.992743688571158e+03
   48000           -1.17165870e+05            1.62004115e+00            9.98818090e-01            1.00205959e+00     9.923855350418335e+03     9.923991067360437e+03     9.924127092393299e+03     9.924262870759809e+03     9.924398713287374e+03     9.924942076156414e+03
   48200           -1.17339867e+05            3.26482299e+00            9.97151568e-01            1.00368392e+00     9.952450798897971e+03     9.952792766500670e+03     9.953135065441922e+03     9.953477126515952e+03     9.953819237644577e+03     9.955187676391184e+03
   48400           -1.17230136e+05            3.58694272e+00            9.96856854e-01            1.00403390e+00     9.937242822275060e+03     9.937618225764898e+03     9.937993959377582e+03     9.938369446147821e+03     9.938744989593422e+03     9.940247156911784e+03
   48600           -1.17161071e+05            1.25143784e+00            9.99180239e-01            1.00168420e+00     9.918463536658550e+03     9.918549885072518e+03     9.918636508320029e+03     9.918722911743551e+03     9.918809372676647e+03     9.919155208694745e+03
   48800           -1.17095177e+05            5.24453659e+00            9.95162079e-01            1.00565534e+00     1.004060400749261e+04     1.004119299960346e+04     1.004178223186583e+04     1.004237125929790e+04     1.004296034509888e+04     1.004531668270514e+04
   49000           -1.16847284e+05            3.56249924e+00            9.96905264e-01            1.00403358e+00     9.969985026254220e+03     9.970357870854919e+03     9.970731099469855e+03     9.971104049063199e+03     9.971477058486640e+03     9.972969090719060e+03
   49200           -1.17137082e+05            1.98840346e+00            9.98439725e-01            1.00241823e+00     9.847609914911871e+03     9.847792121287137e+03     9.847974683551080e+03     9.848156978094872e+03     9.848339334263666e+03     9.849068753615462e+03
   49400           -1.16970441e+05            2.36918749e+00            9.98080102e-01            1.00282060e+00     9.874476366870933e+03     9.874703205788768e+03     9.874930424945276e+03     9.875157364595832e+03     9.875384365750138e+03     9.876292364629344e+03
   49600           -1.16850747e+05            2.84028427e+00            9.97606306e-01            1.00328940e+00     9.980481720516671e+03     9.980764409660698e+03     9.981047390912068e+03     9.981330150508140e+03     9.981612962832167e+03     9.982744205147663e+03
   49800           -1.16892561e+05            2.58957749e+00            9.97860969e-01            1.00304245e+00     9.989129815699618e+03     9.989386183864170e+03     9.989642861209735e+03     9.989899304041732e+03     9.990155802736534e+03     9.991181789773449e+03
   50000           -1.17250980e+05            1.30945033e+00            9.99167699e-01            1.00178785e+00     1.001647547812568e+04     1.001656517342370e+04     1.001665531696235e+04     1.001674514026287e+04     1.001683502930569e+04     1.001719458048569e+04
