#This file was generated on Fri Feb 14 11:30:20 2025
#Using the somd command, of the molecular library Sire version <2024.4.0.dev> 
#For more information visit: https://github.com/openbiosim/sire
#
#General information on simulation parameters:
#Simulation used 50000 moves, 1 cycles and 200 ps of simulation time
#Generating lambda is		 0.50000
#Alchemical array is		 (0.0, 0.125, 0.25, 0.375, 0.5, 1.0)
#Generating temperature is 	25°C
#Energy was saved every 200 steps 
#
#
#   [step]               [potential]                [gradient]      [forward Metropolis]     [backward Metropolis]                   [u_kl]
     200           -1.26837923e+05            1.36916710e+00            9.98625613e-01            1.00136393e+00     9.966234469079842e+03     9.966395040221138e+03     9.966556003471429e+03     9.966716671898266e+03     9.966877408585811e+03     9.967520348091783e+03
     400           -1.23273746e+05            9.87253568e-01            9.99006541e-01            1.00098104e+00     9.958502649017601e+03     9.958614726296968e+03     9.958727113495137e+03     9.958839269537586e+03     9.958951478804393e+03     9.959400308591183e+03
     600           -1.20771280e+05            1.22802109e+00            9.98767761e-01            1.00122379e+00     1.004044394228315e+04     1.004058761794865e+04     1.004073162164312e+04     1.004087536497585e+04     1.004101917473677e+04     1.004159440719039e+04
     800           -1.19300287e+05            1.27629414e+00            9.98728224e-01            1.00128082e+00     1.000025416409704e+04     1.000040181822763e+04     1.000054977761731e+04     1.000069749982658e+04     1.000084528043949e+04     1.000143639678194e+04
    1000           -1.18710660e+05            9.78385689e-01            9.99014593e-01            1.00097135e+00     1.004453615461388e+04     1.004464730326545e+04     1.004475879576513e+04     1.004487003505786e+04     1.004498133096164e+04     1.004542650730941e+04
    1200           -1.18080231e+05            7.97483440e-01            9.99198977e-01            1.00079394e+00     1.006833051360677e+04     1.006841894374756e+04     1.006850768550675e+04     1.006859618556463e+04     1.006868474504787e+04     1.006903897648898e+04
    1400           -1.17707151e+05            1.85069838e+00            9.98149927e-01            1.00185132e+00     9.889304138439869e+03     9.889523758242625e+03     9.889743737864947e+03     9.889963441193086e+03     9.890183211179034e+03     9.891062283918196e+03
    1600           -1.17436336e+05            6.87710098e-01            9.99311568e-01            1.00068699e+00     9.953530870828417e+03     9.953604983910012e+03     9.953679402253683e+03     9.953753582489680e+03     9.953827822132555e+03     9.954124773436693e+03
    1800           -1.17187299e+05            1.36846082e+00            9.98627499e-01            1.00136441e+00     9.970918932012684e+03     9.971078225885110e+03     9.971237792978101e+03     9.971397137183449e+03     9.971556541309857e+03     9.972194150607032e+03
    2000           -1.17126669e+05            8.63200067e-01            9.99132866e-01            1.00085926e+00     1.000089384674979e+04     1.000099020253212e+04     1.000108688553394e+04     1.000118333029553e+04     1.000127982660746e+04     1.000166580646513e+04
    2200           -1.17281465e+05            1.08866991e+00            9.98907033e-01            1.00108436e+00     9.924279304161446e+03     9.924404531143789e+03     9.924530107049135e+03     9.924655429270104e+03     9.924780806455319e+03     9.925282308749191e+03
    2400           -1.17352617e+05            1.21465831e+00            9.98794666e-01            1.00122400e+00     9.972307906069826e+03     9.972449128659078e+03     9.972590761586967e+03     9.972732096393567e+03     9.972873495473614e+03     9.973439084877400e+03
    2600           -1.17353582e+05            4.24559928e-01            9.99575681e-01            1.00042480e+00     1.000354463845982e+04     1.000358699788938e+04     1.000362963860737e+04     1.000367204276047e+04     1.000371451289484e+04     1.000388438732986e+04
    2800           -1.17157394e+05            9.48413420e-01            9.99045900e-01            1.00094272e+00     9.950585855174169e+03     9.950692652613085e+03     9.950799802090438e+03     9.950906691270444e+03     9.951013638917966e+03     9.951441422661763e+03
    3000           -1.17145583e+05            2.25468348e+00            9.97741689e-01            1.00225103e+00     1.002301349901407e+04     1.002328510447359e+04     1.002355699598282e+04     1.002382864329800e+04     1.002410036055594e+04     1.002518722209781e+04
    3200           -1.17217782e+05            1.14447743e+00            9.98853193e-01            1.00114214e+00     9.895954561734026e+03     9.896086983372077e+03     9.896219740106324e+03     9.896352251481268e+03     9.896484817279181e+03     9.897015072824335e+03
    3400           -1.17198248e+05            1.35945937e+00            9.98645708e-01            1.00136464e+00     9.925386294700569e+03     9.925544877021111e+03     9.925703742855410e+03     9.925862387999932e+03     9.926021088185886e+03     9.926655881671202e+03
    3600           -1.17392047e+05            1.61946128e+00            9.98382693e-01            1.00162162e+00     1.001198328251755e+04     1.001217471313417e+04     1.001236649935273e+04     1.001255802609239e+04     1.001274960948046e+04     1.001351593644336e+04
    3800           -1.17226281e+05            3.15833678e+00            9.96840962e-01            1.00315761e+00     9.957702270784197e+03     9.958085992072822e+03     9.958470045195840e+03     9.958853834471473e+03     9.959237690999365e+03     9.960773111214534e+03
    4000           -1.17279019e+05            1.27088372e+00            9.98712343e-01            1.00125407e+00     9.980438554447712e+03     9.980586677965199e+03     9.980735131291896e+03     9.980883330356122e+03     9.981031591045819e+03     9.981624627643927e+03
    4200           -1.17258174e+05            8.38085883e-01            9.99162499e-01            1.00083867e+00     1.009891160506990e+04     1.009900697733248e+04     1.009910274039875e+04     1.009919821955249e+04     1.009929375989187e+04     1.009967591471385e+04
    4400           -1.17377148e+05            1.80245745e+00            9.98203451e-01            1.00180838e+00     9.934390269008885e+03     9.934604780956181e+03     9.934819707083388e+03     9.935034345717419e+03     9.935249040242630e+03     9.936107811476375e+03
    4600           -1.17077330e+05            3.04582197e+00            9.96965804e-01            1.00305750e+00     1.002302402460713e+04     1.002339380735212e+04     1.002376391307209e+04     1.002413377045914e+04     1.002450368815066e+04     1.002598335169420e+04
    4800           -1.17123356e+05            1.30312090e+00            9.98697610e-01            1.00130385e+00     9.853490466949614e+03     9.853641037188669e+03     9.853791865139798e+03     9.853942491300000e+03     9.854093168259860e+03     9.854695869570105e+03
    5000           -1.17204539e+05            4.75710929e+00            9.95253031e-01            1.00476727e+00     9.799054241863581e+03     9.799636645120285e+03     9.800219446253876e+03     9.800801952357766e+03     9.801384524736295e+03     9.803714807609009e+03
    5200           -1.17392524e+05            3.64196224e+00            9.96364461e-01            1.00364840e+00     9.913644627003150e+03     9.914088829836319e+03     9.914533361621432e+03     9.914977633924856e+03     9.915421971586376e+03     9.917199316169603e+03
    5400           -1.16950298e+05            4.85429586e+00            9.95161101e-01            1.00486977e+00     9.977609059166223e+03     9.978204288033423e+03     9.978799849078527e+03     9.979395172824685e+03     9.979990546286408e+03     9.982372033406593e+03
    5600           -1.16995171e+05            3.36232859e+00            9.96647836e-01            1.00337254e+00     9.900719922374270e+03     9.901129205752679e+03     9.901538833421257e+03     9.901948207674925e+03     9.902357638417921e+03     9.903995354461575e+03
    5800           -1.17154052e+05            6.36005731e+00            9.93658557e-01            1.00637874e+00     1.006841435693156e+04     1.006919787546028e+04     1.006998174144539e+04     1.007076534603993e+04     1.007154901122271e+04     1.007468366551385e+04
    6000           -1.17215234e+05            5.35570895e+00            9.94650546e-01            1.00536193e+00     1.005492093710376e+04     1.005558118632879e+04     1.005624179728804e+04     1.005690213283128e+04     1.005756253388235e+04     1.006020413066094e+04
    6200           -1.17152456e+05            5.43233411e+00            9.94576921e-01            1.00544158e+00     9.990073789117307e+03     9.990742189349927e+03     9.991410934891281e+03     9.992079413650823e+03     9.992747957230615e+03     9.995422125343925e+03
    6400           -1.17180995e+05            1.61591385e+00            9.98390935e-01            1.00162278e+00     9.945603169027672e+03     9.945793179404873e+03     9.945983553496682e+03     9.946173664249303e+03     9.946363831987059e+03     9.947124494946445e+03
    6600           -1.17219711e+05            2.62208628e+00            9.97375572e-01            1.00261972e+00     9.975684845862772e+03     9.976001385655429e+03     9.976318275577834e+03     9.976634899535089e+03     9.976951586267061e+03     9.978218326671351e+03
    6800           -1.17255060e+05            3.97462254e+00            9.96032490e-01            1.00398175e+00     9.944328776823184e+03     9.944814998602002e+03     9.945301581227910e+03     9.945787891142536e+03     9.946274264623435e+03     9.948219752423685e+03
    7000           -1.17274784e+05            1.00020038e+00            9.99000834e-01            1.00100124e+00     9.995485702506352e+03     9.995599376161674e+03     9.995713356034912e+03     9.995827105261991e+03     9.995940908340139e+03     9.996396114173927e+03
    7200           -1.17255418e+05            1.48846686e+00            9.98511401e-01            1.00148833e+00     9.976988046213046e+03     9.977162592336892e+03     9.977337425284082e+03     9.977512029100293e+03     9.977686692235220e+03     9.978385338257393e+03
    7400           -1.17327914e+05            1.38083693e+00            9.98622864e-01            1.00138455e+00     9.924210895063672e+03     9.924371695850294e+03     9.924532834582707e+03     9.924693718846918e+03     9.924854662531450e+03     9.925498429999228e+03
    7600           -1.17003257e+05            2.11946141e+00            9.97878103e-01            1.00211701e+00     9.887634870593183e+03     9.887888616438375e+03     9.888142664301760e+03     9.888396472193308e+03     9.888650341409946e+03     9.889665812226707e+03
    7800           -1.17166326e+05            4.48011381e-01            9.99548822e-01            1.00044484e+00     9.932819442492730e+03     9.932865161994470e+03     9.932911169490460e+03     9.932956942056755e+03     9.933002777916383e+03     9.933186113340036e+03
    8000           -1.16961741e+05            9.32559601e-01            9.99064931e-01            1.00093005e+00     9.902119318859799e+03     9.902224962175138e+03     9.902330994495984e+03     9.902436745688181e+03     9.902542556793574e+03     9.902965794727352e+03
    8200           -1.17029876e+05            5.64342384e-01            9.99442383e-01            1.00057108e+00     9.964733977906950e+03     9.964793467725256e+03     9.964853274233885e+03     9.964912833051387e+03     9.964972453601986e+03     9.965210929297022e+03
    8400           -1.16824591e+05            1.27521459e+00            9.98730066e-01            1.00128051e+00     1.002953693831046e+04     1.002968533267627e+04     1.002983408457660e+04     1.002998257307742e+04     1.003013112039556e+04     1.003072530248067e+04
    8600           -1.16814984e+05            1.56579063e+00            9.98443812e-01            1.00157542e+00     9.991958452306118e+03     9.992143504845559e+03     9.992328844530939e+03     9.992513957308947e+03     9.992699127670649e+03     9.993439803035179e+03
    8800           -1.16963465e+05            2.28078722e+00            9.97723937e-01            1.00228553e+00     9.994278711157565e+03     9.994552553270167e+03     9.994826731270517e+03     9.995100676969216e+03     9.995374668094062e+03     9.996470625030559e+03
    9000           -1.17038698e+05            1.71576538e+00            9.98279674e-01            1.00171119e+00     1.000316178888503e+04     1.000336443222825e+04     1.000356735783368e+04     1.000377005672122e+04     1.000397281498502e+04     1.000478384108502e+04
    9200           -1.16959468e+05            1.74531004e+00            9.98255749e-01            1.00174637e+00     9.841879793394646e+03     9.842086525050112e+03     9.842293618203834e+03     9.842500429804533e+03     9.842707311178949e+03     9.843534828963253e+03
    9400           -1.16979628e+05            1.33010765e+00            9.98673116e-01            1.00133334e+00     1.003009924418999e+04     1.003025431844780e+04     1.003040974932014e+04     1.003056490817642e+04     1.003072013204318e+04     1.003134101989637e+04
    9600           -1.17211631e+05            3.07322682e+00            9.96919436e-01            1.00306583e+00     1.002342661737606e+04     1.002380033875813e+04     1.002417441178734e+04     1.002454820808179e+04     1.002492207363572e+04     1.002641752989539e+04
    9800           -1.17445301e+05            2.13301415e+00            9.97871703e-01            1.00213775e+00     9.931893370911797e+03     9.932148682263567e+03     9.932404277645843e+03     9.932659651500515e+03     9.932915080659426e+03     9.933936790407055e+03
   10000           -1.17175678e+05            1.87569524e+00            9.98120694e-01            1.00187207e+00     1.001596445407449e+04     1.001618829619377e+04     1.001641242509756e+04     1.001663632337648e+04     1.001686028235192e+04     1.001775611062935e+04
   10200           -1.17390919e+05            1.54016267e+00            9.98453467e-01            1.00153377e+00     9.948754430168008e+03     9.948935914453419e+03     9.949117732018933e+03     9.949299298085320e+03     9.949480922395151e+03     9.950207414622293e+03
   10400           -1.17103859e+05            2.79467606e+00            9.97206083e-01            1.00279542e+00     9.997089987728898e+03     9.997427882010854e+03     9.997766111992381e+03     9.998104079004715e+03     9.998442111471102e+03     9.999794235213307e+03
   10600           -1.17082988e+05            1.92234876e+00            9.98081113e-01            1.00192582e+00     9.934593185048016e+03     9.934822889613401e+03     9.935052872531007e+03     9.935282649692725e+03     9.935512473319413e+03     9.936431761590809e+03
   10800           -1.17095965e+05            2.09114468e+00            9.97906728e-01            1.00208900e+00     9.933594505496498e+03     9.933844789652620e+03     9.934095405018852e+03     9.934345767637396e+03     9.934596190485736e+03     9.935597875474976e+03
   11000           -1.17264816e+05            2.07942949e+00            9.97917862e-01            1.00207670e+00     9.987570605196141e+03     9.987820426209269e+03     9.988070640122949e+03     9.988320562788374e+03     9.988570551173043e+03     9.989570497149945e+03
   11200           -1.16968157e+05            1.72559157e+00            9.98286457e-01            1.00173768e+00     9.969322706263003e+03     9.969527658461127e+03     9.969732994622709e+03     9.969938039704102e+03     9.970143153024175e+03     9.970963599785347e+03
   11400           -1.17015046e+05            9.99690254e-01            9.98996280e-01            1.00099565e+00     9.905205749456270e+03     9.905319977253212e+03     9.905434592179827e+03     9.905548925511477e+03     9.905663319939864e+03     9.906120890423459e+03
   11600           -1.16996264e+05            2.64450145e+00            9.97361714e-01            1.00265074e+00     9.925895792512423e+03     9.926215538272811e+03     9.926535657595932e+03     9.926855500255044e+03     9.927175405386066e+03     9.928455018259709e+03
   11800           -1.17029995e+05            2.31090510e+00            9.97682288e-01            1.00230406e+00     9.915901318759203e+03     9.916179258649840e+03     9.916457480662288e+03     9.916735487347392e+03     9.917013545464093e+03     9.918125772168985e+03
   12000           -1.17193154e+05            2.55724830e+00            9.97447911e-01            1.00256242e+00     9.966249095105872e+03     9.966557718196780e+03     9.966866684496565e+03     9.967175382217578e+03     9.967484146497833e+03     9.968719197889794e+03
   12200           -1.16885675e+05            3.57365318e+00            9.96433081e-01            1.00358040e+00     9.923349853100412e+03     9.923785606982015e+03     9.924221692288798e+03     9.924657530475297e+03     9.925093425056475e+03     9.926836997012540e+03
   12400           -1.16759932e+05            1.22514289e+00            9.98777046e-01            1.00122734e+00     9.988640785522146e+03     9.988782077784292e+03     9.988923741700482e+03     9.989065134282302e+03     9.989206586045670e+03     9.989772386569193e+03
   12600           -1.16723886e+05            1.81260262e+00            9.98184918e-01            1.00181011e+00     1.002845485800339e+04     1.002866902135681e+04     1.002888354907003e+04     1.002909779416504e+04     1.002931210851767e+04     1.003016935903195e+04
   12800           -1.16783744e+05            3.18726671e+00            9.96819555e-01            1.00319411e+00     9.906646517656774e+03     9.907033201967799e+03     9.907420238206743e+03     9.907807018027257e+03     9.908193853650280e+03     9.909741189643784e+03
   13000           -1.16904676e+05            4.78634293e+00            9.95219608e-01            1.00479228e+00     9.879892342806817e+03     9.880479326049051e+03     9.881066661712061e+03     9.881653737948454e+03     9.882240871508298e+03     9.884589400209779e+03
   13200           -1.16766863e+05            2.75436645e+00            9.97249462e-01            1.00275820e+00     9.874079036095744e+03     9.874411834873225e+03     9.874745007813824e+03     9.875077928205417e+03     9.875410894486144e+03     9.876742752876544e+03
   13400           -1.16867207e+05            1.08588130e+00            9.98912596e-01            1.00108435e+00     9.952884919703441e+03     9.953009200545486e+03     9.953133800694464e+03     9.953258157747858e+03     9.953382572731805e+03     9.953880225760169e+03
   13600           -1.16749275e+05            3.36424624e+00            9.96649320e-01            1.00337788e+00     9.961783846229455e+03     9.962193576776584e+03     9.962603599039760e+03     9.963013367830945e+03     9.963423210648769e+03     9.965062575068085e+03
   13800           -1.16972437e+05            3.37610798e+00            9.96625840e-01            1.00337804e+00     9.967474778342825e+03     9.967887071653320e+03     9.968299659849066e+03     9.968712003670793e+03     9.969124414921722e+03     9.970774051500619e+03
   14000           -1.16911071e+05            2.98716931e+00            9.97014410e-01            1.00298874e+00     1.001602638201056e+04     1.001638862073100e+04     1.001675121289077e+04     1.001711354744161e+04     1.001747593858091e+04     1.001892549515126e+04
   14200           -1.17112000e+05            2.73224583e+00            9.97271908e-01            1.00273641e+00     9.882114042988846e+03     9.882444887753516e+03     9.882776034294435e+03     9.883106940305617e+03     9.883437908402233e+03     9.884761773815619e+03
   14400           -1.17089503e+05            3.02581992e+00            9.96969190e-01            1.00302078e+00     1.001291277953935e+04     1.001328127280545e+04     1.001365008882250e+04     1.001401866905948e+04     1.001438730102826e+04     1.001586182251718e+04
   14600           -1.17088522e+05            1.68982993e+00            9.98315545e-01            1.00169522e+00     9.874179561093773e+03     9.874381153827679e+03     9.874583036321146e+03     9.874784689540560e+03     9.874986401173024e+03     9.875793241252275e+03
   14800           -1.17217680e+05            2.38283907e+00            9.97605983e-01            1.00237160e+00     1.003247996030818e+04     1.003276676896946e+04     1.003305391805873e+04     1.003334081508844e+04     1.003362776885091e+04     1.003477557739364e+04
   15000           -1.17244738e+05            1.14090681e+00            9.98860981e-01            1.00114280e+00     9.966852589372054e+03     9.966985123404544e+03     9.967117977159160e+03     9.967250593619308e+03     9.967383263866304e+03     9.967913938360554e+03
   15200           -1.17289044e+05            2.06950912e+00            9.97927668e-01            1.00206667e+00     9.982127150621200e+03     9.982374380296287e+03     9.982621938684360e+03     9.982869257545188e+03     9.983116628917413e+03     9.984106107213620e+03
   15400           -1.17052005e+05            3.10149003e+00            9.96903179e-01            1.00310617e+00     1.000023539554735e+04     1.000061236012950e+04     1.000098965804552e+04     1.000136668707661e+04     1.000174378647535e+04     1.000325217740336e+04
   15600           -1.17062331e+05            1.93024003e+00            9.98069447e-01            1.00192992e+00     9.962149674015773e+03     9.962380934888815e+03     9.962612513646978e+03     9.962843830141255e+03     9.963075217931402e+03     9.964000761847032e+03
   15800           -1.17015351e+05            3.79974043e+00            9.96204029e-01            1.00380350e+00     9.976842171422722e+03     9.977305909184202e+03     9.977770020577120e+03     9.978233850539993e+03     9.978697745986230e+03     9.980553320549738e+03
   16000           -1.17077263e+05            5.72728334e-01            9.99424146e-01            1.00056960e+00     9.841904643514892e+03     9.841965319840803e+03     9.842026349853975e+03     9.842087114581516e+03     9.842147940297595e+03     9.842391237080299e+03
   16200           -1.16905429e+05            1.62433753e+00            9.98373985e-01            1.00162265e+00     1.000891242430930e+04     1.000910374566883e+04     1.000929541763602e+04     1.000948682737050e+04     1.000967829771972e+04     1.001044417113014e+04
   16400           -1.17200460e+05            4.39797328e+00            9.95616183e-01            1.00441220e+00     9.973284134838254e+03     9.973821254991528e+03     9.974358750505709e+03     9.974895971103460e+03     9.975433252284965e+03     9.977582369731675e+03
   16600           -1.17294399e+05            1.61561550e+00            9.98384700e-01            1.00161593e+00     1.002502231674518e+04     1.002521234293631e+04     1.002540275500854e+04     1.002559287777710e+04     1.002578306696974e+04     1.002654381719430e+04
   16800           -1.17306846e+05            1.14189126e+00            9.98869046e-01            1.00115285e+00     9.899103467710791e+03     9.899235780069839e+03     9.899368372483697e+03     9.899500736283306e+03     9.899633161456730e+03     9.900162855202669e+03
   17000           -1.17601343e+05            6.14170805e-01            9.99383233e-01            1.00061157e+00     1.005333081123406e+04     1.005339543131342e+04     1.005346035956120e+04     1.005352504550460e+04     1.005358979217209e+04     1.005384877311012e+04
   17200           -1.17254594e+05            7.32437662e-01            9.99265498e-01            1.00073037e+00     9.843360988393035e+03     9.843441200387893e+03     9.843521700239597e+03     9.843601984950645e+03     9.843682319417583e+03     9.844003650442133e+03
   17400           -1.17016902e+05            1.42372011e+00            9.98573417e-01            1.00142085e+00     9.922429784978533e+03     9.922595642028062e+03     9.922761806236407e+03     9.922927736631680e+03     9.923093722806030e+03     9.923757660633526e+03
   17600           -1.17050016e+05            1.45733727e+00            9.98539507e-01            1.00145417e+00     1.001905526746671e+04     1.001922579754928e+04     1.001939664491956e+04     1.001956723558364e+04     1.001973789375235e+04     1.002042052003799e+04
   17800           -1.17100565e+05            1.77193221e+00            9.98220824e-01            1.00176466e+00     1.008251154377691e+04     1.008272222052589e+04     1.008293320615121e+04     1.008314393831401e+04     1.008335473893765e+04     1.008419793409838e+04
   18000           -1.16955603e+05            1.51758881e+00            9.98485919e-01            1.00152111e+00     1.004440722287043e+04     1.004458579773291e+04     1.004476468146575e+04     1.004494332184579e+04     1.004512202392664e+04     1.004583682498285e+04
   18200           -1.17055621e+05            1.93288054e+00            9.98070216e-01            1.00193598e+00     9.977841561079202e+03     9.978072085902742e+03     9.978302950789854e+03     9.978533558577034e+03     9.978764226600359e+03     9.979686892121515e+03
   18400           -1.17180987e+05            1.92976958e+00            9.98072159e-01            1.00193170e+00     1.000707493548775e+04     1.000730569436057e+04     1.000753676508179e+04     1.000776760605519e+04     1.000799849875740e+04     1.000892206202706e+04
   18600           -1.16844505e+05            2.68241764e+00            9.97318479e-01            1.00268331e+00     9.884718122438109e+03     9.885042799535644e+03     9.885367780703440e+03     9.885692525505730e+03     9.886017328390164e+03     9.887316534342219e+03
   18800           -1.17091382e+05            2.93936644e+00            9.97064989e-01            1.00294373e+00     1.000147209839374e+04     1.000182877740455e+04     1.000218583769052e+04     1.000254261444070e+04     1.000289945555991e+04     1.000432681272608e+04
   19000           -1.17033270e+05            1.68215759e+00            9.98321789e-01            1.00168611e+00     1.004175655847293e+04     1.004195491185040e+04     1.004215363743451e+04     1.004235209032227e+04     1.004255060315308e+04     1.004334464783322e+04
   19200           -1.17229824e+05            1.52507264e+00            9.98478579e-01            1.00152873e+00     9.973310051134116e+03     9.973490395321549e+03     9.973671063227708e+03     9.973851498402157e+03     9.974031983262072e+03     9.974753915390025e+03
   19400           -1.16817682e+05            2.05312012e+00            9.97946018e-01            1.00205225e+00     9.967439714632512e+03     9.967684886409726e+03     9.967930394173260e+03     9.968175644709821e+03     9.968420957185303e+03     9.969402199738091e+03
   19600           -1.17059017e+05            2.66007126e+00            9.97345402e-01            1.00266556e+00     1.002856513843239e+04     1.002888676827993e+04     1.002920871618883e+04     1.002953041157706e+04     1.002985217175323e+04     1.003113920507407e+04
   19800           -1.17187593e+05            3.69946715e+00            9.96325339e-01            1.00372442e+00     9.901224337569005e+03     9.901677021392541e+03     9.902129941839961e+03     9.902582646005318e+03     9.903035417920979e+03     9.904846498272951e+03
   20000           -1.17372454e+05            3.20080788e+00            9.96802595e-01            1.00320421e+00     9.946698109075769e+03     9.947088097427977e+03     9.947478435530586e+03     9.947868531418771e+03     9.948258674466406e+03     9.949819239857043e+03
   20200           -1.17338766e+05            3.14189089e+00            9.96862597e-01            1.00314639e+00     9.922169896596344e+03     9.922552054578853e+03     9.922934530377783e+03     9.923316763627387e+03     9.923699054835151e+03     9.925228213073959e+03
   20400           -1.17049933e+05            3.61558733e+00            9.96388070e-01            1.00361924e+00     9.871680902316775e+03     9.872121002294836e+03     9.872561413595588e+03     9.873001576667084e+03     9.873441803889094e+03     9.875202705461412e+03
   20600           -1.17009662e+05            3.42549055e+00            9.96577938e-01            1.00342892e+00     1.001420604810051e+04     1.001462461674162e+04     1.001504351089365e+04     1.001546215758049e+04     1.001588086304844e+04     1.001755567799636e+04
   20800           -1.17266381e+05            3.08725531e+00            9.96910667e-01            1.00308514e+00     9.973116592671518e+03     9.973491381179689e+03     9.973866473253323e+03     9.974241346271656e+03     9.974616266447560e+03     9.976115940223601e+03
   21000           -1.17170072e+05            4.88214150e+00            9.95121472e-01            1.00488571e+00     9.978358499454642e+03     9.978957778632604e+03     9.979557391652226e+03     9.980156747047138e+03     9.980756164656705e+03     9.983153829858769e+03
   21200           -1.17182299e+05            4.53726140e+00            9.95484011e-01            1.00455866e+00     1.009247953585891e+04     1.009303630402968e+04     1.009359337465474e+04     1.009415020040434e+04     1.009470709072086e+04     1.009693464558281e+04
   21400           -1.17296555e+05            5.89646911e+00            9.94115001e-01            1.00590794e+00     9.811076999194702e+03     9.811803846527315e+03     9.812531011625571e+03     9.813257944773099e+03     9.813984928830994e+03     9.816892858467289e+03
   21600           -1.16961750e+05            3.81532900e+00            9.96192473e-01            1.00382315e+00     9.963909511300559e+03     9.964376024180550e+03     9.964842879223970e+03     9.965309463486830e+03     9.965776116842650e+03     9.967642722384740e+03
   21800           -1.17134680e+05            4.96849431e+00            9.95044455e-01            1.00498149e+00     9.969594430452998e+03     9.970205234870926e+03     9.970816390759761e+03     9.971427295424275e+03     9.972038252662913e+03     9.974482074872827e+03
   22000           -1.17142517e+05            2.68076919e+00            9.97316759e-01            1.00267827e+00     9.995975173641069e+03     9.996299064071460e+03     9.996623251194233e+03     9.996947202163015e+03     9.997271213807775e+03     9.998567253974483e+03
   22200           -1.17153147e+05            3.85414316e+00            9.96162461e-01            1.00387084e+00     9.950885805187216e+03     9.951357700864035e+03     9.951829988142063e+03     9.952301991434764e+03     9.952774055870535e+03     9.954662306553857e+03
   22400           -1.17170252e+05            2.75277074e+00            9.97251009e-01            1.00275656e+00     1.007181723387110e+04     1.007215140531715e+04     1.007248591934480e+04     1.007282016182647e+04     1.007315447330702e+04     1.007449171274293e+04
   22600           -1.17346649e+05            3.95859954e+00            9.96051668e-01            1.00396891e+00     9.951946702959318e+03     9.952430052675347e+03     9.952913732305135e+03     9.953397156527310e+03     9.953880642971608e+03     9.955814582983900e+03
   22800           -1.17379434e+05            2.84700637e+00            9.97155372e-01            1.00284938e+00     9.968045545451489e+03     9.968390760384911e+03     9.968736288749844e+03     9.969081572198616e+03     9.969426916893510e+03     9.970808288335533e+03
   23000           -1.17303547e+05            5.47602715e+00            9.94536622e-01            1.00548871e+00     9.944781968575686e+03     9.945456145218457e+03     9.946130618111534e+03     9.946804865964206e+03     9.947479167559104e+03     9.950176366542522e+03
   23200           -1.17368007e+05            3.36331057e+00            9.96648544e-01            1.00337522e+00     9.946358312304610e+03     9.946766959574357e+03     9.947175906735560e+03     9.947584623726332e+03     9.947993396657479e+03     9.949628481010348e+03
   23400           -1.17127950e+05            3.13948057e+00            9.96861501e-01            1.00314045e+00     9.994846667905405e+03     9.995228511607782e+03     9.995610714505441e+03     9.995992638375816e+03     9.996374630729057e+03     9.997902593552708e+03
   23600           -1.17019125e+05            3.88239170e+00            9.96122667e-01            1.00388745e+00     9.974302580656271e+03     9.974775937582319e+03     9.975249670750438e+03     9.975723135720651e+03     9.976196656239990e+03     9.978090731823708e+03
   23800           -1.16984875e+05            5.18955235e+00            9.94815041e-01            1.00519410e+00     9.990254399201633e+03     9.990892122661717e+03     9.991530204277607e+03     9.992168019304441e+03     9.992805895035257e+03     9.995357390868881e+03
   24000           -1.17094932e+05            3.49359743e+00            9.96507531e-01            1.00349471e+00     9.966714198851392e+03     9.967140293559807e+03     9.967566735043572e+03     9.967992921921923e+03     9.968419164731407e+03     9.970124130611424e+03
   24200           -1.16940292e+05            4.35592719e+00            9.95653707e-01            1.00436559e+00     9.958852477956103e+03     9.959385470432770e+03     9.959918803032746e+03     9.960451867237651e+03     9.960984999333996e+03     9.963117520711890e+03
   24400           -1.17210599e+05            3.53243281e+00            9.96474185e-01            1.00353907e+00     9.950401460155344e+03     9.950831574710613e+03     9.951261968771087e+03     9.951692136028172e+03     9.952122363618108e+03     9.953843267080869e+03
   24600           -1.17249147e+05            4.39298313e+00            9.95625566e-01            1.00441164e+00     1.006234232759646e+04     1.006288078189842e+04     1.006341959007282e+04     1.006395813860854e+04     1.006449674410927e+04     1.006665116062207e+04
   24800           -1.17195480e+05            2.88586906e+00            9.97113718e-01            1.00288544e+00     9.974061466673375e+03     9.974410702854950e+03     9.974760240776930e+03     9.975109546274836e+03     9.975458907778739e+03     9.976856348884103e+03
   25000           -1.17321129e+05            3.75268444e+00            9.96252383e-01            1.00375775e+00     9.922092941006067e+03     9.922550351376158e+03     9.923008061318094e+03     9.923465539649067e+03     9.923923074552273e+03     9.925753208098477e+03
   25200           -1.17527841e+05            4.89462752e+00            9.95111801e-01            1.00490104e+00     9.904952288360817e+03     9.905553238127803e+03     9.906154453283449e+03     9.906755447650772e+03     9.907356503003602e+03     9.909760717646388e+03
   25400           -1.17318284e+05            3.23885139e+00            9.96764094e-01            1.00324179e+00     1.005445073026082e+04     1.005484408772135e+04     1.005523774848450e+04     1.005563117035812e+04     1.005602465276023e+04     1.005759857525965e+04
   25600           -1.17257432e+05            5.30302069e+00            9.94717171e-01            1.00532333e+00     9.941770501540959e+03     9.942422216917879e+03     9.943074276504320e+03     9.943726067309060e+03     9.944377924747343e+03     9.946985347953727e+03
   25800           -1.17076390e+05            7.95917810e+00            9.92076629e-01            1.00799522e+00     9.869813683250590e+03     9.870797798793916e+03     9.871782310789325e+03     9.872766533012851e+03     9.873750818537555e+03     9.877687953824521e+03
   26000           -1.17233767e+05            4.12370829e+00            9.95888254e-01            1.00413572e+00     9.955506647228023e+03     9.956012962022673e+03     9.956519618419195e+03     9.957026010492764e+03     9.957532466880659e+03     9.959558286533294e+03
   26200           -1.17179238e+05            4.41240101e+00            9.95605574e-01            1.00443048e+00     9.945976547577024e+03     9.946517656030730e+03     9.947059081345022e+03     9.947600259936393e+03     9.948141499707424e+03     9.950306451837823e+03
   26400           -1.17058353e+05            1.78881285e+00            9.98201583e-01            1.00177917e+00     9.973029288378202e+03     9.973241569463315e+03     9.973454210215654e+03     9.973666596549825e+03     9.973879035035459e+03     9.974728781692718e+03
   26600           -1.17044995e+05            5.02886477e+00            9.94976743e-01            1.00503444e+00     1.010005330420801e+04     1.010067132501324e+04     1.010128968891086e+04     1.010190780620506e+04     1.010252597566413e+04     1.010499864712026e+04
   26800           -1.17023578e+05            5.91142762e+00            9.94097999e-01            1.00592083e+00     9.867169674069701e+03     9.867896736346578e+03     9.868624177216292e+03     9.869351340428260e+03     9.870078564563008e+03     9.872987455056315e+03
   27000           -1.17475361e+05            3.57029306e+00            9.96439760e-01            1.00358039e+00     9.956071246470008e+03     9.956506056594186e+03     9.956941201916115e+03     9.957376073871692e+03     9.957811018825330e+03     9.959550791180653e+03
   27200           -1.17110770e+05            2.85684892e+00            9.97129607e-01            1.00284321e+00     1.002098033415602e+04     1.002132705622611e+04     1.002167411291448e+04     1.002202090019743e+04     1.002236775787939e+04     1.002375518160276e+04
   27400           -1.17336515e+05            4.68244660e+00            9.95317278e-01            1.00468210e+00     1.001073928908868e+04     1.001131378562245e+04     1.001188859351773e+04     1.001246316366602e+04     1.001303779072555e+04     1.001533629236242e+04
   27600           -1.17308712e+05            3.17937693e+00            9.96820128e-01            1.00317886e+00     1.001611219791385e+04     1.001649849611722e+04     1.001688517794353e+04     1.001727157658578e+04     1.001765803830218e+04     1.001920387869052e+04
   27800           -1.17286428e+05            5.05443071e+00            9.94963015e-01            1.00507197e+00     9.910850034389850e+03     9.911471365608901e+03     9.912093045846535e+03     9.912714463972246e+03     9.913335943032684e+03     9.915821851675517e+03
   28000           -1.17220825e+05            2.35036657e+00            9.97648079e-01            1.00234880e+00     9.937301482016721e+03     9.937583577111383e+03     9.937866024820976e+03     9.938148218308801e+03     9.938430465804497e+03     9.939559449592271e+03
   28200           -1.16987586e+05            2.73960113e+00            9.97249612e-01            1.00272874e+00     1.001960822338736e+04     1.001993990487473e+04     1.002027199117480e+04     1.002060377104376e+04     1.002093562215781e+04     1.002226302092827e+04
   28400           -1.16991204e+05            1.76688792e+00            9.98230268e-01            1.00176403e+00     9.973444300357514e+03     9.973654221943572e+03     9.973864454598428e+03     9.974074430115081e+03     9.974284475929950e+03     9.975124651502385e+03
   28600           -1.17022559e+05            1.62697141e+00            9.98374616e-01            1.00162856e+00     1.005481215509370e+04     1.005500371708395e+04     1.005519557417153e+04     1.005538719315834e+04     1.005557887455807e+04     1.005634559402244e+04
   28800           -1.16922399e+05            2.00645530e+00            9.98002579e-01            1.00201552e+00     1.004289383094317e+04     1.004313374376910e+04     1.004337396227528e+04     1.004361393843122e+04     1.004385397601530e+04     1.004481412108743e+04
   29000           -1.17087672e+05            2.83250100e+00            9.97168927e-01            1.00283392e+00     9.883876559489598e+03     9.884218856897645e+03     9.884561494859132e+03     9.884903882851208e+03     9.885246326113916e+03     9.886616092738239e+03
   29200           -1.17175626e+05            3.20767797e+00            9.96800911e-01            1.00321630e+00     9.982052016649573e+03     9.982442608463178e+03     9.982833556505979e+03     9.983224234459705e+03     9.983614975807206e+03     9.985177934964839e+03
   29400           -1.17230997e+05            1.96330724e+00            9.98042591e-01            1.00196922e+00     1.007741630281175e+04     1.007765129376137e+04     1.007788666289461e+04     1.007812174164400e+04     1.007835688987690e+04     1.007929747694205e+04
   29600           -1.17093911e+05            1.18969865e+00            9.98810510e-01            1.00118991e+00     1.005761649425481e+04     1.005775437233382e+04     1.005789260605061e+04     1.005803057460500e+04     1.005816860369535e+04     1.005872071313589e+04
   29800           -1.17120701e+05            1.83803295e+00            9.98161837e-01            1.00183790e+00     9.953517328412525e+03     9.953735105643325e+03     9.953953175244325e+03     9.954171008548517e+03     9.954388904197298e+03     9.955260479982071e+03
   30000           -1.16874489e+05            1.43379227e+00            9.98558898e-01            1.00142646e+00     1.005801366060841e+04     1.005818025944354e+04     1.005834721682877e+04     1.005851390037139e+04     1.005868064898125e+04     1.005934763735409e+04
   30200           -1.16963114e+05            1.52286905e+00            9.98479514e-01            1.00152526e+00     1.004758579550471e+04     1.004776612774733e+04     1.004794676892304e+04     1.004812717330274e+04     1.004830763498872e+04     1.004902947447274e+04
   30400           -1.16840884e+05            7.91417774e-01            9.99202454e-01            1.00078528e+00     9.906033280481002e+03     9.906121936281857e+03     9.906210919950374e+03     9.906299656999397e+03     9.906388451720602e+03     9.906743622960203e+03
   30600           -1.17109015e+05            1.14067516e+00            9.98864523e-01            1.00114588e+00     9.961588569144467e+03     9.961720468305781e+03     9.961852748186671e+03     9.961984735558075e+03     9.962116793196370e+03     9.962645017248273e+03
   30800           -1.17048974e+05            1.07742604e+00            9.98913297e-01            1.00106813e+00     1.001140724296275e+04     1.001153114553511e+04     1.001165543148847e+04     1.001177943779772e+04     1.001190350540911e+04     1.001239976785547e+04
   31000           -1.17070909e+05            6.45532525e-01            9.99345789e-01            1.00063684e+00     9.971888034269965e+03     9.971957089352789e+03     9.972026476529876e+03     9.972095603221471e+03     9.972164795414887e+03     9.972441556559805e+03
   31200           -1.17269219e+05            5.43781383e-01            9.99454786e-01            1.00054235e+00     9.995017465182867e+03     9.995074645550407e+03     9.995132172624597e+03     9.995189445977143e+03     9.995246775067428e+03     9.995476084951988e+03
   31400           -1.17257211e+05            4.18861283e-01            9.99577946e-01            1.00041567e+00     9.990013917929877e+03     9.990054121495770e+03     9.990094679895932e+03     9.990134959775105e+03     9.990175309729213e+03     9.990336701528551e+03
   31600           -1.17139775e+05            1.17268244e+00            9.98826921e-01            1.00117228e+00     1.001712987708045e+04     1.001726564143558e+04     1.001740178173706e+04     1.001753764651725e+04     1.001767357193197e+04     1.001821726678349e+04
   31800           -1.17017192e+05            1.48657557e+00            9.98511060e-01            1.00148420e+00     9.979413669944090e+03     9.979588721501919e+03     9.979764075630539e+03     9.979939186139123e+03     9.980114360355579e+03     9.980815050767071e+03
   32000           -1.16988748e+05            1.06524768e+00            9.98930508e-01            1.00106099e+00     9.983543914754830e+03     9.983665640458332e+03     9.983787708262535e+03     9.983909504672349e+03     9.984031370258759e+03     9.984518825762687e+03
   32200           -1.17024431e+05            3.73179665e-01            9.99620002e-01            1.00036636e+00     1.009917227556573e+04     1.009920790605496e+04     1.009924384208406e+04     1.009927953878419e+04     1.009931529547886e+04     1.009945831539200e+04
   32400           -1.16913119e+05            1.17034828e+00            9.98823234e-01            1.00116391e+00     1.004651338093154e+04     1.004664871626188e+04     1.004678434094257e+04     1.004691972779011e+04     1.004705517903636e+04     1.004759697714118e+04
   32600           -1.17233038e+05            3.24474792e+00            9.96761898e-01            1.00325141e+00     9.955748829588154e+03     9.956142080761754e+03     9.956535662105993e+03     9.956928988908847e+03     9.957322377533568e+03     9.958895925478982e+03
   32800           -1.17192660e+05            5.12350911e+00            9.94892623e-01            1.00513972e+00     9.932912023717368e+03     9.933541458089097e+03     9.934171273213264e+03     9.934800806405663e+03     9.935430403193457e+03     9.937948782669546e+03
   33000           -1.17359602e+05            3.07536822e+00            9.96921353e-01            1.00307205e+00     9.916700347977625e+03     9.917073522071752e+03     9.917446996589022e+03     9.917820242714570e+03     9.918193543164623e+03     9.919686738351622e+03
   33200           -1.16994864e+05            2.10294761e+00            9.97894883e-01            1.00210076e+00     9.991245823594121e+03     9.991498230313549e+03     9.991750990260241e+03     9.992003488506376e+03     9.992256045690616e+03     9.993266267787110e+03
   33400           -1.17128491e+05            1.37902774e+00            9.98620874e-01            1.00137893e+00     9.966107717050412e+03     9.966269721627868e+03     9.966432072431069e+03     9.966594155508938e+03     9.966756304102280e+03     9.967404891154149e+03
   33600           -1.17311832e+05            3.54996051e+00            9.96460635e-01            1.00356060e+00     9.866587771320550e+03     9.867021109132937e+03     9.867454745435878e+03     9.867888154400109e+03     9.868321617838004e+03     9.870055464355459e+03
   33800           -1.17145851e+05            1.38877207e+00            9.98611113e-01            1.00138865e+00     1.003749273265449e+04     1.003765483437681e+04     1.003781723636995e+04     1.003797939092795e+04     1.003814161251676e+04     1.003879049237903e+04
   34000           -1.17238052e+05            1.93655791e+00            9.98065303e-01            1.00193842e+00     1.001805205160169e+04     1.001828327290860e+04     1.001851480800845e+04     1.001874609521224e+04     1.001897744561639e+04     1.001990283963110e+04
   34200           -1.17143569e+05            1.27458909e+00            9.98725859e-01            1.00127504e+00     9.991232104570408e+03     9.991380340801459e+03     9.991528845028815e+03     9.991677126631035e+03     9.991825469496178e+03     9.992418834421946e+03
   34400           -1.17123397e+05            1.70855972e+00            9.98295258e-01            1.00171239e+00     9.948628473106166e+03     9.948831051123032e+03     9.949034017804886e+03     9.949236701187303e+03     9.949439446405027e+03     9.950250419703889e+03
   34600           -1.17141722e+05            2.53710567e+00            9.97457555e-01            1.00253173e+00     9.974031248548356e+03     9.974337172650145e+03     9.974643391233936e+03     9.974949387807726e+03     9.975255436280579e+03     9.976479624012802e+03
   34800           -1.17282414e+05            9.14960880e-01            9.99079995e-01            1.00090991e+00     9.947315338448547e+03     9.947420105645750e+03     9.947525205176176e+03     9.947630037630852e+03     9.947734939281165e+03     9.948154540113783e+03
   35000           -1.17409453e+05            2.43883554e+00            9.97563396e-01            1.00244107e+00     1.006739746177393e+04     1.006769136180968e+04     1.006798564640928e+04     1.006827965572541e+04     1.006857372265250e+04     1.006974998353107e+04
   35200           -1.17258439e+05            1.90177508e+00            9.98089916e-01            1.00189343e+00     9.953681274760726e+03     9.953908019024273e+03     9.954135146815177e+03     9.954361986038888e+03     9.954588891826696e+03     9.955496508892667e+03
   35400           -1.17138361e+05            3.06966483e+00            9.96934369e-01            1.00307370e+00     9.931482049349543e+03     9.931854144598257e+03     9.932226590699573e+03     9.932598765268363e+03     9.932971006344846e+03     9.934459963340149e+03
   35600           -1.17028068e+05            3.13770021e+00            9.96868005e-01            1.00314342e+00     9.994551133999961e+03     9.994931834904828e+03     9.995312876652872e+03     9.995693665128400e+03     9.996074511415469e+03     9.997597888830978e+03
   35800           -1.17188467e+05            1.91139731e+00            9.98098206e-01            1.00192103e+00     9.953795830775402e+03     9.954024394365648e+03     9.954253364094810e+03     9.954482024153092e+03     9.954710756917853e+03     9.955625683060305e+03
   36000           -1.16929723e+05            1.45308013e+00            9.98554321e-01            1.00146050e+00     9.965168819505896e+03     9.965339114300643e+03     9.965509769064303e+03     9.965680169001602e+03     9.965850620601437e+03     9.966532421696977e+03
   36200           -1.17119149e+05            3.18030924e+00            9.96814408e-01            1.00317497e+00     1.004562223476426e+04     1.004600799146998e+04     1.004639407678116e+04     1.004677990897649e+04     1.004716580306986e+04     1.004870937137546e+04
   36400           -1.17028379e+05            1.44428549e+00            9.98554140e-01            1.00144270e+00     1.001272004508652e+04     1.001289022780135e+04     1.001306070966089e+04     1.001323095751537e+04     1.001340126407483e+04     1.001408248306314e+04
   36600           -1.17105281e+05            1.37335095e+00            9.98625068e-01            1.00137176e+00     1.002922171956016e+04     1.002938196580096e+04     1.002954257134456e+04     1.002970291327486e+04     1.002986331307607e+04     1.003050490659197e+04
   36800           -1.17375944e+05            1.07535904e+00            9.98931684e-01            1.00108242e+00     1.004637114760017e+04     1.004649372606950e+04     1.004661663941100e+04     1.004673930262478e+04     1.004686202311645e+04     1.004735289863273e+04
   37000           -1.17102392e+05            4.01600279e+00            9.95991776e-01            1.00402380e+00     9.967825495717947e+03     9.968318347502392e+03     9.968811576215918e+03     9.969304534770548e+03     9.969797550209541e+03     9.971769604701136e+03
   37200           -1.17104530e+05            5.07169424e+00            9.94932990e-01            1.00507634e+00     1.003276777742091e+04     1.003339037853387e+04     1.003401337619151e+04     1.003463606571937e+04     1.003525883067823e+04     1.003774988393554e+04
   37400           -1.17102073e+05            6.73032193e+00            9.93292334e-01            1.00675308e+00     1.001297764349189e+04     1.001380816310008e+04     1.001463900054560e+04     1.001546958185785e+04     1.001630023066390e+04     1.001962281783592e+04
   37600           -1.16902637e+05            5.40753775e+00            9.94600070e-01            1.00541512e+00     9.985611424641547e+03     9.986278269170418e+03     9.986945350819014e+03     9.987612225087425e+03     9.988279161053228e+03     9.990946897464906e+03
   37800           -1.17085948e+05            4.29085436e+00            9.95728673e-01            1.00431050e+00     1.001937613845830e+04     1.001990237752271e+04     1.002042894753737e+04     1.002095525267862e+04     1.002148162640729e+04     1.002358711435628e+04
   38000           -1.16906005e+05            2.84179593e+00            9.97159745e-01            1.00284333e+00     9.957832997024943e+03     9.958176592426074e+03     9.958520515202013e+03     9.958864180616472e+03     9.959207910350673e+03     9.960582823676403e+03
   38200           -1.17041989e+05            9.80976765e-01            9.99019519e-01            1.00098147e+00     9.995222792791745e+03     9.995335563288372e+03     9.995448612671900e+03     9.995561429305726e+03     9.995674310192735e+03     9.996125827593725e+03
   38400           -1.17038979e+05            3.84448424e-01            9.99620750e-01            1.00038965e+00     9.992750696656864e+03     9.992788140761359e+03     9.992825954163160e+03     9.992863490518263e+03     9.992901091150123e+03     9.993051485643382e+03
   38600           -1.17178710e+05            2.80442001e+00            9.97204542e-01            1.00281342e+00     9.909964762016842e+03     9.910304082414112e+03     9.910643700582070e+03     9.910983078382689e+03     9.911322519428479e+03     9.912680276840118e+03
   38800           -1.17469667e+05            1.45193622e+00            9.98544224e-01            1.00144808e+00     9.893164333390314e+03     9.893335073419990e+03     9.893506158399963e+03     9.893676981137145e+03     9.893847866641949e+03     9.894531399893584e+03
   39000           -1.17136332e+05            1.65062954e+00            9.98349015e-01            1.00165027e+00     9.966303719596102e+03     9.966498532230964e+03     9.966693704577858e+03     9.966888600155637e+03     9.967083562134347e+03     9.967863404672591e+03
   39200           -1.17248399e+05            9.01040776e-01            9.99103640e-01            1.00090573e+00     1.000110999585249e+04     1.000121133537598e+04     1.000131298197167e+04     1.000141439213090e+04     1.000151585972261e+04     1.000192172359272e+04
   39400           -1.17258423e+05            2.39941317e+00            9.97603608e-01            1.00240244e+00     1.000256497731141e+04     1.000285390101577e+04     1.000314312388276e+04     1.000343210396873e+04     1.000372114847711e+04     1.000487731964282e+04
   39600           -1.17056569e+05            4.23690757e+00            9.95781036e-01            1.00425495e+00     9.953923471578144e+03     9.954442073537675e+03     9.954961053080438e+03     9.955479737974953e+03     9.955998495520127e+03     9.958073519462110e+03
   39800           -1.16939504e+05            1.93845761e+00            9.98059638e-01            1.00193654e+00     1.003335927259165e+04     1.003358960227360e+04     1.003382025284260e+04     1.003405065133784e+04     1.003428111283706e+04     1.003520295308246e+04
   40000           -1.17175767e+05            1.58578619e+00            9.98411251e-01            1.00158281e+00     1.003120870254883e+04     1.003139659108170e+04     1.003158481545452e+04     1.003177278214217e+04     1.003196081099515e+04     1.003271291944147e+04
   40200           -1.17147950e+05            2.90263703e+00            9.97092558e-01            1.00289779e+00     9.966426915963008e+03     9.966778241922850e+03     9.967129871092699e+03     9.967481262545378e+03     9.967832713672366e+03     9.969238511381724e+03
   40400           -1.16810714e+05            1.81534186e+00            9.98183111e-01            1.00181378e+00     9.990716173406623e+03     9.990932588594866e+03     9.991149319911876e+03     9.991365811139342e+03     9.991582359470709e+03     9.992448545534797e+03
   40600           -1.16882283e+05            2.58629870e+00            9.97416143e-01            1.00258874e+00     1.003984021064973e+04     1.004015173734237e+04     1.004046357346096e+04     1.004077515675047e+04     1.004108680772382e+04     1.004233340479790e+04
   40800           -1.17043249e+05            7.99955356e+00            9.92037175e-01            1.00803653e+00     1.002632162679752e+04     1.002731018736799e+04     1.002829911778537e+04     1.002928777150681e+04     1.003027648881544e+04     1.003423135083337e+04
   41000           -1.17171247e+05            2.63035966e+00            9.97366741e-01            1.00262743e+00     9.936507627995932e+03     9.936825383588141e+03     9.937143459392340e+03     9.937461277273072e+03     9.937779162491277e+03     9.939050696986620e+03
   41200           -1.16959481e+05            1.01686730e+00            9.98981910e-01            1.00101564e+00     9.949635751808919e+03     9.949750808980896e+03     9.949866194086253e+03     9.949981327988569e+03     9.950096522594868e+03     9.950557293380816e+03
   41400           -1.17109743e+05            2.25639680e+00            9.97749220e-01            1.00226203e+00     9.922186193909398e+03     9.922458374408878e+03     9.922730844172083e+03     9.923003085509963e+03     9.923275385146544e+03     9.924364576383690e+03
   41600           -1.17005403e+05            4.93018445e+00            9.95080981e-01            1.00494138e+00     9.980750322686930e+03     9.981354284585041e+03     9.981958610926587e+03     9.982562665747215e+03     9.983166782577797e+03     9.985583242468663e+03
   41800           -1.17101984e+05            3.60515796e+00            9.96399378e-01            1.00360970e+00     9.973376254294799e+03     9.973816013251837e+03     9.974256131051692e+03     9.974695975689603e+03     9.975135885640431e+03     9.976895516986064e+03
   42000           -1.17335299e+05            2.62524186e+00            9.97386580e-01            1.00263711e+00     9.980100653571855e+03     9.980418028295355e+03     9.980735711942989e+03     9.981053165693455e+03     9.981370672292847e+03     9.982640691013841e+03
   42200           -1.17181177e+05            1.44029869e+00            9.98551272e-01            1.00143184e+00     9.972632307106993e+03     9.972801496916602e+03     9.972971023029153e+03     9.973140280603819e+03     9.973309607141136e+03     9.973986907175280e+03
   42400           -1.17152645e+05            2.20439436e+00            9.97801232e-01            1.00221004e+00     9.984047958705767e+03     9.984312415440389e+03     9.984577195932567e+03     9.984841724491198e+03     9.985106315352228e+03     9.986164671998689e+03
   42600           -1.17314533e+05            2.91073655e+00            9.97097271e-01            1.00291877e+00     9.891393114942812e+03     9.891746333337909e+03     9.892099841770359e+03     9.892453124171749e+03     9.892806462846283e+03     9.894219810749755e+03
   42800           -1.17407428e+05            4.76708501e+00            9.95237303e-01            1.00477144e+00     1.000796372318859e+04     1.000854925143200e+04     1.000913513512501e+04     1.000972075344429e+04     1.001030643252803e+04     1.001264914186747e+04
   43000           -1.17475351e+05            2.32663014e+00            9.97678538e-01            1.00233181e+00     1.002603290741042e+04     1.002631268374866e+04     1.002659280770159e+04     1.002687266666948e+04     1.002715258847706e+04     1.002827226954370e+04
   43200           -1.17323964e+05            1.52729571e+00            9.98472481e-01            1.00152707e+00     1.005727753281307e+04     1.005745764421241e+04     1.005763806435069e+04     1.005781824426800e+04     1.005799848345777e+04     1.005871943410248e+04
   43400           -1.17153487e+05            1.46134581e+00            9.98534541e-01            1.00145722e+00     1.002126310199246e+04     1.002143424637474e+04     1.002160572752892e+04     1.002177693631607e+04     1.002194821658354e+04     1.002263333117461e+04
   43600           -1.17143182e+05            2.32508506e+00            9.97674685e-01            1.00232485e+00     1.007784097129251e+04     1.007811995966346e+04     1.007839926670213e+04     1.007867831692781e+04     1.007895743469844e+04     1.008007389810437e+04
   43800           -1.17374091e+05            2.34646753e+00            9.97648360e-01            1.00234126e+00     9.970119296402048e+03     9.970400921722816e+03     9.970682876452536e+03     9.970964577687817e+03     9.971246339926525e+03     9.972373383451002e+03
   44000           -1.17413098e+05            4.24334020e+00            9.95774236e-01            1.00426101e+00     1.001750354457091e+04     1.001802331621864e+04     1.001854338941263e+04     1.001906322480697e+04     1.001958312022277e+04     1.002166269587463e+04
   44200           -1.17197750e+05            1.53625385e+00            9.98475865e-01            1.00154841e+00     1.003828104047778e+04     1.003846204984232e+04     1.003864341039102e+04     1.003882451353376e+04     1.003900567348927e+04     1.003973030650075e+04
   44400           -1.17399621e+05            2.12388533e+00            9.97869800e-01            1.00211754e+00     1.003324530662238e+04     1.003350024377957e+04     1.003375551060559e+04     1.003401051005874e+04     1.003426557977968e+04     1.003528585293697e+04
   44600           -1.16995657e+05            5.91260449e-01            9.99403027e-01            1.00058554e+00     1.005590951174417e+04     1.005597284379205e+04     1.005603649894034e+04     1.005609989901948e+04     1.005616336386081e+04     1.005641721597746e+04
   44800           -1.16818365e+05            1.22623466e+00            9.98786508e-01            1.00123901e+00     1.001169401717283e+04     1.001183677327717e+04     1.001197985810644e+04     1.001212268893059e+04     1.001226558230824e+04     1.001283714744365e+04
   45000           -1.16967771e+05            1.82061577e+00            9.98180046e-01            1.00182128e+00     1.011100766874556e+04     1.011122447373404e+04     1.011144158473731e+04     1.011165846080231e+04     1.011187539378265e+04     1.011274311881973e+04
   45200           -1.16935786e+05            1.51502317e+00            9.98475518e-01            1.00150553e+00     1.000411624667574e+04     1.000429470479580e+04     1.000447353768534e+04     1.000465209739762e+04     1.000483071606127e+04     1.000554518544681e+04
   45400           -1.17122089e+05            1.09474124e+00            9.98898292e-01            1.00108776e+00     9.988112720225934e+03     9.988238911172610e+03     9.988365516532183e+03     9.988491829191365e+03     9.988618201531001e+03     9.989123682836065e+03
   45600           -1.17299281e+05            1.95634694e+00            9.98043631e-01            1.00195632e+00     9.922075098447898e+03     9.922310145105843e+03     9.922545532036447e+03     9.922780656630450e+03     9.923015844615798e+03     9.923956590783700e+03
   45800           -1.17220759e+05            1.04691084e+00            9.98953802e-01            1.00104762e+00     9.971321979001508e+03     9.971441182255525e+03     9.971560688868898e+03     9.971679965746611e+03     9.971799297082824e+03     9.972276615164139e+03
   46000           -1.17299655e+05            1.19922866e+00            9.98802139e-01            1.00120060e+00     9.904210562033051e+03     9.904350054553022e+03     9.904489918096780e+03     9.904629511403986e+03     9.904769163247360e+03     9.905327764461668e+03
   46200           -1.16804719e+05            2.76278806e+00            9.97246925e-01            1.00277254e+00     1.004172074766476e+04     1.004205423546730e+04     1.004238806457003e+04     1.004272162193823e+04     1.004305524898408e+04     1.004438975030339e+04
   46400           -1.17102985e+05            2.74634683e+00            9.97253202e-01            1.00274588e+00     9.887109700954150e+03     9.887442691515051e+03     9.887775997741734e+03     9.888109059843811e+03     9.888442181513319e+03     9.889774662072487e+03
   46600           -1.17364075e+05            2.04821837e+00            9.97954705e-01            1.00205115e+00     9.966357167659842e+03     9.966602363267313e+03     9.966847849655900e+03     9.967093110473144e+03     9.967338427178771e+03     9.968319686697700e+03
   46800           -1.17213448e+05            2.79105544e+00            9.97211980e-01            1.00279409e+00     1.002366467274716e+04     1.002400300335910e+04     1.002434164835242e+04     1.002468005181422e+04     1.002501851403621e+04     1.002637235532526e+04
   47000           -1.16990813e+05            1.17110964e+00            9.98832103e-01            1.00117433e+00     9.971127646433217e+03     9.971261577218471e+03     9.971395867987574e+03     9.971529880466993e+03     9.971663960754593e+03     9.972200275075968e+03
   47200           -1.16716730e+05            8.52954941e-01            9.99146678e-01            1.00085259e+00     1.009424112283403e+04     1.009433744930119e+04     1.009443405972716e+04     1.009453043669389e+04     1.009462687668642e+04     1.009501263053881e+04
   47400           -1.16960299e+05            2.01783259e+00            9.97984481e-01            1.00202015e+00     9.980763843463066e+03     9.981005975518503e+03     9.981248420951684e+03     9.981490621053887e+03     9.981732882019129e+03     9.982701920575191e+03
   47600           -1.16925721e+05            2.25228586e+00            9.97757503e-01            1.00226211e+00     1.006030595973087e+04     1.006057799478497e+04     1.006085036522800e+04     1.006112248472011e+04     1.006139466152054e+04     1.006248336331022e+04
   47800           -1.17157588e+05            1.68563388e+00            9.98321318e-01            1.00169261e+00     1.005613705369361e+04     1.005633704999015e+04     1.005653741392023e+04     1.005673749999966e+04     1.005693765108259e+04     1.005773824847156e+04
   48000           -1.17130623e+05            1.16777649e+00            9.98835343e-01            1.00117090e+00     9.958911144051945e+03     9.959046585625450e+03     9.959182366031881e+03     9.959317900001410e+03     9.959453486728740e+03     9.959995829405534e+03
   48200           -1.17317163e+05            1.87855118e+00            9.98128099e-01            1.00188522e+00     1.004610347353706e+04     1.004632673678129e+04     1.004655030239020e+04     1.004677364731384e+04     1.004699704088072e+04     1.004789060822438e+04
   48400           -1.17188516e+05            4.87908879e+00            9.95130702e-01            1.00488890e+00     1.002059455251328e+04     1.002119300763045e+04     1.002179179910732e+04     1.002239032465040e+04     1.002298891766675e+04     1.002538328282021e+04
   48600           -1.17329657e+05            1.56758581e+00            9.98422356e-01            1.00155749e+00     1.008386212546493e+04     1.008404794807128e+04     1.008423409533726e+04     1.008441997604330e+04     1.008460592881138e+04     1.008534973215783e+04
   48800           -1.17195808e+05            2.73955626e+00            9.97267418e-01            1.00274655e+00     9.969647994056571e+03     9.969980799172225e+03     9.970313946926239e+03     9.970646829504976e+03     9.970979777245417e+03     9.972311560434260e+03
   49000           -1.17273569e+05            2.15831364e+00            9.97841221e-01            1.00215784e+00     9.985507123306885e+03     9.985766292891012e+03     9.986025780652984e+03     9.986285005316578e+03     9.986544301481399e+03     9.987581479655912e+03
   49200           -1.17086173e+05            4.55835333e+00            9.95450971e-01            1.00456770e+00     1.005987005519568e+04     1.006042916876128e+04     1.006098855990845e+04     1.006154773090577e+04     1.006210695799739e+04     1.006434386079910e+04
   49400           -1.17426217e+05            1.37260458e+00            9.98628802e-01            1.00137401e+00     9.990722162018963e+03     9.990881659930759e+03     9.991041473636780e+03     9.991201042694725e+03     9.991360672119121e+03     9.991999182219277e+03
   49600           -1.17264578e+05            6.57080223e-01            9.99337461e-01            1.00065161e+00     1.010489695595919e+04     1.010496859613650e+04     1.010504063768248e+04     1.010511238065606e+04     1.010518419117999e+04     1.010547142640079e+04
   49800           -1.17270870e+05            1.22801387e+00            9.98771519e-01            1.00122754e+00     1.009058689286000e+04     1.009072878066652e+04     1.009087104018682e+04     1.009101302518273e+04     1.009115507130752e+04     1.009172324975503e+04
   50000           -1.17107163e+05            7.01748141e-01            9.99300018e-01            1.00070352e+00     9.960553926619552e+03     9.960630655433435e+03     9.960707745560381e+03     9.960784554183263e+03     9.960861431938309e+03     9.961168937257065e+03
