#This file was generated on Sun Feb 23 11:46:19 2025
#Using the somd command, of the molecular library Sire version <2024.4.0.dev> 
#For more information visit: https://github.com/openbiosim/sire
#
#General information on simulation parameters:
#Simulation used 50000 moves, 1 cycles and 200 ps of simulation time
#Generating lambda is		 1.00000
#Alchemical array is		 (0.0, 0.125, 0.25, 0.375, 0.5, 1.0)
#Generating temperature is 	25°C
#Energy was saved every 200 steps 
#
#
#   [step]               [potential]                [gradient]      [forward Metropolis]     [backward Metropolis]                   [u_kl]
     200           -8.36809649e+04            8.09663561e-01            9.99190664e-01            1.00080999e+00     6.828756437749785e+03     6.828869973129478e+03     6.828983692794904e+03     6.829097287758969e+03     6.829210906356617e+03     6.829665374963449e+03
     400           -8.12442335e+04            6.43052354e-01            9.99357154e-01            1.00064326e+00     6.839571202304652e+03     6.839669276716201e+03     6.839767551190797e+03     6.839865673507049e+03     6.839963832487188e+03     6.840356462669725e+03
     600           -7.94531049e+04            1.46689528e+00            9.98534180e-01            1.00146797e+00     6.873477738870402e+03     6.873678821274816e+03     6.873880118835570e+03     6.874081259717720e+03     6.874282434855118e+03     6.875087130839835e+03
     800           -7.84635695e+04            2.56745444e+00            9.97435839e-01            1.00257075e+00     6.944112941088781e+03     6.944451801614637e+03     6.944790856794089e+03     6.945129768623033e+03     6.945468712926741e+03     6.946824484764702e+03
    1000           -7.79388374e+04            8.95312977e-01            9.99105088e-01            1.00089571e+00     6.781272748210276e+03     6.781404169850978e+03     6.781535808652296e+03     6.781667279243871e+03     6.781798790978383e+03     6.782324833746491e+03
    1200           -7.76343024e+04            1.24019345e+00            9.98760575e-01            1.00124096e+00     6.826984172152784e+03     6.827155424955565e+03     6.827326869171051e+03     6.827498171880941e+03     6.827669506915361e+03     6.828354841677938e+03
    1400           -7.73100657e+04            1.11292360e+00            9.98887695e-01            1.00111354e+00     6.885389869798532e+03     6.885545741221012e+03     6.885701814424062e+03     6.885857736466703e+03     6.886013693670214e+03     6.886637517541896e+03
    1600           -7.69102610e+04            1.14730864e+00            9.98853349e-01            1.00114797e+00     6.830562033863122e+03     6.830724647951733e+03     6.830887477683566e+03     6.831050150275273e+03     6.831212857283585e+03     6.831863680704048e+03
    1800           -7.69967900e+04            4.55809304e+00            9.95452279e-01            1.00456850e+00     6.800927524545908e+03     6.801516304124488e+03     6.802105283500271e+03     6.802694119833276e+03     6.803282986777021e+03     6.805638449008134e+03
    2000           -7.67686021e+04            9.22583601e-01            9.99077842e-01            1.00092301e+00     6.844114604963041e+03     6.844243625448400e+03     6.844372842454229e+03     6.844501914985411e+03     6.844631020253280e+03     6.845147435543519e+03
    2200           -7.66479370e+04            9.83878192e-01            9.99016606e-01            1.00098436e+00     6.809583962128992e+03     6.809721661956753e+03     6.809859566483381e+03     6.809997319539792e+03     6.810135107011631e+03     6.810686251894269e+03
    2400           -7.68207714e+04            1.20086992e+00            9.98799851e-01            1.00120159e+00     6.838541873316848e+03     6.838706861383493e+03     6.838872059701829e+03     6.839037096160429e+03     6.839202172343842e+03     6.839862471370836e+03
    2600           -7.68161364e+04            9.59489062e-01            9.99040971e-01            1.00095995e+00     6.797249449635540e+03     6.797385143149827e+03     6.797521081469380e+03     6.797656847821951e+03     6.797792648867732e+03     6.798335848099924e+03
    2800           -7.67657032e+04            9.30527072e-01            9.99069906e-01            1.00093096e+00     6.856883022076787e+03     6.857016704751644e+03     6.857150603753743e+03     6.857284349669289e+03     6.857418126945311e+03     6.857953231813833e+03
    3000           -7.67494162e+04            2.46593145e+00            9.97537106e-01            1.00246897e+00     6.865277163107463e+03     6.865603624504603e+03     6.865930308552459e+03     6.866256838798392e+03     6.866583398618542e+03     6.867889634129619e+03
    3200           -7.67127795e+04            1.23656070e+00            9.98764204e-01            1.00123733e+00     6.840955083737655e+03     6.841129354032611e+03     6.841303783217856e+03     6.841478083584399e+03     6.841652418453738e+03     6.842349753169821e+03
    3400           -7.67730520e+04            1.67980951e+00            9.98321601e-01            1.00168122e+00     6.829184099463127e+03     6.829413990953348e+03     6.829644044756955e+03     6.829873965478015e+03     6.830103922377390e+03     6.831023745291653e+03
    3600           -7.69345735e+04            1.02005989e+00            9.98980460e-01            1.00102058e+00     6.772429584419646e+03     6.772576181426250e+03     6.772723004378226e+03     6.772869662291922e+03     6.773016356436404e+03     6.773603128453162e+03
    3800           -7.68728196e+04            1.68585631e+00            9.98315564e-01            1.00168728e+00     6.832943109844352e+03     6.833168467809437e+03     6.833394024923549e+03     6.833619433549587e+03     6.833844876702318e+03     6.834746643560285e+03
    4000           -7.68823494e+04            1.87795224e+00            9.98123810e-01            1.00187972e+00     6.804654754022906e+03     6.804908444531802e+03     6.805162358252968e+03     6.805416101037100e+03     6.805669885060083e+03     6.806685016097261e+03
    4200           -7.66991585e+04            1.32558270e+00            9.98675295e-01            1.00132646e+00     6.965209362529684e+03     6.965395430213660e+03     6.965581646061622e+03     6.965767755956339e+03     6.965953888779242e+03     6.966698415028801e+03
    4400           -7.66761717e+04            8.34656624e-01            9.99165692e-01            1.00083501e+00     6.867452593995382e+03     6.867574954005507e+03     6.867697527959252e+03     6.867819959269165e+03     6.867942416018960e+03     6.868432238042537e+03
    4600           -7.66090240e+04            1.76425190e+00            9.98237303e-01            1.00176581e+00     6.832036884069823e+03     6.832274528967085e+03     6.832512401987238e+03     6.832750111085507e+03     6.832987855062934e+03     6.833938826056044e+03
    4800           -7.66394577e+04            2.40393109e+00            9.97598956e-01            1.00240682e+00     6.870583429520402e+03     6.870904716285038e+03     6.871226157148821e+03     6.871547470829463e+03     6.871868819445654e+03     6.873154209370905e+03
    5000           -7.68082892e+04            2.15511793e+00            9.97847203e-01            1.00215744e+00     6.862804530492384e+03     6.863092402055066e+03     6.863380452028056e+03     6.863668377812937e+03     6.863956328591510e+03     6.865108126690636e+03
    5200           -7.68682322e+04            1.18844001e+00            9.98812266e-01            1.00118915e+00     6.850591146232290e+03     6.850753941446141e+03     6.850916938984195e+03     6.851079788550552e+03     6.851242671004487e+03     6.851894195776684e+03
    5400           -7.66873914e+04            1.17636997e-01            9.99882370e-01            1.00011764e+00     6.811925571248785e+03     6.811955925044568e+03     6.811986506942335e+03     6.812016925323711e+03     6.812047377830010e+03     6.812169184411235e+03
    5600           -7.66557630e+04            1.59771119e+00            9.98403564e-01            1.00159899e+00     6.790601208501613e+03     6.790817473592304e+03     6.791033906187782e+03     6.791250205816507e+03     6.791466539952228e+03     6.792331871402845e+03
    5800           -7.66832103e+04            2.15983207e-01            9.99784040e-01            1.00021601e+00     6.889109264300228e+03     6.889153770191199e+03     6.889198432711300e+03     6.889242967400305e+03     6.889287536758574e+03     6.889465809216918e+03
    6000           -7.65157790e+04            1.45531034e+00            9.98545748e-01            1.00145637e+00     6.785183025315940e+03     6.785385587163668e+03     6.785588335394003e+03     6.785790946943849e+03     6.785993588886402e+03     6.786804152456864e+03
    6200           -7.66671625e+04            1.33067751e+00            9.98670207e-01            1.00133156e+00     6.807004496087381e+03     6.807188453804823e+03     6.807372579803671e+03     6.807556582710078e+03     6.807740612979983e+03     6.808476729872587e+03
    6400           -7.65921323e+04            9.73731715e-01            9.99026742e-01            1.00097421e+00     6.846287485167812e+03     6.846425338675794e+03     6.846563371113823e+03     6.846701261383516e+03     6.846839188956315e+03     6.847390892744817e+03
    6600           -7.67992236e+04            1.38514194e+00            9.98615817e-01            1.00138610e+00     6.864302086152930e+03     6.864494215550225e+03     6.864686567117328e+03     6.864878752498030e+03     6.865070976178748e+03     6.865839866204565e+03
    6800           -7.68361565e+04            8.89910807e-01            9.99110485e-01            1.00089031e+00     6.873664248147883e+03     6.873795106692491e+03     6.873926142754296e+03     6.874057040329052e+03     6.874187972578729e+03     6.874711697009576e+03
    7000           -7.68305144e+04            6.68944199e-01            9.99331279e-01            1.00066917e+00     6.873543976344690e+03     6.873644268615514e+03     6.873744762744571e+03     6.873845101028255e+03     6.873945477576018e+03     6.874346978807345e+03
    7200           -7.68906576e+04            1.61055613e+00            9.98390740e-01            1.00161185e+00     6.833165198533575e+03     6.833380115359967e+03     6.833595235553028e+03     6.833810208737889e+03     6.834025214063196e+03     6.834885229592817e+03
    7400           -7.65530871e+04            2.25702057e+00            9.97745525e-01            1.00225957e+00     6.793772569205647e+03     6.794071330776362e+03     6.794370309217952e+03     6.794669129218611e+03     6.794967984245162e+03     6.796163399284677e+03
    7600           -7.65758371e+04            2.00888230e+00            9.97993134e-01            1.00201090e+00     6.840384093021814e+03     6.840654878402631e+03     6.840925844180108e+03     6.841196662223753e+03     6.841467520555962e+03     6.842550948090109e+03
    7800           -7.65856308e+04            1.51378552e+00            9.98487360e-01            1.00151493e+00     6.806733659606018e+03     6.806939639455997e+03     6.807145798483944e+03     6.807351815402923e+03     6.807557869222508e+03     6.808382078838998e+03
    8000           -7.66665451e+04            2.66427985e+00            9.97339266e-01            1.00266783e+00     6.852328690594639e+03     6.852682209327980e+03     6.853035910760957e+03     6.853389469739642e+03     6.853743064496475e+03     6.855157438398312e+03
    8200           -7.65659330e+04            9.29019365e-01            9.99071412e-01            1.00092945e+00     6.898769569668352e+03     6.898905162003977e+03     6.899040948055282e+03     6.899176591012655e+03     6.899312266594750e+03     6.899854963521149e+03
    8400           -7.67784324e+04            2.15718060e+00            9.97845144e-01            1.00215951e+00     6.892334916582516e+03     6.892622320181144e+03     6.892909922764509e+03     6.893197376740279e+03     6.893484865084522e+03     6.894634813586528e+03
    8600           -7.67869438e+04            2.05495321e+00            9.97947157e-01            1.00205707e+00     6.774372873321962e+03     6.774646555317525e+03     6.774920411741728e+03     6.775194140561446e+03     6.775467897948798e+03     6.776562922575634e+03
    8800           -7.67731445e+04            2.05840122e+00            9.97943716e-01            1.00206052e+00     6.872238892551158e+03     6.872514808514382e+03     6.872790902368180e+03     6.873066853623747e+03     6.873342842432861e+03     6.874446792314565e+03
    9000           -7.67777350e+04            1.93087120e+00            9.98070992e-01            1.00193274e+00     6.790039109007594e+03     6.790301064822720e+03     6.790563179767095e+03     6.790825164485917e+03     6.791087185159166e+03     6.792135261310739e+03
    9200           -7.66840721e+04            7.14478346e-01            9.99285777e-01            1.00071473e+00     6.858810015909417e+03     6.858915324816906e+03     6.859020836825217e+03     6.859126195356424e+03     6.859231589780874e+03     6.859653163652331e+03
    9400           -7.65258904e+04            1.30978968e+00            9.98691068e-01            1.00131065e+00     6.842878354647411e+03     6.843060372453544e+03     6.843242595379709e+03     6.843424662343216e+03     6.843606766574731e+03     6.844335178502052e+03
    9600           -7.64882371e+04            1.34395704e+00            9.98656946e-01            1.00134486e+00     6.824179940593747e+03     6.824365176202324e+03     6.824550614866918e+03     6.824735901630750e+03     6.824921223115521e+03     6.825662505637295e+03
    9800           -7.66130628e+04            3.12280770e-01            9.99687768e-01            1.00031233e+00     6.831324445680191e+03     6.831379729958686e+03     6.831435205512484e+03     6.831490539912125e+03     6.831545906441207e+03     6.831767367202222e+03
   10000           -7.67029111e+04            6.48456764e-01            9.99351753e-01            1.00064867e+00     6.853851869734995e+03     6.853951312964730e+03     6.854050996519238e+03     6.854150521496626e+03     6.854250074113625e+03     6.854648278492255e+03
   10200           -7.64290068e+04            2.10986027e-01            9.99789036e-01            1.00021101e+00     6.810962501742379e+03     6.811008239871871e+03     6.811054226728555e+03     6.811100045236908e+03     6.811145894722840e+03     6.811329287703302e+03
   10400           -7.66206043e+04            2.76644269e-01            9.99723394e-01            1.00027668e+00     6.839030142838306e+03     6.839080384720230e+03     6.839130822725352e+03     6.839181114136189e+03     6.839231439049114e+03     6.839432735259920e+03
   10600           -7.65567553e+04            1.45344876e+00            9.98547607e-01            1.00145451e+00     6.879462893069041e+03     6.879665755984654e+03     6.879868850900281e+03     6.880071783827967e+03     6.880274748955749e+03     6.881086604842457e+03
   10800           -7.64902400e+04            7.97432569e-01            9.99202885e-01            1.00079775e+00     6.809893318890965e+03     6.810010480182823e+03     6.810127878044801e+03     6.810245109770408e+03     6.810362374925735e+03     6.810831430960506e+03
   11000           -7.66830318e+04            7.29117966e-01            9.99271148e-01            1.00072938e+00     6.873451551675560e+03     6.873562493070750e+03     6.873673658741581e+03     6.873784662817398e+03     6.873895701396012e+03     6.874339851116463e+03
   11200           -7.67555080e+04            1.72358133e+00            9.98277903e-01            1.00172507e+00     6.862156024153945e+03     6.862387496511935e+03     6.862619148663214e+03     6.862850663658712e+03     6.863082211568671e+03     6.864008398983397e+03
   11400           -7.64983929e+04            3.03457089e-01            9.99696589e-01            1.00030350e+00     6.837128928082710e+03     6.837180079430189e+03     6.837231400277768e+03     6.837282582859429e+03     6.837333802911653e+03     6.837538677740597e+03
   11600           -7.65171898e+04            4.31817567e+00            9.95691134e-01            1.00432751e+00     6.814358043436854e+03     6.814916467638954e+03     6.815475081960390e+03     6.816033563976739e+03     6.816592072644191e+03     6.818826101851529e+03
   11800           -7.65651721e+04            5.08311348e-01            9.99491818e-01            1.00050844e+00     6.824530145512645e+03     6.824610963108709e+03     6.824692017256970e+03     6.824772900143736e+03     6.824853819882196e+03     6.825177494251748e+03
   12000           -7.66713514e+04            1.91329891e+00            9.98088530e-01            1.00191513e+00     6.830987712148807e+03     6.831247511246539e+03     6.831507450541935e+03     6.831767277907482e+03     6.832027134691209e+03     6.833066557233610e+03
   12200           -7.69740502e+04            8.28873122e-01            9.99171470e-01            1.00082922e+00     6.887997239156954e+03     6.888119597378303e+03     6.888242197056496e+03     6.888364633190659e+03     6.888487099385955e+03     6.888976959614955e+03
   12400           -7.69147401e+04            1.94783232e+00            9.98054063e-01            1.00194973e+00     6.889322639791018e+03     6.889582895485447e+03     6.889843397406953e+03     6.890103730606437e+03     6.890364095366596e+03     6.891405550942174e+03
   12600           -7.65839295e+04            1.34772822e+00            9.98653180e-01            1.00134864e+00     6.899944294659832e+03     6.900129176919139e+03     6.900314249790637e+03     6.900499177687522e+03     6.900684140235048e+03     6.901423985810264e+03
   12800           -7.67560470e+04            2.32677987e+00            9.97675925e-01            1.00232949e+00     6.923290634615507e+03     6.923595760264211e+03     6.923901060640259e+03     6.924206224461472e+03     6.924511422241473e+03     6.925732209867439e+03
   13000           -7.64607690e+04            8.83583416e-01            9.99116807e-01            1.00088397e+00     6.851104340680354e+03     6.851233782021913e+03     6.851363413581379e+03     6.851492915215088e+03     6.851622442119533e+03     6.852140543558713e+03
   13200           -7.66881203e+04            1.94756648e+00            9.98054329e-01            1.00194946e+00     6.813697417370605e+03     6.813958398431974e+03     6.814219588639847e+03     6.814480629508725e+03     6.814741701626814e+03     6.815785985883022e+03
   13400           -7.66804479e+04            2.79190132e+00            9.97211992e-01            1.00279580e+00     6.891018119165294e+03     6.891387658935308e+03     6.891757361905846e+03     6.892126933639709e+03     6.892496540043639e+03     6.893974960921985e+03
   13600           -7.68533983e+04            2.99186449e+00            9.97012607e-01            1.00299634e+00     6.897752321121094e+03     6.898145827039833e+03     6.898539555056693e+03     6.898933131301276e+03     6.899326735967132e+03     6.900901150813170e+03
   13800           -7.68716831e+04            7.88907670e-01            9.99211403e-01            1.00078922e+00     6.867342041109900e+03     6.867460108248154e+03     6.867578315817058e+03     6.867696417622485e+03     6.867814545038233e+03     6.868287048966566e+03
   14000           -7.68848917e+04            1.97049037e+00            9.98031450e-01            1.00197243e+00     6.852812261583867e+03     6.853078662208165e+03     6.853345323773484e+03     6.853611799062237e+03     6.853878312650259e+03     6.854944363716649e+03
   14200           -7.66877954e+04            8.11447452e-01            9.99188882e-01            1.00081178e+00     6.854348686896530e+03     6.854468838649304e+03     6.854589245757417e+03     6.854709479602188e+03     6.854829745380192e+03     6.855310803863853e+03
   14400           -7.70089721e+04            5.85412832e-01            9.99414758e-01            1.00058558e+00     6.839187579298463e+03     6.839277339372761e+03     6.839367275082446e+03     6.839457075207139e+03     6.839546908701060e+03     6.839906238103657e+03
   14600           -7.68697821e+04            8.64834319e-01            9.99135540e-01            1.00086521e+00     6.845912669679697e+03     6.846038897722596e+03     6.846165317381317e+03     6.846291594976247e+03     6.846417904829245e+03     6.846923139978793e+03
   14800           -7.66866018e+04            9.22862815e-01            9.99077563e-01            1.00092329e+00     6.900836954983256e+03     6.900971565913939e+03     6.901106388249296e+03     6.901241054752109e+03     6.901375756315178e+03     6.901914557647100e+03
   15000           -7.67934851e+04            1.67166322e+00            9.98329733e-01            1.00167306e+00     6.844433004350816e+03     6.844662752318564e+03     6.844892704053235e+03     6.845122507410540e+03     6.845352343681183e+03     6.846271683011551e+03
   15200           -7.68089551e+04            1.84998834e+00            9.98151722e-01            1.00185170e+00     6.835130181663064e+03     6.835377759823786e+03     6.835625529734744e+03     6.835873151756615e+03     6.836120810001605e+03     6.837111438340146e+03
   15400           -7.67762047e+04            1.21780255e+00            9.98782939e-01            1.00121854e+00     6.810549711835213e+03     6.810718520918431e+03     6.810887579281435e+03     6.811056463178832e+03     6.811225381706719e+03     6.811901051578224e+03
   15600           -7.68720618e+04            1.30430000e+00            9.98696550e-01            1.00130515e+00     6.794739375687695e+03     6.794917041842519e+03     6.795094854700686e+03     6.795272542173331e+03     6.795450265992496e+03     6.796161156297297e+03
   15800           -7.69220566e+04            4.20849502e-01            9.99579239e-01            1.00042094e+00     6.830523173907169e+03     6.830593023703334e+03     6.830663076355389e+03     6.830732972989690e+03     6.830802907545823e+03     6.831082641184479e+03
   16000           -7.65188458e+04            2.13995295e+00            9.97862335e-01            1.00214224e+00     6.783491004721090e+03     6.783779293723430e+03     6.784067808372442e+03     6.784356150811962e+03     6.784644534361887e+03     6.785798064002684e+03
   16200           -7.65813279e+04            1.78831141e+00            9.98213287e-01            1.00178991e+00     6.819783305928694e+03     6.820025929566199e+03     6.820268739589294e+03     6.820511405997625e+03     6.820754107822726e+03     6.821724909716758e+03
   16400           -7.67442074e+04            1.32457835e+00            9.98676299e-01            1.00132546e+00     6.814944620798085e+03     6.815128506363756e+03     6.815312619846215e+03     6.815496573714039e+03     6.815680559811555e+03     6.816416498825024e+03
   16600           -7.68202850e+04            3.06275673e+00            9.96941929e-01            1.00306745e+00     6.777786368838250e+03     6.778186868651206e+03     6.778587544559550e+03     6.778988091579372e+03     6.779388667578285e+03     6.780990966318321e+03
   16800           -7.66805097e+04            9.85340863e-01            9.99015144e-01            1.00098583e+00     6.809994391218511e+03     6.810134402965692e+03     6.810274640992788e+03     6.810414720332571e+03     6.810554831696224e+03     6.811115272173937e+03
   17000           -7.68017222e+04            4.11311649e-01            9.99588773e-01            1.00041140e+00     6.806882283817205e+03     6.806950014521817e+03     6.807017943022345e+03     6.807085722947058e+03     6.807153537529143e+03     6.807424791241082e+03
   17200           -7.70361044e+04            6.20144845e-01            9.99380047e-01            1.00062034e+00     6.793127489240766e+03     6.793222500150408e+03     6.793317736575293e+03     6.793412805150393e+03     6.793507911863464e+03     6.793888334486162e+03
   17400           -7.67837059e+04            1.01135921e+00            9.98989152e-01            1.00101187e+00     6.838648678776248e+03     6.838793861895890e+03     6.838939297879714e+03     6.839084559680763e+03     6.839229855080667e+03     6.839811031385087e+03
   17600           -7.66162244e+04            1.99885060e+00            9.98003146e-01            1.00200085e+00     6.816094538630960e+03     6.816365871896975e+03     6.816637427416433e+03     6.816908820061230e+03     6.817180248875006e+03     6.818265959119053e+03
   17800           -7.66875773e+04            6.95684165e-01            9.99304558e-01            1.00069593e+00     6.875006307981286e+03     6.875111620445914e+03     6.875217111745006e+03     6.875322468063222e+03     6.875427856294508e+03     6.875849404607730e+03
   18000           -7.67183278e+04            8.26184359e-01            9.99174157e-01            1.00082653e+00     6.915711035677437e+03     6.915830763433745e+03     6.915950700488894e+03     6.916070473135955e+03     6.916190287280003e+03     6.916669538882569e+03
   18200           -7.68660229e+04            1.86961241e+00            9.98132134e-01            1.00187136e+00     6.818500665776894e+03     6.818752793987748e+03     6.819005150844218e+03     6.819257344118949e+03     6.819509572515531e+03     6.820518479254169e+03
   18400           -7.68224073e+04            3.63137744e-01            9.99636928e-01            1.00036320e+00     6.874516244898269e+03     6.874578528060664e+03     6.874641052198996e+03     6.874703404864131e+03     6.874765792925547e+03     6.875015340952826e+03
   18600           -7.65894551e+04            1.31886917e+00            9.98682000e-01            1.00131974e+00     6.926996820971247e+03     6.927181405822279e+03     6.927366211498971e+03     6.927550854242848e+03     6.927735533899280e+03     6.928474246827313e+03
   18800           -7.66053612e+04            2.24759519e+00            9.97754929e-01            1.00225012e+00     6.820504438728419e+03     6.820802292671026e+03     6.821100310429482e+03     6.821398196548202e+03     6.821696117647263e+03     6.822887796566110e+03
   19000           -7.66101936e+04            1.11847185e+00            9.98882153e-01            1.00111910e+00     6.931350002397572e+03     6.931507465718800e+03     6.931665154600077e+03     6.931822689542571e+03     6.931980253562357e+03     6.932610504727141e+03
   19200           -7.66898095e+04            1.96696861e+00            9.98034965e-01            1.00196890e+00     6.829146860154059e+03     6.829411439306716e+03     6.829676217608399e+03     6.829940844637382e+03     6.830205507568568e+03     6.831264154983078e+03
   19400           -7.69087175e+04            2.47983207e+00            9.97523240e-01            1.00248291e+00     6.872021711731034e+03     6.872353287502939e+03     6.872685069171494e+03     6.873016697989469e+03     6.873348361495433e+03     6.874675011259833e+03
   19600           -7.67630318e+04            1.05675145e+00            9.98943807e-01            1.00105731e+00     6.900832169295017e+03     6.900984256778254e+03     6.901136564878061e+03     6.901288713735091e+03     6.901440897136781e+03     6.902049624978546e+03
   19800           -7.68737223e+04            1.76202810e+00            9.98239523e-01            1.00176358e+00     6.780116356590192e+03     6.780349252307803e+03     6.780582392579773e+03     6.780815370163677e+03     6.781048375221600e+03     6.781980393853007e+03
   20000           -7.67819234e+04            1.30514323e+00            9.98695708e-01            1.00130600e+00     6.830101601765415e+03     6.830283733663240e+03     6.830466110727759e+03     6.830648309037999e+03     6.830830546425058e+03     6.831559491084701e+03
   20200           -7.63753431e+04            2.50741237e+00            9.97495729e-01            1.00251056e+00     6.881642419551721e+03     6.881974204769652e+03     6.882306248084983e+03     6.882638111052517e+03     6.882970010259132e+03     6.884297600966544e+03
   20400           -7.65140481e+04            1.43055922e+00            9.98570464e-01            1.00143158e+00     6.901268858548295e+03     6.901465629782855e+03     6.901662600495012e+03     6.901859426042876e+03     6.902056283155825e+03     6.902843707763354e+03
   20600           -7.65025420e+04            1.68050398e+00            9.98320907e-01            1.00168192e+00     6.811189557096061e+03     6.811418270825861e+03     6.811647203448734e+03     6.811875974617356e+03     6.812104781984641e+03     6.813020006873221e+03
   20800           -7.66106858e+04            4.21493996e-01            9.99578595e-01            1.00042158e+00     6.809684775693678e+03     6.809754150566663e+03     6.809823749231393e+03     6.809893189267946e+03     6.809962662121136e+03     6.810240548548590e+03
   21000           -7.69460252e+04            3.18454798e-01            9.99681596e-01            1.00031851e+00     6.852257312343385e+03     6.852317938510018e+03     6.852378820931076e+03     6.852439524670940e+03     6.852500263530042e+03     6.852743214716699e+03
   21200           -7.67697983e+04            6.09008272e-01            9.99391177e-01            1.00060919e+00     6.781679251040689e+03     6.781769671061889e+03     6.781860337062246e+03     6.781950833946518e+03     6.782041363236342e+03     6.782403475431994e+03
   21400           -7.66629167e+04            1.36045609e+00            9.98640469e-01            1.00136138e+00     6.884312524958612e+03     6.884503180939920e+03     6.884694046936947e+03     6.884884755992233e+03     6.885075501576433e+03     6.885838478194255e+03
   21600           -7.64566912e+04            9.72711371e-01            9.99027762e-01            1.00097318e+00     6.873451524097840e+03     6.873589719366328e+03     6.873728158400608e+03     6.873866432351810e+03     6.874004737145243e+03     6.874557950192644e+03
   21800           -7.63734337e+04            8.59058681e-01            9.99141310e-01            1.00085943e+00     6.834103535686600e+03     6.834225654753355e+03     6.834347954061450e+03     6.834470128591783e+03     6.834592327894209e+03     6.835081120101819e+03
   22000           -7.66137265e+04            8.09003715e-01            9.99191323e-01            1.00080933e+00     6.833500829657778e+03     6.833617259660926e+03     6.833733896880977e+03     6.833850381018162e+03     6.833966899800118e+03     6.834432969942457e+03
   22200           -7.67379906e+04            3.75156415e+00            9.96255464e-01            1.00375861e+00     6.784493772119371e+03     6.784980706792726e+03     6.785467786311512e+03     6.785954741000777e+03     6.786441732352342e+03     6.788389692585314e+03
   22400           -7.65924700e+04            2.52878801e+00            9.97474407e-01            1.00253199e+00     6.838891163237963e+03     6.839222240580601e+03     6.839553490117609e+03     6.839884612327546e+03     6.840215763446382e+03     6.841540363654801e+03
   22600           -7.67986308e+04            2.31331402e+00            9.97689360e-01            1.00231599e+00     6.824673991994681e+03     6.824978823226641e+03     6.825283840028740e+03     6.825588715522024e+03     6.825893625037173e+03     6.827113258079666e+03
   22800           -7.67833701e+04            2.23290884e+00            9.97769582e-01            1.00223540e+00     6.775157940421694e+03     6.775454315621962e+03     6.775750950517675e+03     6.776047400558633e+03     6.776343889021326e+03     6.777529837620958e+03
   23000           -7.67826196e+04            1.64771561e+00            9.98353641e-01            1.00164907e+00     6.786056534991367e+03     6.786279249382103e+03     6.786502188941590e+03     6.786724971851027e+03     6.786947785517587e+03     6.787839036043808e+03
   23200           -7.65936684e+04            1.14761701e+00            9.98853041e-01            1.00114828e+00     6.780139880324709e+03     6.780303763380633e+03     6.780467807692545e+03     6.780631729453968e+03     6.780795680720941e+03     6.781451481117173e+03
   23400           -7.69391699e+04            1.25504489e+00            9.98745742e-01            1.00125583e+00     6.734095387965889e+03     6.734267962556935e+03     6.734440773750956e+03     6.734613413183710e+03     6.734786089532776e+03     6.735476791099662e+03
   23600           -7.68959556e+04            1.53881553e+00            9.98462368e-01            1.00154000e+00     6.826433191710916e+03     6.826639365863706e+03     6.826845741157850e+03     6.827051977130825e+03     6.827258240614411e+03     6.828083289517906e+03
   23800           -7.66994004e+04            7.46769364e-01            9.99253509e-01            1.00074705e+00     6.809891919211804e+03     6.810004248995876e+03     6.810116817781482e+03     6.810229210695526e+03     6.810341642464815e+03     6.810791365717827e+03
   24000           -7.65885582e+04            1.23180046e+00            9.98768958e-01            1.00123256e+00     6.832286447246734e+03     6.832456780892838e+03     6.832627320665592e+03     6.832797710647570e+03     6.832968133436476e+03     6.833649819626218e+03
   24200           -7.66326925e+04            1.07762949e+00            9.98922951e-01            1.00107821e+00     6.851694814725477e+03     6.851846584295986e+03     6.851998520382585e+03     6.852150324287032e+03     6.852302162607838e+03     6.852909510490199e+03
   24400           -7.65928357e+04            1.78591863e+00            9.98215675e-01            1.00178751e+00     6.867129611782799e+03     6.867370560712657e+03     6.867611659299998e+03     6.867852637550959e+03     6.868093647913627e+03     6.869057684044455e+03
   24600           -7.68350806e+04            7.42828489e-01            9.99257447e-01            1.00074310e+00     6.886785878893861e+03     6.886896346112434e+03     6.887007051328908e+03     6.887117586269399e+03     6.887228157058350e+03     6.887670435222840e+03
   24800           -7.68754756e+04            1.84252390e+00            9.98159173e-01            1.00184422e+00     6.842794744173021e+03     6.843042433067255e+03     6.843290350460742e+03     6.843538109934294e+03     6.843785899780467e+03     6.844777055387913e+03
   25000           -7.69521847e+04            5.89553101e-01            9.99410621e-01            1.00058973e+00     6.790481396517607e+03     6.790575043002186e+03     6.790668918039785e+03     6.790762627875200e+03     6.790856373190903e+03     6.791231349864200e+03
   25200           -7.68697503e+04            3.51094548e+00            9.96495211e-01            1.00351712e+00     6.851280182763555e+03     6.851733812279637e+03     6.852187668296671e+03     6.852641365044023e+03     6.853095094113755e+03     6.854910005463957e+03
   25400           -7.66929097e+04            6.64350199e-01            9.99335870e-01            1.00066457e+00     6.866921284944230e+03     6.867018485010771e+03     6.867115867239288e+03     6.867213108013457e+03     6.867310383904061e+03     6.867699482863893e+03
   25600           -7.69221743e+04            7.81363550e-01            9.99218942e-01            1.00078167e+00     6.753377602696073e+03     6.753495720374861e+03     6.753614067610298e+03     6.753732249281193e+03     6.753850466332684e+03     6.754323329969298e+03
   25800           -7.69246155e+04            1.55406649e+00            9.98447140e-01            1.00155527e+00     6.900576135955780e+03     6.900790275702680e+03     6.901004599436608e+03     6.901218792507361e+03     6.901433012353560e+03     6.902289888751339e+03
   26000           -7.69863019e+04            4.25508750e-01            9.99574582e-01            1.00042560e+00     6.828337020472903e+03     6.828409346238695e+03     6.828481876984133e+03     6.828554256717018e+03     6.828626670326363e+03     6.828916320179823e+03
   26200           -7.67488202e+04            1.82359959e-01            9.99817657e-01            1.00018238e+00     6.857912052702171e+03     6.857955100579095e+03     6.857998396092957e+03     6.858041506616629e+03     6.858084659575614e+03     6.858257266449055e+03
   26400           -7.67796209e+04            7.08719242e-01            9.99291532e-01            1.00070897e+00     6.865253772075265e+03     6.865360628818637e+03     6.865467766581620e+03     6.865574713732505e+03     6.865681695541325e+03     6.866109619007384e+03
   26600           -7.68998260e+04            2.93891711e-01            9.99706151e-01            1.00029393e+00     6.810358054601474e+03     6.810411356641549e+03     6.810464876099119e+03     6.810518228007984e+03     6.810571620807060e+03     6.810785187012647e+03
   26800           -7.68073470e+04            1.05393294e+00            9.98946622e-01            1.00105449e+00     6.856737422121408e+03     6.856886964636286e+03     6.857036704779811e+03     6.857186290789558e+03     6.857335915212640e+03     6.857934408303872e+03
   27000           -7.69054623e+04            1.39773588e+00            9.98603240e-01            1.00139871e+00     6.817142062203432e+03     6.817334891955994e+03     6.817527908243496e+03     6.817720771633559e+03     6.817913676561913e+03     6.818685290920394e+03
   27200           -7.67232320e+04            2.54618078e+00            9.97457058e-01            1.00254943e+00     6.842748119043351e+03     6.843081994661003e+03     6.843416092884563e+03     6.843750031738796e+03     6.844084004034694e+03     6.845419889026036e+03
   27400           -7.67861254e+04            5.93484268e-01            9.99406692e-01            1.00059366e+00     6.732525248056447e+03     6.732611892721702e+03     6.732698782879233e+03     6.732785502454204e+03     6.732872255966776e+03     6.733219263877106e+03
   27600           -7.66906838e+04            2.16327729e+00            9.97839061e-01            1.00216562e+00     6.782355284570354e+03     6.782640668166545e+03     6.782926270545287e+03     6.783211705992749e+03     6.783497181331548e+03     6.784639078092741e+03
   27800           -7.67790185e+04            3.95912507e+00            9.96048702e-01            1.00396697e+00     6.756816329750721e+03     6.757328210674986e+03     6.757840252368361e+03     6.758352176710860e+03     6.758864127421069e+03     6.760911925091417e+03
   28000           -7.67636803e+04            6.34867424e-01            9.99365334e-01            1.00063507e+00     6.779764270135620e+03     6.779859645310315e+03     6.779955209275135e+03     6.780050626162770e+03     6.780146079833212e+03     6.780527889530805e+03
   28200           -7.67451554e+04            5.46040964e-01            9.99454108e-01            1.00054619e+00     6.806844703217070e+03     6.806933086669189e+03     6.807021679399239e+03     6.807110110880209e+03     6.807198581874286e+03     6.807552460531503e+03
   28400           -7.67698478e+04            2.39424417e+00            9.97608620e-01            1.00239711e+00     6.766555273087148e+03     6.766870776293844e+03     6.767186465279770e+03     6.767502015713120e+03     6.767817597995320e+03     6.769079922903492e+03
   28600           -7.67596825e+04            9.03465891e-01            9.99096942e-01            1.00090387e+00     6.809995574143691e+03     6.810127699140926e+03     6.810260016557485e+03     6.810392177615235e+03     6.810524380711972e+03     6.811053187280255e+03
   28800           -7.69416258e+04            1.59235100e-01            9.99840778e-01            1.00015925e+00     6.833665511120583e+03     6.833703490121561e+03     6.833741688816128e+03     6.833779721125101e+03     6.833817792912080e+03     6.833970074703578e+03
   29000           -7.65984064e+04            3.54609944e+00            9.96460181e-01            1.00355239e+00     6.912521621572828e+03     6.912981305799619e+03     6.913441211613754e+03     6.913900952603559e+03     6.914360731340784e+03     6.916199841108740e+03
   29200           -7.68793573e+04            7.93491683e-01            9.99206823e-01            1.00079381e+00     6.833823824347063e+03     6.833937779100334e+03     6.834051916556227e+03     6.834165920667419e+03     6.834279954306471e+03     6.834736084265880e+03
   29400           -7.66822589e+04            2.40156791e+00            9.97601314e-01            1.00240445e+00     6.883363756618580e+03     6.883677688142427e+03     6.883991808342890e+03     6.884305791277053e+03     6.884619804640494e+03     6.885875852662409e+03
   29600           -7.67567339e+04            2.13659183e+00            9.97865689e-01            1.00213888e+00     6.870372220321393e+03     6.870655942443836e+03     6.870939878046915e+03     6.871223664928561e+03     6.871507481432996e+03     6.872642742544601e+03
   29800           -7.65606036e+04            1.82520146e+00            9.98176463e-01            1.00182687e+00     6.927517796161842e+03     6.927763395951469e+03     6.928009236979889e+03     6.928254907273926e+03     6.928500612143754e+03     6.929483428125665e+03
   30000           -7.66826923e+04            2.70026867e+00            9.97303374e-01            1.00270392e+00     6.837206190165279e+03     6.837562648549435e+03     6.837919290914650e+03     6.838275786979765e+03     6.838632321027528e+03     6.840058451889778e+03
   30200           -7.67163813e+04            1.77018631e+00            9.98231380e-01            1.00177175e+00     6.847046324726767e+03     6.847290287748760e+03     6.847534472782248e+03     6.847778495067742e+03     6.848022553761737e+03     6.848998782796707e+03
   30400           -7.65940511e+04            2.02035716e+00            9.97981682e-01            1.00202240e+00     6.819123315788572e+03     6.819393471537747e+03     6.819663862868344e+03     6.819934085462019e+03     6.820204343792119e+03     6.821285371795666e+03
   30600           -7.65804665e+04            1.95465565e+00            9.98047253e-01            1.00195657e+00     6.771810724246027e+03     6.772072411189914e+03     6.772334282748101e+03     6.772596006219033e+03     6.772857768403306e+03     6.773904812560586e+03
   30800           -7.66452842e+04            1.41075916e+00            9.98590235e-01            1.00141175e+00     6.831347780432015e+03     6.831540228631674e+03     6.831732936484957e+03     6.831925463250696e+03     6.832118025987619e+03     6.832888271543222e+03
   31000           -7.65034455e+04            8.02011903e-01            9.99198310e-01            1.00080233e+00     6.857009906558143e+03     6.857131916611571e+03     6.857254088273453e+03     6.857376133504550e+03     6.857498210308573e+03     6.857986514059004e+03
   31200           -7.66192794e+04            8.23757424e-01            9.99176582e-01            1.00082410e+00     6.809001049354285e+03     6.809123152898716e+03     6.809245463450963e+03     6.809367612600039e+03     6.809489802012475e+03     6.809978554670664e+03
   31400           -7.64602726e+04            2.18035170e+00            9.97822024e-01            1.00218273e+00     6.828505776984419e+03     6.828796022029776e+03     6.829086466233121e+03     6.829376760771142e+03     6.829667090269716e+03     6.830828403555012e+03
   31600           -7.63924689e+04            8.03809282e-01            9.99196514e-01            1.00080413e+00     6.882272690646749e+03     6.882394665225060e+03     6.882516857313465e+03     6.882638894394670e+03     6.882760963965448e+03     6.883249237284149e+03
   31800           -7.65839915e+04            1.24026206e+00            9.98760507e-01            1.00124103e+00     6.878144227911597e+03     6.878316016723048e+03     6.878488006983512e+03     6.878659866330269e+03     6.878831747212525e+03     6.879519266513451e+03
   32000           -7.68353837e+04            3.54522768e+00            9.96461049e-01            1.00355152e+00     6.892749245653967e+03     6.893210460389700e+03     6.893671908762320e+03     6.894133191638529e+03     6.894594508773359e+03     6.896439771892751e+03
   32200           -7.68037544e+04            4.07535059e+00            9.95932942e-01            1.00408367e+00     6.725159323532765e+03     6.725684723131327e+03     6.726210330630813e+03     6.726735790826197e+03     6.727261281286575e+03     6.729363239040385e+03
   32400           -7.69070805e+04            1.58051955e+00            9.98420729e-01            1.00158177e+00     6.746751710960260e+03     6.746965534597352e+03     6.747179548461312e+03     6.747393424479680e+03     6.747607330774617e+03     6.748462950588973e+03
   32600           -7.65623835e+04            2.67834169e-01            9.99732202e-01            1.00026787e+00     6.816450580946776e+03     6.816504714503842e+03     6.816559037579857e+03     6.816613224700491e+03     6.816667440817392e+03     6.816884300688008e+03
   32800           -7.67174586e+04            4.94580896e-01            9.99505541e-01            1.00049470e+00     6.818762065793750e+03     6.818840383709526e+03     6.818918924311860e+03     6.818997302623770e+03     6.819075716566441e+03     6.819389367339132e+03
   33000           -7.66981610e+04            2.20553376e-01            9.99779471e-01            1.00022058e+00     6.779535235343618e+03     6.779583593200844e+03     6.779632199806171e+03     6.779680626059559e+03     6.779729091421855e+03     6.779922947500091e+03
   33200           -7.66500786e+04            9.85799227e-01            9.99014687e-01            1.00098629e+00     6.827505003802603e+03     6.827645164375516e+03     6.827785547876934e+03     6.827925792302306e+03     6.828066056537436e+03     6.828627109272271e+03
   33400           -7.69274156e+04            5.60856373e-01            9.99439301e-01            1.00056101e+00     6.784324406862004e+03     6.784408415963602e+03     6.784492692897223e+03     6.784576781677418e+03     6.784660908403482e+03     6.784997409944959e+03
   33600           -7.69577182e+04            1.75589633e+00            9.98245644e-01            1.00175744e+00     6.770744032264977e+03     6.770980306373183e+03     6.771216820050451e+03     6.771453166545563e+03     6.771689546423278e+03     6.772635060581580e+03
   33800           -7.68765580e+04            7.78009520e-01            9.99222293e-01            1.00077831e+00     6.828127161129362e+03     6.828242910736027e+03     6.828358806245519e+03     6.828474584528843e+03     6.828590393736540e+03     6.829053626343718e+03
   34000           -7.68980388e+04            1.71339800e+00            9.98288069e-01            1.00171487e+00     6.895340328064444e+03     6.895572520831743e+03     6.895804904447204e+03     6.896037147608025e+03     6.896269422069769e+03     6.897198516075095e+03
   34200           -7.69400602e+04            6.12364139e-01            9.99387823e-01            1.00061255e+00     6.810484265802927e+03     6.810578434126825e+03     6.810672831959580e+03     6.810767063892224e+03     6.810861331195566e+03     6.811238396588205e+03
   34400           -7.68922122e+04            1.63958101e+00            9.98361762e-01            1.00164093e+00     6.829687858824767e+03     6.829913873711601e+03     6.830140055511796e+03     6.830366098922089e+03     6.830592180749870e+03     6.831496502674973e+03
   34600           -7.69220786e+04            9.69568215e-01            9.99030902e-01            1.00097004e+00     6.792625226124469e+03     6.792760835458950e+03     6.792896677411753e+03     6.793032363009154e+03     6.793168076820883e+03     6.793710927517299e+03
   34800           -7.67751216e+04            1.32510181e+00            9.98675776e-01            1.00132598e+00     6.883442393866831e+03     6.883625102874767e+03     6.883807978404768e+03     6.883990731166975e+03     6.884173511781430e+03     6.884904629696030e+03
   35000           -7.67299956e+04            1.50067560e+00            9.98500450e-01            1.00150180e+00     6.808644042929190e+03     6.808849130694015e+03     6.809054396964734e+03     6.809259521030574e+03     6.809464682060400e+03     6.810285321191610e+03
   35200           -7.67333726e+04            2.26478401e+00            9.97737779e-01            1.00226735e+00     6.758463976878616e+03     6.758764010629780e+03     6.759064229649399e+03     6.759364315641638e+03     6.759664430386704e+03     6.760864883894794e+03
   35400           -7.67269488e+04            2.62128071e+00            9.97382152e-01            1.00262472e+00     6.795396115228234e+03     6.795743937056074e+03     6.796091987311481e+03     6.796439867778541e+03     6.796787786691234e+03     6.798179458154234e+03
   35600           -7.64738664e+04            1.17010507e+00            9.98830579e-01            1.00117079e+00     6.834707185599608e+03     6.834871239084960e+03     6.835035487373259e+03     6.835199582899465e+03     6.835363717004971e+03     6.836020248410334e+03
   35800           -7.65069437e+04            3.56096061e-01            9.99643967e-01            1.00035616e+00     6.762567613772747e+03     6.762631456612582e+03     6.762695500844680e+03     6.762759398531743e+03     6.762823328570968e+03     6.763079043369190e+03
   36000           -7.64559386e+04            3.30323946e+00            9.96702210e-01            1.00330870e+00     6.824103828730215e+03     6.824533006210188e+03     6.824962367838493e+03     6.825391584212147e+03     6.825820837421442e+03     6.827537846112668e+03
   36200           -7.65047249e+04            3.03977517e+00            9.96964840e-01            1.00304440e+00     6.787414921445353e+03     6.787812946716583e+03     6.788211200236157e+03     6.788609290895726e+03     6.789007415439783e+03     6.790599909434212e+03
   36400           -7.67327976e+04            3.04842588e+00            9.96956216e-01            1.00305308e+00     6.780562882507805e+03     6.780961777134499e+03     6.781360873625400e+03     6.781759814928814e+03     6.782158794178191e+03     6.783754705848577e+03
   36600           -7.66796983e+04            1.78841632e+00            9.98213182e-01            1.00179002e+00     6.784302528968876e+03     6.784540125518240e+03     6.784777947463367e+03     6.785015605154681e+03     6.785253299001347e+03     6.786204069033817e+03
   36800           -7.63861535e+04            8.88601943e-01            9.99111793e-01            1.00088900e+00     6.858889671747643e+03     6.859018257214845e+03     6.859147029763609e+03     6.859275660185667e+03     6.859404324813690e+03     6.859918977879737e+03
   37000           -7.65927049e+04            8.66365462e-01            9.99134010e-01            1.00086674e+00     6.838603161773899e+03     6.838728738324279e+03     6.838854494500677e+03     6.838980123325130e+03     6.839105778826165e+03     6.839608395878431e+03
   37200           -7.66885010e+04            6.19619554e-01            9.99380572e-01            1.00061981e+00     6.790182546096640e+03     6.790272682966260e+03     6.790363040551020e+03     6.790453227615808e+03     6.790543456447394e+03     6.790904366798147e+03
   37400           -7.69305756e+04            1.70530559e+00            9.98296148e-01            1.00170676e+00     6.741195131854321e+03     6.741425365865290e+03     6.741655854649131e+03     6.741886162088314e+03     6.742116507560174e+03     6.743037883266026e+03
   37600           -7.67010049e+04            6.59218165e-01            9.99340999e-01            1.00065944e+00     6.877609671991901e+03     6.877712771534993e+03     6.877816065337398e+03     6.877919220225052e+03     6.878022404367351e+03     6.878435136742801e+03
   37800           -7.64621553e+04            5.25050500e-01            9.99475087e-01            1.00052519e+00     6.796050610832811e+03     6.796131191758202e+03     6.796211948811840e+03     6.796292581480855e+03     6.796373239883077e+03     6.796695868933344e+03
   38000           -7.67204485e+04            1.31580670e+00            9.98685059e-01            1.00131667e+00     6.811667728607053e+03     6.811847804559616e+03     6.812028093801647e+03     6.812208234425016e+03     6.812388404298361e+03     6.813109079989670e+03
   38200           -7.69679467e+04            2.23772443e+00            9.97764777e-01            1.00224023e+00     6.791099370835176e+03     6.791397865742530e+03     6.791696537623449e+03     6.791995067358435e+03     6.792293634802758e+03     6.793487898770340e+03
   38400           -7.67257740e+04            7.10335009e-01            9.99289917e-01            1.00071059e+00     6.831505445052620e+03     6.831612758336018e+03     6.831720322034263e+03     6.831827712800326e+03     6.831935136790796e+03     6.832364828528971e+03
   38600           -7.68548798e+04            1.26325921e+00            9.98737538e-01            1.00126406e+00     6.824143664327979e+03     6.824316548630173e+03     6.824489618490563e+03     6.824662539582848e+03     6.824835499794332e+03     6.825527335260686e+03
   38800           -7.64966059e+04            1.43295273e+00            9.98568073e-01            1.00143398e+00     6.791304570069656e+03     6.791503871622735e+03     6.791703359397119e+03     6.791902710210202e+03     6.792102091911909e+03     6.792899613754163e+03
   39000           -7.65352781e+04            1.16441522e+00            9.98836262e-01            1.00116509e+00     6.801989831548648e+03     6.802153420218897e+03     6.802317173296417e+03     6.802480788607687e+03     6.802644442758871e+03     6.803299053969095e+03
   39200           -7.66234761e+04            1.69421280e+00            9.98307222e-01            1.00169565e+00     6.854802720623077e+03     6.855031102823483e+03     6.855259696392717e+03     6.855488144290616e+03     6.855716620762122e+03     6.856630520901168e+03
   39400           -7.67749341e+04            2.11101924e+00            9.97891207e-01            1.00211325e+00     6.793628372739780e+03     6.793908954686077e+03     6.794189731865447e+03     6.794470362921512e+03     6.794751027881854e+03     6.795873683023926e+03
   39600           -7.67155726e+04            7.95768334e-01            9.99204548e-01            1.00079609e+00     6.793877667294076e+03     6.793998602223734e+03     6.794119742422774e+03     6.794240720643019e+03     6.794361739710346e+03     6.794845812126617e+03
   39800           -7.66627227e+04            1.48884112e+00            9.98512267e-01            1.00148995e+00     6.853481634064776e+03     6.853687997136877e+03     6.853894544688865e+03     6.854100960151949e+03     6.854307403805186e+03     6.855133173545597e+03
   40000           -7.66816770e+04            1.17114912e+00            9.98829536e-01            1.00117184e+00     6.770041397592549e+03     6.770206228739809e+03     6.770371318071094e+03     6.770536238607956e+03     6.770701187268884e+03     6.771360976945218e+03
   40200           -7.67745875e+04            5.75304871e-01            9.99424861e-01            1.00057547e+00     6.834628500544621e+03     6.834720424879393e+03     6.834812543195687e+03     6.834904517100412e+03     6.834996524398262e+03     6.835364548251903e+03
   40400           -7.68889048e+04            1.16718267e+00            9.98833498e-01            1.00116786e+00     6.807240899320012e+03     6.807403416144115e+03     6.807566187302003e+03     6.807728774230911e+03     6.807891400848041e+03     6.808541902376070e+03
   40600           -7.67921230e+04            1.71179506e+00            9.98289669e-01            1.00171326e+00     6.880661632323548e+03     6.880896331831519e+03     6.881131236555106e+03     6.881365993297668e+03     6.881600782241534e+03     6.882539932159520e+03
   40800           -7.68560266e+04            2.06324987e+00            9.97938877e-01            1.00206538e+00     6.755173589054544e+03     6.755447757786758e+03     6.755722166694395e+03     6.755996398858466e+03     6.756270670185047e+03     6.757367751315551e+03
   41000           -7.68598501e+04            7.24643235e-01            9.99275619e-01            1.00072491e+00     6.729481785268665e+03     6.729592686031602e+03     6.729703798712977e+03     6.729814754459005e+03     6.729925745583112e+03     6.730369705897559e+03
   41200           -7.68102046e+04            1.89330210e+00            9.98108489e-01            1.00189510e+00     6.815742377902778e+03     6.815998636641142e+03     6.816255100412915e+03     6.816511405875558e+03     6.816767750422676e+03     6.817793122942573e+03
   41400           -7.69850020e+04            1.86888979e+00            9.98132855e-01            1.00187064e+00     6.787747655790728e+03     6.787996066826166e+03     6.788244715139642e+03     6.788493191911393e+03     6.788741705644263e+03     6.789735755497797e+03
   41600           -7.69137159e+04            1.14483807e+00            9.98855817e-01            1.00114549e+00     6.778007398208138e+03     6.778168656312735e+03     6.778330147836170e+03     6.778491469351668e+03     6.778652827186150e+03     6.779298256164161e+03
   41800           -7.69217309e+04            9.92137027e-01            9.99008355e-01            1.00099263e+00     6.798185710107848e+03     6.798324140501685e+03     6.798462797865434e+03     6.798601289584875e+03     6.798739817734565e+03     6.799293925361282e+03
   42000           -7.69066962e+04            1.90137141e+00            9.98100435e-01            1.00190318e+00     6.830839053406932e+03     6.831096695784959e+03     6.831354579204637e+03     6.831612291537000e+03     6.831870039264524e+03     6.832901025122116e+03
   42200           -7.70144920e+04            2.64440176e+00            9.97359092e-01            1.00264790e+00     6.855432526283675e+03     6.855781272887479e+03     6.856130200231450e+03     6.856478991838088e+03     6.856827815598251e+03     6.858223104912827e+03
   42400           -7.68453610e+04            1.83393722e+00            9.98167743e-01            1.00183562e+00     6.800367900178217e+03     6.800613208528048e+03     6.800858737855876e+03     6.801104117209366e+03     6.801349524432000e+03     6.802331148685784e+03
   42600           -7.65916157e+04            3.38439391e-01            9.99661618e-01            1.00033850e+00     6.845872268280094e+03     6.845933878402931e+03     6.845995681007819e+03     6.846057337463638e+03     6.846119028344217e+03     6.846365788408340e+03
   42800           -7.67325113e+04            4.06124730e-01            9.99593958e-01            1.00040621e+00     6.906619145225380e+03     6.906688155071123e+03     6.906757381495018e+03     6.906826458311137e+03     6.906895564715601e+03     6.907171984205823e+03
   43000           -7.67716373e+04            5.32872510e-01            9.99467269e-01            1.00053301e+00     6.808166700306273e+03     6.808253159361856e+03     6.808339886948419e+03     6.808426430049962e+03     6.808513007781060e+03     6.808859315255847e+03
   43200           -7.64980898e+04            9.48542000e-01            9.99051908e-01            1.00094899e+00     6.863030018834403e+03     6.863164747828926e+03     6.863299715965372e+03     6.863434502497848e+03     6.863569332208478e+03     6.864108645582553e+03
   43400           -7.66358860e+04            1.71288405e+00            9.98288582e-01            1.00171435e+00     6.820220091442738e+03     6.820447467874958e+03     6.820675042324134e+03     6.820902466896096e+03     6.821129926798625e+03     6.822039762154513e+03
   43600           -7.66985800e+04            1.97709334e+00            9.98024860e-01            1.00197905e+00     6.893654155540652e+03     6.893921161688971e+03     6.894188371890962e+03     6.894455424825730e+03     6.894722516290505e+03     6.895790877040359e+03
   43800           -7.67257131e+04            1.68141156e+00            9.98320001e-01            1.00168283e+00     6.762238294298922e+03     6.762469832492298e+03     6.762701638562501e+03     6.762933255456500e+03     6.763164911365177e+03     6.764091528431430e+03
   44000           -7.67688273e+04            1.72664160e+00            9.98274848e-01            1.00172813e+00     6.764427339019684e+03     6.764660919130940e+03     6.764894709231033e+03     6.765128342915564e+03     6.765362012509766e+03     6.766296685999847e+03
   44200           -7.66641186e+04            6.94457256e-01            9.99305784e-01            1.00069470e+00     6.844700792691038e+03     6.844801875624953e+03     6.844903165587591e+03     6.845004308141814e+03     6.845105481492252e+03     6.845510170293465e+03
   44400           -7.66719706e+04            2.05770059e+00            9.97944415e-01            1.00205982e+00     6.817816123404357e+03     6.818090928021815e+03     6.818365933840365e+03     6.818640787918002e+03     6.818915677905311e+03     6.820015232406265e+03
   44600           -7.66639102e+04            5.39969800e-01            9.99460176e-01            1.00054012e+00     6.827407699682713e+03     6.827495800072676e+03     6.827584129048514e+03     6.827672286311262e+03     6.827760483249537e+03     6.828113266816361e+03
   44800           -7.65302251e+04            6.61147018e-01            9.99339071e-01            1.00066137e+00     6.875614713399661e+03     6.875711513679890e+03     6.875808502514268e+03     6.875905344377979e+03     6.876002222772633e+03     6.876389732145605e+03
   45000           -7.66105968e+04            1.27588433e+00            9.98724929e-01            1.00127670e+00     6.847131405688307e+03     6.847306475820867e+03     6.847481720295448e+03     6.847656824749764e+03     6.847831966607902e+03     6.848532527527496e+03
   45200           -7.64595017e+04            2.20275940e+00            9.97799665e-01            1.00220519e+00     6.877379355785554e+03     6.877667771200244e+03     6.877956382457355e+03     6.878244860717003e+03     6.878533364121094e+03     6.879687372456632e+03
   45400           -7.66014399e+04            1.01653500e+00            9.98983981e-01            1.00101705e+00     6.855999273887198e+03     6.856144878398716e+03     6.856290741870876e+03     6.856436425750622e+03     6.856582144451280e+03     6.857165015015362e+03
   45600           -7.65580455e+04            1.12837524e-01            9.99887169e-01            1.00011284e+00     6.799222902267821e+03     6.799254493385717e+03     6.799286239582493e+03     6.799317870437861e+03     6.799349527767047e+03     6.799476153266273e+03
   45800           -7.65902379e+04            2.15226833e+00            9.97850046e-01            1.00215459e+00     6.829403791378267e+03     6.829691706926897e+03     6.829979825104405e+03     6.830267791924269e+03     6.830555793570645e+03     6.831707795763022e+03
   46000           -7.66905538e+04            7.38661583e-01            9.99261611e-01            1.00073893e+00     6.860265813069014e+03     6.860376470798651e+03     6.860487352311075e+03     6.860598070534448e+03     6.860708824178442e+03     6.861151835287869e+03
   46200           -7.66720565e+04            7.40975805e-01            9.99259299e-01            1.00074125e+00     6.856905494817078e+03     6.857016725782344e+03     6.857128203192739e+03     6.857239517605537e+03     6.857350860192060e+03     6.857796225567042e+03
   46400           -7.66325523e+04            5.59569351e-01            9.99440587e-01            1.00055973e+00     6.850217768125649e+03     6.850304926101434e+03     6.850392308385716e+03     6.850479523956580e+03     6.850566777937604e+03     6.850915787749560e+03
   46600           -7.64992306e+04            1.07505668e+00            9.98925521e-01            1.00107563e+00     6.846273471711818e+03     6.846424456685369e+03     6.846575709523799e+03     6.846726771881186e+03     6.846877873700343e+03     6.847482275688869e+03
   46800           -7.66490363e+04            1.12638441e+00            9.98874250e-01            1.00112702e+00     6.903440516670667e+03     6.903598648241617e+03     6.903757027930414e+03     6.903915242436254e+03     6.904073486141104e+03     6.904706455611540e+03
   47000           -7.67076982e+04            1.46286134e+00            9.98538208e-01            1.00146393e+00     6.865085468983160e+03     6.865283976131048e+03     6.865482676116440e+03     6.865681227219286e+03     6.865879814955032e+03     6.866674160926904e+03
   47200           -7.66878875e+04            1.22409167e-01            9.99877598e-01            1.00012242e+00     6.816430504112396e+03     6.816466407902032e+03     6.816502487527187e+03     6.816538428875946e+03     6.816574405837404e+03     6.816718307562411e+03
   47400           -7.66984856e+04            1.39833555e+00            9.98602642e-01            1.00139931e+00     6.886203547628376e+03     6.886393377226596e+03     6.886583443798179e+03     6.886773332058023e+03     6.886963261589195e+03     6.887722975550015e+03
   47600           -7.67432658e+04            8.88415915e-01            9.99111979e-01            1.00088881e+00     6.809238463690723e+03     6.809366819718119e+03     6.809495418032742e+03     6.809623840293821e+03     6.809752300543472e+03     6.810266137396222e+03
   47800           -7.68065096e+04            8.97935490e-01            9.99102468e-01            1.00089834e+00     6.847578922054500e+03     6.847710484813530e+03     6.847842297013648e+03     6.847973944268086e+03     6.848105619760098e+03     6.848632317465695e+03
   48000           -7.66735968e+04            1.85692383e+00            9.98144799e-01            1.00185865e+00     6.752174813747691e+03     6.752422324869571e+03     6.752670061602280e+03     6.752917644837628e+03     6.753165256861836e+03     6.754155699975981e+03
   48200           -7.65894728e+04            5.25408566e-01            9.99474729e-01            1.00052555e+00     6.754471806001687e+03     6.754550936637888e+03     6.754630320923853e+03     6.754709533952758e+03     6.754788778400104e+03     6.755105750798522e+03
   48400           -7.66813442e+04            2.20928954e+00            9.97793149e-01            1.00221173e+00     6.767934418347383e+03     6.768228152133099e+03     6.768522011793832e+03     6.768815754368435e+03     6.769109534854696e+03     6.770284651362009e+03
   48600           -7.66102288e+04            9.68794116e-01            9.99031675e-01            1.00096926e+00     6.795611253488453e+03     6.795749543553922e+03     6.795888034805548e+03     6.796026378582089e+03     6.796164755164019e+03     6.796718256839585e+03
   48800           -7.67392385e+04            2.32897755e+00            9.97673732e-01            1.00233169e+00     6.801803502562168e+03     6.802108586398709e+03     6.802413844938699e+03     6.802718956503902e+03     6.803024109450207e+03     6.804244716338247e+03
   49000           -7.67052461e+04            1.28624174e+00            9.98714585e-01            1.00128707e+00     6.861455530127094e+03     6.861631762138680e+03     6.861808211451270e+03     6.861984507048543e+03     6.862160834349796e+03     6.862866138572498e+03
   49200           -7.68359300e+04            1.28609789e+00            9.98714729e-01            1.00128693e+00     6.810738585241709e+03     6.810920249763500e+03     6.811102126583075e+03     6.811283856793631e+03     6.811465615496678e+03     6.812192645751647e+03
   49400           -7.66018754e+04            2.03129596e-01            9.99796891e-01            1.00020315e+00     6.781742777170531e+03     6.781790687320556e+03     6.781838795651820e+03     6.781886759194776e+03     6.781934754990580e+03     6.782126732810629e+03
   49600           -7.65227406e+04            1.57441807e+00            9.98426821e-01            1.00157566e+00     6.863255948071338e+03     6.863472386893312e+03     6.863689028278450e+03     6.863905523726026e+03     6.864122050346666e+03     6.864988152621992e+03
   49800           -7.65192533e+04            1.05407819e+00            9.98946477e-01            1.00105463e+00     6.818265963969659e+03     6.818412333319256e+03     6.818558924097885e+03     6.818705344853411e+03     6.818851806946539e+03     6.819437649923420e+03
   50000           -7.68236467e+04            1.65152060e+00            9.98349842e-01            1.00165289e+00     6.839898162522447e+03     6.840120008801277e+03     6.840342061341172e+03     6.840563974664630e+03     6.840785913837556e+03     6.841673665152665e+03
