#This file was generated on Fri Feb 14 11:16:07 2025
#Using the somd command, of the molecular library Sire version <2024.4.0.dev> 
#For more information visit: https://github.com/openbiosim/sire
#
#General information on simulation parameters:
#Simulation used 50000 moves, 1 cycles and 200 ps of simulation time
#Generating lambda is		 0.12500
#Alchemical array is		 (0.0, 0.125, 0.25, 0.375, 0.5, 1.0)
#Generating temperature is 	25°C
#Energy was saved every 200 steps 
#
#
#   [step]               [potential]                [gradient]      [forward Metropolis]     [backward Metropolis]                   [u_kl]
     200           -1.26851264e+05            1.77120099e+00            9.97537346e-01            1.00107729e+00     1.004894384544322e+04     1.004902901867413e+04     1.004911457002892e+04     1.004919984115471e+04     1.004928517482410e+04     1.004962650420498e+04
     400           -1.23350147e+05            2.19228601e+00            9.97128964e-01            1.00151055e+00     9.946031585614721e+03     9.946168397915617e+03     9.946305526303464e+03     9.946442409976769e+03     9.946579353737252e+03     9.947127121859785e+03
     600           -1.21123791e+05            6.04446385e+00            9.93289463e-01            1.00537014e+00     1.009724857572977e+04     1.009786387212389e+04     1.009847951197781e+04     1.009909488962086e+04     1.009971032989300e+04     1.010217208405624e+04
     800           -1.19798663e+05            4.99707063e+00            9.94335567e-01            1.00432292e+00     1.002509787732560e+04     1.002558457866534e+04     1.002607156187001e+04     1.002655830504843e+04     1.002704511619333e+04     1.002899235506106e+04
    1000           -1.18766209e+05            3.75144130e+00            9.95598512e-01            1.00309646e+00     1.010304332148682e+04     1.010337706843455e+04     1.010371114207008e+04     1.010404496476207e+04     1.010437884825139e+04     1.010571437501596e+04
    1200           -1.18402014e+05            4.02263698e+00            9.95245145e-01            1.00328446e+00     1.004484230284977e+04     1.004520471136508e+04     1.004556752345647e+04     1.004593004276238e+04     1.004629262472669e+04     1.004774294660361e+04
    1400           -1.17749956e+05            1.82095126e+00            9.97461422e-01            1.00110070e+00     1.004888988850482e+04     1.004897491561868e+04     1.004906032196160e+04     1.004914544986876e+04     1.004923063915253e+04     1.004957138980023e+04
    1600           -1.17683651e+05            3.63487915e+00            9.95651528e-01            1.00291605e+00     9.987141443463483e+03     9.987460536481161e+03     9.987779948563826e+03     9.988099117658090e+03     9.988418344937501e+03     9.989695246411522e+03
    1800           -1.17487862e+05            2.52144346e+00            9.96794733e-01            1.00183415e+00     1.002133135337562e+04     1.002150325618019e+04     1.002167541274504e+04     1.002184736969564e+04     1.002201937742668e+04     1.002270740147773e+04
    2000           -1.17287392e+05            1.88518706e+00            9.97443120e-01            1.00121095e+00     1.018578559220428e+04     1.018588334811205e+04     1.018598140350204e+04     1.018607921969318e+04     1.018617709769760e+04     1.018656860319091e+04
    2200           -1.17274889e+05            4.14813490e+00            9.95157360e-01            1.00344780e+00     1.009238704834885e+04     1.009276173370458e+04     1.009313675012705e+04     1.009351151902880e+04     1.009388634464819e+04     1.009538564094753e+04
    2400           -1.17295061e+05            1.77521081e+00            9.97569366e-01            1.00111745e+00     9.997225334468667e+03     9.997307998999035e+03     9.997390938350996e+03     9.997473662690354e+03     9.997556440938301e+03     9.997887547407934e+03
    2600           -1.17315151e+05            1.77283660e+00            9.97548679e-01            1.00109194e+00     1.002192874346809e+04     1.002201244232843e+04     1.002209644821915e+04     1.002218021952297e+04     1.002226404703936e+04     1.002259935061064e+04
    2800           -1.16825006e+05            2.30437722e+00            9.97007618e-01            1.00161319e+00     1.001513932115606e+04     1.001528713204405e+04     1.001543526276766e+04     1.001558315821864e+04     1.001573110604734e+04     1.001632289093863e+04
    3000           -1.17210265e+05            2.60294782e+00            9.96707489e-01            1.00190977e+00     1.001740435123622e+04     1.001759050935321e+04     1.001777700138654e+04     1.001796323921563e+04     1.001814953724242e+04     1.001889472324861e+04
    3200           -1.17366523e+05            4.25553771e+00            9.95087492e-01            1.00359290e+00     9.944335815885106e+03     9.944726866889478e+03     9.945118260161822e+03     9.945509406962714e+03     9.945900606297781e+03     9.947465396710459e+03
    3400           -1.17111246e+05            3.90181613e+00            9.95431465e-01            1.00322983e+00     9.972900618202448e+03     9.973251389186051e+03     9.973602475978814e+03     9.973953327996271e+03     9.974304233571320e+03     9.975707848940194e+03
    3600           -1.16978534e+05            2.88924357e+00            9.96426270e-01            1.00220077e+00     9.972132580722691e+03     9.972350159133783e+03     9.972568076470398e+03     9.972785736674226e+03     9.973003457983414e+03     9.973874335244134e+03
    3800           -1.17156573e+05            2.40436380e+00            9.96911940e-01            1.00171736e+00     1.008434927956641e+04     1.008451025192400e+04     1.008467154642021e+04     1.008483259889950e+04     1.008499370735511e+04     1.008563813514382e+04
    4000           -1.17315268e+05            1.67213132e+00            9.97702494e-01            1.00104466e+00     9.994752760042000e+03     9.994824903789857e+03     9.994897338303894e+03     9.994969545422106e+03     9.995041809248980e+03     9.995330858455962e+03
    4200           -1.17078747e+05            1.73832307e+00            9.97551615e-01            1.00102578e+00     9.979811145819764e+03     9.979891966513111e+03     9.979973176292613e+03     9.980054102962118e+03     9.980135090977532e+03     9.980459036135298e+03
    4400           -1.16825357e+05            3.08637890e+00            9.96242007e-01            1.00241059e+00     1.012276826759074e+04     1.012300801016949e+04     1.012324811829985e+04     1.012348796131631e+04     1.012372786150098e+04     1.012468745541121e+04
    4600           -1.16795742e+05            2.32839424e+00            9.96960325e-01            1.00161379e+00     1.002155234866771e+04     1.002170111803329e+04     1.002185030843095e+04     1.002199918652814e+04     1.002214813477102e+04     1.002274392087433e+04
    4800           -1.17066405e+05            1.90336268e+00            9.97404471e-01            1.00120855e+00     1.000411322242774e+04     1.000421392132636e+04     1.000431493194793e+04     1.000441569529925e+04     1.000451652198826e+04     1.000491982154877e+04
    5000           -1.17216401e+05            4.78081834e+00            9.94559106e-01            1.00411433e+00     1.009216178421601e+04     1.009262194486313e+04     1.009308241877150e+04     1.009354267317596e+04     1.009400297211654e+04     1.009584416001707e+04
    5200           -1.17325415e+05            3.96103306e+00            9.95356087e-01            1.00327268e+00     1.009804225479724e+04     1.009839730212543e+04     1.009875268022762e+04     1.009910782219284e+04     1.009946301368241e+04     1.010088377256757e+04
    5400           -1.17103647e+05            4.27226654e+00            9.95050872e-01            1.00358955e+00     9.980286675711062e+03     9.980685272268511e+03     9.981084195890120e+03     9.981482856625425e+03     9.981881585860026e+03     9.983476496008991e+03
    5600           -1.16863961e+05            2.76286803e+00            9.96575649e-01            1.00209771e+00     9.919978129997726e+03     9.920187339659693e+03     9.920396825866754e+03     9.920606078477249e+03     9.920815396927122e+03     9.921652663856519e+03
    5800           -1.16878180e+05            3.31916161e+00            9.96009581e-01            1.00264341e+00     9.947373019016004e+03     9.947649933660437e+03     9.947927166871030e+03     9.948204152506660e+03     9.948481199200980e+03     9.949589379385956e+03
    6000           -1.17237130e+05            2.44985535e+00            9.96908748e-01            1.00180530e+00     9.876596785179323e+03     9.876768662238752e+03     9.876940836393809e+03     9.877112783023345e+03     9.877284784509127e+03     9.877972783838934e+03
    6200           -1.17021837e+05            3.97365271e+00            9.95365594e-01            1.00330759e+00     1.001619001917309e+04     1.001654727408147e+04     1.001690488694256e+04     1.001726223924737e+04     1.001761964832715e+04     1.001904927748122e+04
    6400           -1.17333058e+05            3.45641297e+00            9.95867866e-01            1.00277598e+00     9.989278192682759e+03     9.989568267748791e+03     9.989858670912485e+03     9.990148824553509e+03     9.990439037344906e+03     9.991599882007053e+03
    6600           -1.17357212e+05            2.51382850e+00            9.96827763e-01            1.00185209e+00     9.934170450637926e+03     9.934345658009423e+03     9.934521184439927e+03     9.934696462217918e+03     9.934871801820756e+03     9.935573153003590e+03
    6800           -1.17259661e+05            4.17137902e+00            9.95097497e-01            1.00343408e+00     1.007699932157465e+04     1.007737627694938e+04     1.007775356102814e+04     1.007813059233606e+04     1.007850768480123e+04     1.008001604802782e+04
    7000           -1.17264830e+05            3.95885413e+00            9.95330102e-01            1.00324212e+00     9.948442698149765e+03     9.948797549721194e+03     9.949152732218970e+03     9.949507680020783e+03     9.949862676033090e+03     9.951282653916414e+03
    7200           -1.17279670e+05            1.85260969e+00            9.97492705e-01            1.00119549e+00     9.992467805304195e+03     9.992559752176041e+03     9.992651949498579e+03     9.992743923462484e+03     9.992835964893675e+03     9.993204124483156e+03
    7400           -1.17309726e+05            3.06673948e+00            9.96265088e-01            1.00239444e+00     1.002888667418753e+04     1.002912979050070e+04     1.002937325802490e+04     1.002961645827343e+04     1.002985972243020e+04     1.003083277067288e+04
    7600           -1.17179150e+05            2.94550968e+00            9.96347611e-01            1.00223444e+00     1.000945515748836e+04     1.000968280882675e+04     1.000991076524500e+04     1.001013847116253e+04     1.001036624470417e+04     1.001127733191997e+04
    7800           -1.17244399e+05            3.90816249e+00            9.95414799e-01            1.00322577e+00     1.002844853467564e+04     1.002879539822056e+04     1.002914257160064e+04     1.002948949346441e+04     1.002983648202035e+04     1.003122442936506e+04
    8000           -1.17329406e+05            2.95327311e+00            9.96378981e-01            1.00228155e+00     9.934564820310845e+03     9.934799265392096e+03     9.935033972833191e+03     9.935268461293283e+03     9.935503010953573e+03     9.936441201596299e+03
    8200           -1.17311378e+05            4.65731511e+00            9.94672926e-01            1.00398122e+00     9.966861067381507e+03     9.967300604471544e+03     9.967740476254532e+03     9.968180084969756e+03     9.968619759817082e+03     9.970378452252657e+03
    8400           -1.17191486e+05            2.61615804e+00            9.96720074e-01            1.00194890e+00     9.989708440972463e+03     9.989898511961605e+03     9.990088900241453e+03     9.990279045273404e+03     9.990469248621188e+03     9.991230056269911e+03
    8600           -1.17069994e+05            2.31517562e+00            9.96986059e-01            1.00161316e+00     1.001505916968962e+04     1.001520564353542e+04     1.001535246116060e+04     1.001549901456574e+04     1.001564563143121e+04     1.001623209317281e+04
    8800           -1.16901752e+05            2.11643524e+00            9.97187390e-01            1.00141730e+00     1.005863447853913e+04     1.005875753343289e+04     1.005888092945360e+04     1.005900405163655e+04     1.005912724496155e+04     1.005962001138397e+04
    9000           -1.16988097e+05            8.03661231e+00            9.91292689e-01            1.00735470e+00     1.002895609598830e+04     1.002982073196169e+04     1.003068573511461e+04     1.003155047882103e+04     1.003241527510849e+04     1.003587445422867e+04
    9200           -1.16795547e+05            4.46189239e+00            9.94849973e-01            1.00376753e+00     1.006093223255714e+04     1.006134964933904e+04     1.006176737233586e+04     1.006218484252226e+04     1.006260238116465e+04     1.006427252977216e+04
    9400           -1.17030844e+05            2.98460679e+00            9.96328017e-01            1.00229310e+00     9.933109431085089e+03     9.933350337464157e+03     9.933591574629183e+03     9.933832557159298e+03     9.934073601740156e+03     9.935037772395222e+03
    9600           -1.17127883e+05            2.16985178e+00            9.97107302e-01            1.00144385e+00     9.973179488119476e+03     9.973310110388726e+03     9.973441046806360e+03     9.973571733019735e+03     9.973702483862751e+03     9.974225479606021e+03
    9800           -1.17139083e+05            3.47538297e+00            9.95846539e-01            1.00279255e+00     9.889977077224061e+03     9.890273170076998e+03     9.890569602706753e+03     9.890865772274719e+03     9.891162005830125e+03     9.892346934436187e+03
   10000           -1.17270702e+05            3.24862884e+00            9.96096782e-01            1.00258975e+00     1.003473969249632e+04     1.003500667701522e+04     1.003527396451115e+04     1.003554100211421e+04     1.003580810733242e+04     1.003687652216852e+04
   10200           -1.17251514e+05            2.04312678e+00            9.97299618e-01            1.00138317e+00     9.988155746522008e+03     9.988268296368762e+03     9.988381107801726e+03     9.988493691979616e+03     9.988606342767340e+03     9.989056939012671e+03
   10400           -1.17475729e+05            2.94497586e+00            9.96333051e-01            1.00221872e+00     1.000778227304010e+04     1.000800661730223e+04     1.000823131817589e+04     1.000845575955872e+04     1.000868025773928e+04     1.000957824243846e+04
   10600           -1.17200621e+05            4.91799531e+00            9.94385177e-01            1.00421420e+00     1.001686548340840e+04     1.001734002615848e+04     1.001781490389423e+04     1.001828952946289e+04     1.001876421413599e+04     1.002066294486358e+04
   10800           -1.17322698e+05            4.71615579e+00            9.94601187e-01            1.00402696e+00     1.005426536114281e+04     1.005471376674474e+04     1.005516247080736e+04     1.005561093273509e+04     1.005605945919986e+04     1.005785355725691e+04
   11000           -1.17035750e+05            3.07591662e+00            9.96193967e-01            1.00234128e+00     1.001737967871561e+04     1.001762462396919e+04     1.001786983746102e+04     1.001811482981170e+04     1.001835988198369e+04     1.001934008525177e+04
   11200           -1.17050008e+05            3.22339944e+00            9.96110877e-01            1.00255335e+00     1.006577851657816e+04     1.006604139156376e+04     1.006630452275598e+04     1.006656742126557e+04     1.006683039168729e+04     1.006788226679642e+04
   11400           -1.16949817e+05            2.45018902e+00            9.96835587e-01            1.00173245e+00     1.008791032231146e+04     1.008807365571925e+04     1.008823732904424e+04     1.008840074978145e+04     1.008856422763581e+04     1.008921813296015e+04
   11600           -1.17215047e+05            2.93711284e+00            9.96382295e-01            1.00225249e+00     1.009863863186314e+04     1.009886306165110e+04     1.009908779230726e+04     1.009931228340062e+04     1.009953683557749e+04     1.010043503929184e+04
   11800           -1.17238201e+05            3.00242464e+00            9.96272620e-01            1.00227309e+00     1.007574986001989e+04     1.007598375132619e+04     1.007621803542252e+04     1.007645204573001e+04     1.007668610979298e+04     1.007762235956607e+04
   12000           -1.17174671e+05            3.10257269e+00            9.96221062e-01            1.00242198e+00     9.947985822760873e+03     9.948233803857613e+03     9.948482090727204e+03     9.948730141637518e+03     9.948978250205824e+03     9.949970677650777e+03
   12200           -1.17097816e+05            3.26503285e+00            9.96024628e-01            1.00255002e+00     1.008314905499832e+04     1.008341409376301e+04     1.008367947731969e+04     1.008394460895673e+04     1.008420979588475e+04     1.008527053677119e+04
   12400           -1.17106389e+05            4.81296973e+00            9.94501101e-01            1.00412033e+00     1.001552495555682e+04     1.001598974021780e+04     1.001645486124146e+04     1.001691971645679e+04     1.001738463853305e+04     1.001924432150928e+04
   12600           -1.17312198e+05            4.24248047e+00            9.95098799e-01            1.00357810e+00     1.011547249830779e+04     1.011586704664635e+04     1.011626187203480e+04     1.011665646811134e+04     1.011705112675986e+04     1.011862975521193e+04
   12800           -1.17245142e+05            3.43196570e+00            9.95881293e-01            1.00274047e+00     1.005617608295521e+04     1.005646743606271e+04     1.005675909321957e+04     1.005705050289854e+04     1.005734197838851e+04     1.005850787382182e+04
   13000           -1.17016002e+05            3.10306730e+00            9.96209371e-01            1.00241121e+00     1.005104517303848e+04     1.005129373577386e+04     1.005154264238719e+04     1.005179128766975e+04     1.005203999548201e+04     1.005303481792553e+04
   13200           -1.16915562e+05            1.01590693e+01            9.89191139e-01            1.00949523e+00     9.907053471859022e+03     9.908186125743903e+03     9.909319123727788e+03     9.910451853952833e+03     9.911584650082965e+03     9.916115828306907e+03
   13400           -1.16973280e+05            2.52631049e+00            9.96789976e-01            1.00183912e+00     1.001623757969644e+04     1.001641746535088e+04     1.001659767950623e+04     1.001677762752309e+04     1.001695764579729e+04     1.001767771189814e+04
   13600           -1.16894617e+05            4.00454688e+00            9.95298792e-01            1.00330224e+00     1.005979949454781e+04     1.006016261464310e+04     1.006052605980724e+04     1.006088925170998e+04     1.006125250679356e+04     1.006270551903932e+04
   13800           -1.16997005e+05            3.12648967e+00            9.96194258e-01            1.00244296e+00     1.001059042517761e+04     1.001083993667654e+04     1.001108976152931e+04     1.001133935186814e+04     1.001158899662183e+04     1.001258756806605e+04
   14000           -1.17117471e+05            2.85209442e+00            9.96449376e-01            1.00214955e+00     9.997353886620407e+03     9.997570548300870e+03     9.997787562638079e+03     9.998004310878852e+03     9.998221121039780e+03     9.999088355459153e+03
   14200           -1.17150604e+05            5.86116576e+00            9.93458659e-01            1.00517284e+00     9.988888212596035e+03     9.989480664357696e+03     9.990073468259354e+03     9.990666013419912e+03     9.991258616044308e+03     9.993629019492580e+03
   14400           -1.17333534e+05            2.39066864e+00            9.96908861e-01            1.00168683e+00     1.005228725872451e+04     1.005244573149822e+04     1.005260457040303e+04     1.005276314982913e+04     1.005292178212470e+04     1.005355630552489e+04
   14600           -1.17164906e+05            4.19097109e+00            9.95129835e-01            1.00350601e+00     1.004086493356564e+04     1.004124663245650e+04     1.004162865717490e+04     1.004201042994761e+04     1.004239226410012e+04     1.004391959463459e+04
   14800           -1.16969859e+05            5.30495737e+00            9.94055922e-01            1.00465892e+00     9.999359303701280e+03     9.999885898256258e+03     1.000041275987560e+04     1.000093939017363e+04     1.000146608782414e+04     1.000357287194700e+04
   15000           -1.17187676e+05            1.48101294e+00            9.97873647e-01            1.00083376e+00     1.006949469532669e+04     1.006954440448702e+04     1.006959436461779e+04     1.006964411001562e+04     1.006969391771472e+04     1.006989314010276e+04
   15200           -1.16957483e+05            2.76698767e+00            9.96553004e-01            1.00208319e+00     1.008627156479279e+04     1.008647477615460e+04     1.008667836798209e+04     1.008688167525631e+04     1.008708504779649e+04     1.008789853080019e+04
   15400           -1.16897379e+05            1.95808541e+00            9.97348897e-01            1.00126234e+00     1.012782460900640e+04     1.012793047335728e+04     1.012803664288660e+04     1.012814257652016e+04     1.012824856747857e+04     1.012867252595073e+04
   15600           -1.16932356e+05            4.13199848e+00            9.95281450e-01            1.00354053e+00     1.000151406645681e+04     1.000189626421340e+04     1.000227874223689e+04     1.000266098200857e+04     1.000304328933716e+04     1.000457251221751e+04
   15800           -1.17133052e+05            3.53689908e+00            9.95834596e-01            1.00290390e+00     1.000665064794265e+04     1.000695373219827e+04     1.000725708446813e+04     1.000756021391402e+04     1.000786340433348e+04     1.000907616072430e+04
   16000           -1.17087719e+05            2.00417560e+00            9.97263974e-01            1.00126938e+00     1.000147883690111e+04     1.000159180279594e+04     1.000170512736631e+04     1.000181818630234e+04     1.000193130569967e+04     1.000238377449822e+04
   16200           -1.16935166e+05            4.00433816e+00            9.95298211e-01            1.00330124e+00     1.006401165226318e+04     1.006437433009589e+04     1.006473734152532e+04     1.006510007779788e+04     1.006546288883345e+04     1.006691412540373e+04
   16400           -1.17042671e+05            4.12832048e+00            9.95156910e-01            1.00340758e+00     1.007017671641601e+04     1.007054990903699e+04     1.007092343178977e+04     1.007129670362440e+04     1.007167003482856e+04     1.007316335324111e+04
   16600           -1.16982180e+05            4.73726893e+00            9.94570805e-01            1.00403868e+00     1.010388996664524e+04     1.010434265154223e+04     1.010479565160617e+04     1.010524840997282e+04     1.010570122670538e+04     1.010751248676551e+04
   16800           -1.17164245e+05            3.17346315e+00            9.96152440e-01            1.00249505e+00     1.002418768462420e+04     1.002444874759655e+04     1.002471010198026e+04     1.002497120702295e+04     1.002523238395369e+04     1.002627708328318e+04
   17000           -1.17236998e+05            2.92554154e+00            9.96362167e-01            1.00220905e+00     9.964899844146441e+03     9.965129258741415e+03     9.965359036910610e+03     9.965588538506352e+03     9.965818105427674e+03     9.966736366708905e+03
   17200           -1.16868584e+05            1.98221132e+00            9.97359911e-01            1.00132171e+00     9.942306728327756e+03     9.942421081020919e+03     9.942535735206566e+03     9.942650134602352e+03     9.942764605519900e+03     9.943222482712046e+03
   17400           -1.17146913e+05            4.20857126e+00            9.95050602e-01            1.00346143e+00     1.002949087052041e+04     1.002987580871705e+04     1.003026114281915e+04     1.003064618279097e+04     1.003103128924587e+04     1.003257170797132e+04
   17600           -1.17163607e+05            3.90792672e+00            9.95364701e-01            1.00317481e+00     1.005540347907979e+04     1.005575007365048e+04     1.005609702356025e+04     1.005644370827999e+04     1.005679045343563e+04     1.005817742779148e+04
   17800           -1.17336384e+05            3.89731510e+00            9.95429258e-01            1.00321858e+00     1.012044920963469e+04     1.012079575684118e+04     1.012114260900209e+04     1.012148922153567e+04     1.012183589458881e+04     1.012322257954292e+04
   18000           -1.17339576e+05            7.62948086e+00            9.91687226e-01            1.00693538e+00     1.016516675272500e+04     1.016598386366344e+04     1.016680133072056e+04     1.016761852782600e+04     1.016843578869859e+04     1.017170482467218e+04
   18200           -1.17245101e+05            1.10192145e+01            9.88345032e-01            1.01036839e+00     1.001714776384694e+04     1.001838543887619e+04     1.001962341730362e+04     1.002086114526244e+04     1.002209894148308e+04     1.002705011911922e+04
   18400           -1.17426361e+05            8.70254657e+00            9.90654209e-01            1.00804757e+00     9.915432891137201e+03     9.916378169165639e+03     9.917323779371978e+03     9.918269151906370e+03     9.919214574269090e+03     9.922996257400979e+03
   18600           -1.17267086e+05            6.44450551e+00            9.92861133e-01            1.00574096e+00     1.000229441310719e+04     1.000296386227125e+04     1.000363366738075e+04     1.000430320565775e+04     1.000497280486276e+04     1.000765119661834e+04
   18800           -1.17329509e+05            9.33814281e+00            9.90028397e-01            1.00869219e+00     1.000491666192820e+04     1.000594488612836e+04     1.000697346547643e+04     1.000800177516145e+04     1.000903014874430e+04     1.001314363556040e+04
   19000           -1.17233164e+05            1.01901839e+01            9.89146530e-01            1.00951253e+00     9.978699272322601e+03     9.979831495382063e+03     9.980964068926729e+03     9.982096376126196e+03     9.983228746528919e+03     9.987758220735237e+03
   19200           -1.17320273e+05            1.03430180e+01            9.89061925e-01            1.00973478e+00     9.976730054384076e+03     9.977882305516470e+03     9.979034883644325e+03     9.980187221396629e+03     9.981339613091102e+03     9.985949171798127e+03
   19400           -1.17181225e+05            1.16651297e+01            9.87721502e-01            1.01103621e+00     1.000692291925353e+04     1.000824150558316e+04     1.000956044637367e+04     1.001087911106435e+04     1.001219784395375e+04     1.001747276865397e+04
   19600           -1.17045131e+05            7.38151354e+00            9.91964451e-01            1.00671748e+00     1.002360860204009e+04     1.002438714980387e+04     1.002516602711998e+04     1.002594465349516e+04     1.002672333988880e+04     1.002983807773752e+04
   19800           -1.17231294e+05            7.98583491e+00            9.91374824e-01            1.00733586e+00     1.002709035187729e+04     1.002795447658377e+04     1.002881888015624e+04     1.002968305435277e+04     1.003054729048468e+04     1.003400422909207e+04
   20000           -1.17182054e+05            8.26131081e+00            9.91104094e-01            1.00761576e+00     9.955363673730035e+03     9.956260327198994e+03     9.957157350389409e+03     9.958054099066656e+03     9.958950909934627e+03     9.962538146139219e+03
   20200           -1.17330744e+05            7.14850373e+00            9.92194816e-01            1.00648212e+00     1.006204962954168e+04     1.006280425448051e+04     1.006355920293195e+04     1.006431388980167e+04     1.006506864563515e+04     1.006808766172863e+04
   20400           -1.17105616e+05            1.04601317e+01            9.88886483e-01            1.00979216e+00     1.004634032812523e+04     1.004750998867698e+04     1.004867999549331e+04     1.004984972904614e+04     1.005101953149329e+04     1.005569873486135e+04
   20600           -1.17191447e+05            8.54679558e+00            9.90779960e-01            1.00786152e+00     9.915788098131361e+03     9.916715983494503e+03     9.917644237488850e+03     9.918572207586360e+03     9.919500245980051e+03     9.923212393828739e+03
   20800           -1.17106160e+05            8.62944345e+00            9.90718323e-01            1.00796542e+00     9.948979920849006e+03     9.949917072559487e+03     9.950854539890946e+03     9.951791759264737e+03     9.952729041340812e+03     9.956478161832616e+03
   21000           -1.17049702e+05            7.11512435e+00            9.92206119e-01            1.00642640e+00     1.011831709424889e+04     1.011906802009581e+04     1.011981926454772e+04     1.012057025464493e+04     1.012132131045606e+04     1.012432552666323e+04
   21200           -1.17255050e+05            1.03732053e+01            9.89002663e-01            1.00973524e+00     1.000946954485800e+04     1.001062368558077e+04     1.001177814118971e+04     1.001293236288398e+04     1.001408663791107e+04     1.001870373096414e+04
   21400           -1.16918194e+05            6.71567326e+00            9.92648682e-01            1.00607123e+00     1.001292748144205e+04     1.001362670636878e+04     1.001432627133816e+04     1.001502558246298e+04     1.001572495186242e+04     1.001852242228278e+04
   21600           -1.17162791e+05            6.22438350e+00            9.93088184e-01            1.00552818e+00     1.005751856516782e+04     1.005815890691958e+04     1.005879962612912e+04     1.005944005916051e+04     1.006008055930672e+04     1.006264255344561e+04
   21800           -1.17184825e+05            4.25415622e+00            9.95083739e-01            1.00358634e+00     1.003740401396731e+04     1.003779961117710e+04     1.003819549996851e+04     1.003859114204820e+04     1.003898685368160e+04     1.004056969339589e+04
   22000           -1.17110491e+05            5.37942120e+00            9.93979815e-01            1.00473162e+00     1.003404119341857e+04     1.003457439405080e+04     1.003510792719249e+04     1.003564121654375e+04     1.003617455962360e+04     1.003830792582863e+04
   22200           -1.16952191e+05            3.91310804e+00            9.95443103e-01            1.00326422e+00     9.978009476168923e+03     9.978361612402017e+03     9.978714022133468e+03     9.979066207576956e+03     9.979418454018643e+03     9.980827431868365e+03
   22400           -1.17070421e+05            3.81372615e+00            9.95516382e-01            1.00313867e+00     1.004017869239464e+04     1.004052034764413e+04     1.004086230460117e+04     1.004120401336122e+04     1.004154578945413e+04     1.004291288651363e+04
   22600           -1.17185272e+05            6.55412261e+00            9.92768970e-01            1.00586809e+00     9.983765009035649e+03     9.984443797631866e+03     9.985122920437139e+03     9.985801799225343e+03     9.986480731654769e+03     9.989196454273886e+03
   22800           -1.17238089e+05            4.37374652e+00            9.94963606e-01            1.00370522e+00     1.006048568277237e+04     1.006089541330759e+04     1.006130545951457e+04     1.006171524977592e+04     1.006212510793541e+04     1.006376453309845e+04
   23000           -1.16850272e+05            7.04620015e+00            9.92275261e-01            1.00635780e+00     9.941602339177811e+03     9.942342202501970e+03     9.943082355579718e+03     9.943822279403250e+03     9.944562261498602e+03     9.947522183819392e+03
   23200           -1.16867878e+05            4.60369762e+00            9.94745025e-01            1.00394633e+00     9.947356585916952e+03     9.947789436382063e+03     9.948222613663414e+03     9.948655535269865e+03     9.949088520579895e+03     9.950820455242838e+03
   23400           -1.16977807e+05            4.74761776e+00            9.94562342e-01            1.00405092e+00     1.007690217169808e+04     1.007735538698057e+04     1.007780894115273e+04     1.007826224220011e+04     1.007871560124747e+04     1.008052903079686e+04
   23600           -1.16728985e+05            6.27453278e+00            9.93083147e-01            1.00562394e+00     1.006077737443647e+04     1.006142030577913e+04     1.006206348771584e+04     1.006270645610024e+04     1.006334948549403e+04     1.006592159655160e+04
   23800           -1.17136297e+05            5.72397695e+00            9.93641241e-01            1.00508176e+00     9.994105742014613e+03     9.994685675990904e+03     9.995265870618479e+03     9.995845843010624e+03     9.996425878738855e+03     9.998746015463099e+03
   24000           -1.17123506e+05            2.83214247e+00            9.96428816e-01            1.00208889e+00     1.001266700248594e+04     1.001287634631712e+04     1.001308604952280e+04     1.001329548283248e+04     1.001350497842991e+04     1.001434295437388e+04
   24200           -1.17224257e+05            6.72895093e+00            9.92617783e-01            1.00606663e+00     1.002151229782921e+04     1.002221416695673e+04     1.002291635005640e+04     1.002361829975964e+04     1.002432030230284e+04     1.002712830677647e+04
   24400           -1.17325650e+05            3.28171821e+00            9.96011461e-01            1.00257022e+00     1.009535665489206e+04     1.009562535470151e+04     1.009589444509062e+04     1.009616324701838e+04     1.009643211362284e+04     1.009750757235361e+04
   24600           -1.17203436e+05            2.87087486e+00            9.96430025e-01            1.00216773e+00     1.001095395672834e+04     1.001116682935523e+04     1.001138002077530e+04     1.001159296485787e+04     1.001180597009771e+04     1.001265798346708e+04
   24800           -1.17359463e+05            2.32215741e+00            9.96978774e-01            1.00161983e+00     1.010855109303423e+04     1.010869976655867e+04     1.010884877712981e+04     1.010899753220792e+04     1.010914634793458e+04     1.010974160283492e+04
   25000           -1.17133557e+05            3.88107345e+00            9.95386095e-01            1.00314249e+00     1.002448749035226e+04     1.002483130544409e+04     1.002517552555769e+04     1.002551945566839e+04     1.002586344587129e+04     1.002723940139032e+04
   25200           -1.17081713e+05            2.14682555e+00            9.97142197e-01            1.00143278e+00     1.008050958086289e+04     1.008063653373851e+04     1.008076382694353e+04     1.008089087008924e+04     1.008101796878995e+04     1.008152635671700e+04
   25400           -1.17114544e+05            3.09383695e+00            9.96231610e-01            1.00241508e+00     9.974015800606559e+03     9.974264509736076e+03     9.974513446558356e+03     9.974762173930392e+03     9.975010967725389e+03     9.976006134844218e+03
   25600           -1.17122149e+05            2.72360978e+00            9.96586888e-01            1.00203033e+00     1.010151676647247e+04     1.010171730006184e+04     1.010191813932250e+04     1.010211872975386e+04     1.010231938598986e+04     1.010312200550725e+04
   25800           -1.17218976e+05            3.50412403e+00            9.95774212e-01            1.00277736e+00     9.963050423278579e+03     9.963348288927680e+03     9.963646458399126e+03     9.963944381614730e+03     9.964242370013342e+03     9.965434316748104e+03
   26000           -1.17058935e+05            2.52598871e+00            9.96731542e-01            1.00177975e+00     1.001659244683314e+04     1.001676628147559e+04     1.001694049388051e+04     1.001711444768527e+04     1.001728845025461e+04     1.001798445367610e+04
   26200           -1.17168973e+05            2.70605010e+00            9.96627975e-01            1.00203645e+00     1.001066833175332e+04     1.001086674030251e+04     1.001106547644456e+04     1.001126396314478e+04     1.001146250872915e+04     1.001225668570498e+04
   26400           -1.17296179e+05            1.92121687e+00            9.97399032e-01            1.00123884e+00     9.979537683720762e+03     9.979643065365775e+03     9.979748779956346e+03     9.979854241172803e+03     9.979959762494900e+03     9.980381841269038e+03
   26600           -1.17133731e+05            4.54664551e+00            9.94763504e-01            1.00385043e+00     1.001771121356468e+04     1.001814077163181e+04     1.001857063811826e+04     1.001900026151699e+04     1.001942994631041e+04     1.002114867905614e+04
   26800           -1.17049388e+05            9.25501452e+00            9.90093700e-01            1.00859103e+00     1.002711146089992e+04     1.002812473998751e+04     1.002913841324512e+04     1.003015180858064e+04     1.003116526031663e+04     1.003521905973334e+04
   27000           -1.16900921e+05            2.42881139e+00            9.96849116e-01            1.00170321e+00     1.008722438834913e+04     1.008738549316793e+04     1.008754694868103e+04     1.008770813063714e+04     1.008786938024948e+04     1.008851437214982e+04
   27200           -1.16912655e+05            4.71836217e+00            9.94592565e-01            1.00402269e+00     1.008150986232676e+04     1.008195838614542e+04     1.008240722238301e+04     1.008285579926380e+04     1.008330444692520e+04     1.008509903152365e+04
   27400           -1.16999290e+05            4.33865324e+00            9.94978136e-01            1.00364943e+00     1.001003985060449e+04     1.001044379148324e+04     1.001084797694323e+04     1.001125194800561e+04     1.001165598254758e+04     1.001327211449068e+04
   27600           -1.16805301e+05            1.92247547e+00            9.97357330e-01            1.00119950e+00     1.004615101514447e+04     1.004625025853182e+04     1.004634978031023e+04     1.004644907322637e+04     1.004654842811092e+04     1.004694584107738e+04
   27800           -1.16906380e+05            2.69103573e+00            9.96629830e-01            1.00200822e+00     1.000115120112660e+04     1.000134695625181e+04     1.000154300414150e+04     1.000173883099606e+04     1.000193471022239e+04     1.000271821931817e+04
   28000           -1.17134691e+05            2.35485537e+00            9.96925485e-01            1.00163179e+00     1.003262782726513e+04     1.003278585680240e+04     1.003294421884613e+04     1.003310231005746e+04     1.003326047355100e+04     1.003389311983687e+04
   28200           -1.17023223e+05            3.13704556e+00            9.96168229e-01            1.00243793e+00     1.006148761010151e+04     1.006173717948693e+04     1.006198704650564e+04     1.006223667108329e+04     1.006248636022786e+04     1.006348511035421e+04
   28400           -1.16957688e+05            4.05553150e+00            9.95257910e-01            1.00336334e+00     9.941948992635374e+03     9.942317512995030e+03     9.942686349175794e+03     9.943054941662453e+03     9.943423593142292e+03     9.944898193649209e+03
   28600           -1.17252048e+05            2.75221273e+00            9.96526361e-01            1.00202679e+00     1.010601804058040e+04     1.010621669662073e+04     1.010641570194250e+04     1.010661445966224e+04     1.010681326830616e+04     1.010760849603191e+04
   28800           -1.16972493e+05            5.94751147e+00            9.93369345e-01            1.00525605e+00     1.005836223676500e+04     1.005896647230572e+04     1.005957102457561e+04     1.006017532164398e+04     1.006077968563003e+04     1.006319713449507e+04
   29000           -1.17181965e+05            3.60990514e+00            9.95690082e-01            1.00290479e+00     1.007018364665099e+04     1.007048994334213e+04     1.007079660649890e+04     1.007110300286760e+04     1.007140945723780e+04     1.007263526782460e+04
   29200           -1.17122799e+05            3.31014365e+00            9.95984199e-01            1.00259977e+00     1.007415398858527e+04     1.007442710873239e+04     1.007470051954114e+04     1.007497371071156e+04     1.007524695383780e+04     1.007633991909033e+04
   29400           -1.17236958e+05            2.85248151e+00            9.96432915e-01            1.00213377e+00     1.007749996879651e+04     1.007771636873284e+04     1.007793307819071e+04     1.007814954753666e+04     1.007836607608631e+04     1.007923218337612e+04
   29600           -1.17195065e+05            4.72955404e+00            9.94621064e-01            1.00407393e+00     1.006219682796661e+04     1.006265330781980e+04     1.006311007497126e+04     1.006356663153312e+04     1.006402323501846e+04     1.006584964207031e+04
   29800           -1.17137187e+05            2.47808466e+00            9.96808387e-01            1.00176100e+00     9.975726633630755e+03     9.975893415564293e+03     9.976060555501299e+03     9.976227426709998e+03     9.976394360078468e+03     9.977062086526181e+03
   30000           -1.16994154e+05            2.83790208e+00            9.96453718e-01            1.00212547e+00     9.967376221022118e+03     9.967591052137439e+03     9.967806220454786e+03     9.968021136442612e+03     9.968236110790398e+03     9.969096000558677e+03
   30200           -1.17047301e+05            3.71196967e+00            9.95580894e-01            1.00299953e+00     9.997198450338432e+03     9.997521305517577e+03     9.997844517421760e+03     9.998167465306837e+03     9.998490472205969e+03     9.999782494073506e+03
   30400           -1.16846766e+05            3.53452172e+00            9.95758253e-01            1.00282225e+00     1.008646602767369e+04     1.008676738837691e+04     1.008706906568382e+04     1.008737048275387e+04     1.008767197005572e+04     1.008887791243775e+04
   30600           -1.17058379e+05            3.57546853e+00            9.95701937e-01            1.00284766e+00     9.931002206843255e+03     9.931308083974525e+03     9.931614361587341e+03     9.931920351162225e+03     9.932226401308169e+03     9.933450595773082e+03
   30800           -1.17291282e+05            2.26260154e+00            9.97035284e-01            1.00155730e+00     9.978306000809751e+03     9.978448348826878e+03     9.978591081581089e+03     9.978733529901463e+03     9.978876041916732e+03     9.979446083023713e+03
   31000           -1.17202083e+05            9.02857799e+00            9.90288669e-01            1.00833289e+00     1.005312272095995e+04     1.005411071684471e+04     1.005509910910688e+04     1.005608720163739e+04     1.005707536409350e+04     1.006102800722705e+04
   31200           -1.17323027e+05            2.72382650e+00            9.96591973e-01            1.00203588e+00     1.004444466807484e+04     1.004464559551017e+04     1.004484687379810e+04     1.004504787956631e+04     1.004524895272933e+04     1.004605323738383e+04
   31400           -1.17287505e+05            4.81766172e+00            9.94538555e-01            1.00416757e+00     9.919449823204810e+03     9.919914584085565e+03     9.920379700792269e+03     9.920844552376906e+03     9.921309464491531e+03     9.923169105778250e+03
   31600           -1.17237589e+05            2.53780715e+00            9.96800577e-01            1.00187281e+00     1.008223703470318e+04     1.008241677303433e+04     1.008259683173577e+04     1.008277664995133e+04     1.008295652386504e+04     1.008367601302691e+04
   31800           -1.17072262e+05            2.91249291e+00            9.96386571e-01            1.00220744e+00     1.002186709502284e+04     1.002209007310972e+04     1.002231338697084e+04     1.002253644221855e+04     1.002275956025144e+04     1.002365202548004e+04
   32000           -1.17081583e+05            3.31677503e+00            9.95955764e-01            1.00258445e+00     1.003446050250186e+04     1.003473470089141e+04     1.003500923895919e+04     1.003528351616381e+04     1.003555785637874e+04     1.003665521025563e+04
   32200           -1.17125285e+05            3.63804672e+00            9.95647287e-01            1.00291813e+00     1.011187487557724e+04     1.011218763578068e+04     1.011250082427759e+04     1.011281372137358e+04     1.011312667250732e+04     1.011437846943740e+04
   32400           -1.17205320e+05            7.71974839e+00            9.91647768e-01            1.00707711e+00     1.007501035865600e+04     1.007583778071249e+04     1.007666551332699e+04     1.007749301054675e+04     1.007832056309465e+04     1.008163076753331e+04
   32600           -1.16906423e+05            4.06705878e+00            9.95179077e-01            1.00330699e+00     9.967688007207609e+03     9.968057228452932e+03     9.968426868122689e+03     9.968796195095734e+03     9.969165593069691e+03     9.970643178931770e+03
   32800           -1.17075003e+05            2.30665654e+00            9.97008152e-01            1.00161829e+00     9.996460852128626e+03     9.996606475062415e+03     9.996752436201863e+03     9.996898136934979e+03     9.997043901081994e+03     9.997626950035359e+03
   33000           -1.17420208e+05            4.14760542e+00            9.95157946e-01            1.00344732e+00     9.985124234989144e+03     9.985502169798890e+03     9.985880425462832e+03     9.986258431847360e+03     9.986636499395867e+03     9.988148763802590e+03
   33200           -1.17408759e+05            3.60301651e+00            9.95716742e-01            1.00291782e+00     1.014104824313059e+04     1.014135846938763e+04     1.014166897092925e+04     1.014197925028949e+04     1.014228958832853e+04     1.014353093352647e+04
   33400           -1.17308278e+05            5.46920449e+00            9.93842440e-01            1.00477317e+00     1.002279436459674e+04     1.002333896686376e+04     1.002388391924559e+04     1.002442859821587e+04     1.002497334493982e+04     1.002715232528291e+04
   33600           -1.17332330e+05            7.45285756e+00            9.91887620e-01            1.00678315e+00     1.005217036016272e+04     1.005296593077251e+04     1.005376184772455e+04     1.005455749870246e+04     1.005535321347665e+04     1.005853606679059e+04
   33800           -1.17107136e+05            3.32123331e+00            9.95935845e-01            1.00257334e+00     9.989381851056331e+03     9.989656489488856e+03     9.989931535885356e+03     9.990206278059233e+03     9.990481089501603e+03     9.991580327946878e+03
   34000           -1.17287270e+05            4.98149081e+00            9.94311480e-01            1.00426730e+00     1.007727964177398e+04     1.007775967330446e+04     1.007824006851073e+04     1.007872018239280e+04     1.007920036528923e+04     1.008112108880448e+04
   34200           -1.17070326e+05            8.42338391e+00            9.90931422e-01            1.00776683e+00     1.004166011776095e+04     1.004257411891648e+04     1.004348840680276e+04     1.004440244875394e+04     1.004531656133415e+04     1.004897300490735e+04
   34400           -1.17164096e+05            5.48174896e+00            9.93842117e-01            1.00479805e+00     1.007250693163164e+04     1.007305033958346e+04     1.007359406327873e+04     1.007413752482926e+04     1.007468105840814e+04     1.007685518518463e+04
   34600           -1.17022009e+05            5.29125217e+00            9.94037359e-01            1.00461262e+00     1.009878860619653e+04     1.009930794422049e+04     1.009982761577248e+04     1.010034702304660e+04     1.010086649754084e+04     1.010294438888514e+04
   34800           -1.17231596e+05            5.15717148e+00            9.94159248e-01            1.00446641e+00     1.002317372851958e+04     1.002367923575277e+04     1.002418506742753e+04     1.002469064531961e+04     1.002519628642550e+04     1.002721884433142e+04
   35000           -1.17091166e+05            5.52570286e+00            9.93763310e-01            1.00480670e+00     1.008217750209231e+04     1.008273149945685e+04     1.008328585082229e+04     1.008383993046925e+04     1.008439407506621e+04     1.008661064804011e+04
   35200           -1.16980973e+05            5.06421653e+00            9.94272508e-01            1.00439410e+00     1.010710719578271e+04     1.010760234602632e+04     1.010809778324860e+04     1.010859297883065e+04     1.010908824203467e+04     1.011106928828663e+04
   35400           -1.17213054e+05            5.17133968e+00            9.94152676e-01            1.00448823e+00     1.000586942018958e+04     1.000637445539518e+04     1.000687985403761e+04     1.000738498363380e+04     1.000789017405718e+04     1.000991092792479e+04
   35600           -1.17270310e+05            3.09747685e+00            9.96211312e-01            1.00240195e+00     1.012017708532104e+04     1.012042440124373e+04     1.012067207951896e+04     1.012091949249383e+04     1.012116696435696e+04     1.012215684339289e+04
   35800           -1.17292546e+05            5.45659133e+00            9.93853855e-01            1.00475936e+00     9.985086136162152e+03     9.985630043152170e+03     9.986174312452908e+03     9.986718304225833e+03     9.987262362811893e+03     9.989438589461635e+03
   36000           -1.17228098e+05            4.88981183e+00            9.94420817e-01            1.00419359e+00     1.002106420235792e+04     1.002153974593093e+04     1.002201559760067e+04     1.002249120674488e+04     1.002296687715107e+04     1.002486955194422e+04
   36200           -1.17111438e+05            6.36898023e+00            9.92935440e-01            1.00566431e+00     1.008598447600078e+04     1.008664321453514e+04     1.008730223844416e+04     1.008796102522449e+04     1.008861987697499e+04     1.009125527794920e+04
   36400           -1.17284946e+05            1.07766308e+01            9.88594127e-01            1.01013284e+00     9.923797846129793e+03     9.924999524777735e+03     9.926201571199610e+03     9.927403338479224e+03     9.928605171078434e+03     9.933412496027073e+03
   36600           -1.17267691e+05            7.92698391e+00            9.91422210e-01            1.00726544e+00     1.007000374138890e+04     1.007085394965584e+04     1.007170450542098e+04     1.007255480689341e+04     1.007340516449001e+04     1.007680658759113e+04
   36800           -1.17071902e+05            8.73075485e+00            9.90587660e-01            1.00803672e+00     1.006743083653472e+04     1.006838452591973e+04     1.006933857533041e+04     1.007029233896356e+04     1.007124617532635e+04     1.007506151411798e+04
   37000           -1.17129113e+05            9.94226857e+00            9.89461380e-01            1.00933328e+00     1.006414508165596e+04     1.006524904087147e+04     1.006635326709459e+04     1.006745727933525e+04     1.006856134740289e+04     1.007297761314981e+04
   37200           -1.16950437e+05            1.07744002e+01            9.88569864e-01            1.01010354e+00     1.001766925580652e+04     1.001887578244590e+04     1.002008269448547e+04     1.002128931198927e+04     1.002249599934698e+04     1.002732274288743e+04
   37400           -1.17139318e+05            9.36353868e+00            9.89988496e-01            1.00870277e+00     9.931369394578267e+03     9.932405078176258e+03     9.933441105371434e+03     9.934476864773420e+03     9.935512690579322e+03     9.939655986580377e+03
   37600           -1.17164117e+05            1.00238462e+01            9.89306272e-01            1.00933972e+00     1.003799777975306e+04     1.003910939444777e+04     1.004022137075723e+04     1.004133307704669e+04     1.004244484525659e+04     1.004689191076012e+04
   37800           -1.16944328e+05            1.08419819e+01            9.88551716e-01            1.01022153e+00     1.001671543656841e+04     1.001792943330839e+04     1.001914375223177e+04     1.002035781640357e+04     1.002157194497426e+04     1.002642845338010e+04
   38000           -1.17201398e+05            8.42787462e+00            9.90903204e-01            1.00774718e+00     1.000515905084492e+04     1.000607370871626e+04     1.000698869728992e+04     1.000790342544230e+04     1.000881821905770e+04     1.001247738727047e+04
   38200           -1.17279922e+05            7.81783742e+00            9.91519831e-01            1.00714475e+00     1.004583993244930e+04     1.004667677621856e+04     1.004751392656418e+04     1.004835082780494e+04     1.004918779566729e+04     1.005253565888529e+04
   38400           -1.16779339e+05            8.32256067e+00            9.91018898e-01            1.00765258e+00     1.010045381499651e+04     1.010135227378427e+04     1.010225106615083e+04     1.010314960653213e+04     1.010404820567512e+04     1.010764259635373e+04
   38600           -1.17133399e+05            1.37623463e+01            9.85657664e-01            1.01316441e+00     1.004022415181457e+04     1.004180673263846e+04     1.004338968210251e+04     1.004497235251365e+04     1.004655508894386e+04     1.005288602607315e+04
   38800           -1.16918970e+05            7.88319675e+00            9.91423188e-01            1.00717823e+00     1.006043152391926e+04     1.006127338042020e+04     1.006211564101696e+04     1.006295760690583e+04     1.006379963665144e+04     1.006716774938363e+04
   39000           -1.16889576e+05            7.87907779e+00            9.91463504e-01            1.00721089e+00     1.014665073470122e+04     1.014749901314796e+04     1.014834759220005e+04     1.014919592273103e+04     1.015004432136557e+04     1.015343790802992e+04
   39200           -1.16855223e+05            1.03985410e+01            9.88975330e-01            1.00975850e+00     9.995364832626638e+03     9.996525345580591e+03     9.997686157284965e+03     9.998846720958116e+03     1.000000735246297e+04     1.000464987229930e+04
   39400           -1.17003637e+05            7.27309180e+00            9.92027797e-01            1.00656348e+00     1.006344550724732e+04     1.006421189539292e+04     1.006497867186002e+04     1.006574517444305e+04     1.006651173233407e+04     1.006957795742082e+04
   39600           -1.16877093e+05            5.86957108e+00            9.93464168e-01            1.00519531e+00     9.978157034070135e+03     9.978753415072040e+03     9.979350210797496e+03     9.979946704767657e+03     9.980543264173857e+03     9.982929494277580e+03
   39800           -1.16949085e+05            1.23731348e+01            9.87025043e-01            1.01175496e+00     1.003330834673088e+04     1.003471694494131e+04     1.003612585810065e+04     1.003753453363788e+04     1.003894326499723e+04     1.004457818326357e+04
   40000           -1.16759027e+05            1.17583027e+01            9.87630894e-01            1.01113187e+00     9.967026583048386e+03     9.968359591557213e+03     9.969692948669433e+03     9.971026055126355e+03     9.972359214572594e+03     9.977691846096803e+03
   40200           -1.16970114e+05            1.55968910e+01            9.83816047e-01            1.01498866e+00     1.010991140924961e+04     1.011172045722979e+04     1.011352982193316e+04     1.011533894200151e+04     1.011714812189940e+04     1.012438483454920e+04
   40400           -1.16757087e+05            5.77547333e+00            9.93550885e-01            1.00509388e+00     9.971874427556804e+03     9.972457362426439e+03     9.973040651198398e+03     9.973623673589269e+03     9.974206758275444e+03     9.976539088994083e+03
   40600           -1.17067954e+05            7.38959170e+00            9.91923368e-01            1.00669205e+00     1.001279843275921e+04     1.001358189828218e+04     1.001436569908057e+04     1.001514924952385e+04     1.001593285724877e+04     1.001906728173833e+04
   40800           -1.16772852e+05            7.87299978e+00            9.91461235e-01            1.00719634e+00     9.935067819892953e+03     9.935912300604308e+03     9.936757127081411e+03     9.937601680202042e+03     9.938446302053460e+03     9.941824784213968e+03
   41000           -1.16910268e+05            6.02544306e+00            9.93296093e-01            1.00533861e+00     1.000977759344440e+04     1.001039014901540e+04     1.001100306391909e+04     1.001161570381562e+04     1.001222840921474e+04     1.001467922498508e+04
   41200           -1.16830534e+05            3.41455823e+00            9.95907065e-01            1.00273151e+00     9.907691731256284e+03     9.907983161214866e+03     9.908274978739224e+03     9.908566514222441e+03     9.908858110828518e+03     9.910024490400754e+03
   41400           -1.16639588e+05            5.33043718e+00            9.93943201e-01            1.00459619e+00     1.006145520697894e+04     1.006197650605717e+04     1.006249815777422e+04     1.006301953728928e+04     1.006354098318735e+04     1.006562675939576e+04
   41600           -1.16820145e+05            4.64479987e+00            9.94645387e-01            1.00392829e+00     9.966618727284429e+03     9.967060421812543e+03     9.967502505892786e+03     9.967944299763174e+03     9.968386159262354e+03     9.970153591240281e+03
   41800           -1.16899433e+05            1.03889212e+01            9.88985310e-01            1.00974926e+00     1.000717036253896e+04     1.000833092534962e+04     1.000949180591098e+04     1.001065243527117e+04     1.001181312906237e+04     1.001645589558578e+04
   42000           -1.16823373e+05            4.38854259e+00            9.94936354e-01            1.00370743e+00     9.907041226432693e+03     9.907451100884677e+03     9.907861321684872e+03     9.908271274351730e+03     9.908681292355403e+03     9.910321358278110e+03
   42200           -1.16522239e+05            6.72437862e+00            9.92554869e-01            1.00599366e+00     1.000052374514015e+04     1.000122352353743e+04     1.000192367883393e+04     1.000262354263989e+04     1.000332347726456e+04     1.000612320938896e+04
   42400           -1.16827429e+05            5.77359773e+00            9.93580005e-01            1.00511956e+00     1.005803325121745e+04     1.005862298473926e+04     1.005921305804985e+04     1.005980286927539e+04     1.006039274447045e+04     1.006275223772344e+04
   42600           -1.16895373e+05            9.38452590e+00            9.89985402e-01            1.00874196e+00     1.009608905911524e+04     1.009712078865448e+04     1.009815282617396e+04     1.009918461543988e+04     1.010021646981000e+04     1.010434388050476e+04
   42800           -1.16967392e+05            5.58334477e+00            9.93775811e-01            1.00493519e+00     9.979755105780449e+03     9.980315054718589e+03     9.980875312990080e+03     9.981435350561364e+03     9.981995434855247e+03     9.984235763930046e+03
   43000           -1.17283868e+05            6.13969580e+00            9.93187562e-01            1.00545849e+00     1.002534379601029e+04     1.002597023857988e+04     1.002659704101384e+04     1.002722357375264e+04     1.002785016832973e+04     1.003035654064917e+04
   43200           -1.17105024e+05            9.18271890e+00            9.90186422e-01            1.00853965e+00     1.001771175000010e+04     1.001872208442745e+04     1.001973281870908e+04     1.002074325631475e+04     1.002175376053044e+04     1.002579577106079e+04
   43400           -1.16984396e+05            1.05721131e+01            9.88798875e-01            1.00992886e+00     1.001730174197202e+04     1.001848499480886e+04     1.001966859108757e+04     1.002085193435125e+04     1.002203533392579e+04     1.002676892587955e+04
   43600           -1.17202069e+05            7.53123311e+00            9.91796213e-01            1.00684819e+00     1.006623734730132e+04     1.006703951090001e+04     1.006784203368202e+04     1.006864428591609e+04     1.006944660156260e+04     1.007265585582388e+04
   43800           -1.17186481e+05            8.47632748e+00            9.90895178e-01            1.00783668e+00     9.917746250406783e+03     9.918669521613527e+03     9.919593102792842e+03     9.920516435797930e+03     9.921439832951006e+03     9.925133415495231e+03
   44000           -1.16854734e+05            9.54590237e+00            9.89787456e-01            1.00886583e+00     9.999646646155385e+03     1.000069445114733e+04     1.000174260314163e+04     1.000279049420052e+04     1.000383844590514e+04     1.000803024565490e+04
   44200           -1.16799774e+05            1.42603102e+01            9.85151781e-01            1.01365343e+00     1.005885313803206e+04     1.006049337044846e+04     1.006213393936793e+04     1.006377425768138e+04     1.006541463298075e+04     1.007197612792944e+04
   44400           -1.16826803e+05            1.12554040e+01            9.88100056e-01            1.01059523e+00     9.982321754822013e+03     9.983587538355061e+03     9.984853702712235e+03     9.986119594162104e+03     9.987385542843573e+03     9.992449330865134e+03
   44600           -1.17080703e+05            7.20104005e+00            9.92155987e-01            1.00654849e+00     1.009817266992120e+04     1.009893519629001e+04     1.009969803216541e+04     1.010046062032770e+04     1.010122327276718e+04     1.010427387561315e+04
   44800           -1.17061333e+05            8.31117015e+00            9.91036912e-01            1.00764794e+00     9.939733527574437e+03     9.940635729395557e+03     9.941538347639824e+03     9.942440666392615e+03     9.943343048368730e+03     9.946952569163024e+03
   45000           -1.16987147e+05            1.08464494e+01            9.88468936e-01            1.01014596e+00     9.998340688435492e+03     9.999551647113767e+03     1.000076295924632e+04     1.000197400737917e+04     1.000318511571492e+04     1.000802954299435e+04
   45200           -1.16875806e+05            1.01085464e+01            9.89282386e-01            1.00948634e+00     1.005356800307449e+04     1.005469366998342e+04     1.005581964439466e+04     1.005694537625134e+04     1.005807116946093e+04     1.006257433584736e+04
   45400           -1.16743818e+05            6.84494288e+00            9.92461398e-01            1.00614151e+00     1.001952152452921e+04     1.002023208193244e+04     1.002094302040474e+04     1.002165367727794e+04     1.002236439724249e+04     1.002520726995577e+04
   45600           -1.16996518e+05            8.41216733e+00            9.90927279e-01            1.00774001e+00     1.002018552527898e+04     1.002109389908930e+04     1.002200260223987e+04     1.002291106308678e+04     1.002381957810885e+04     1.002745363093871e+04
   45800           -1.16913597e+05            5.90272443e+00            9.93466426e-01            1.00526425e+00     9.924662017818644e+03     9.925260373604746e+03     9.925859046968306e+03     9.926457494255068e+03     9.927055989244163e+03     9.929449960669683e+03
   46000           -1.16861511e+05            3.41560154e+00            9.95897041e-01            1.00272351e+00     9.990599597108496e+03     9.990883939250378e+03     9.991168626357490e+03     9.991453061306844e+03     9.991737551288619e+03     9.992875505468741e+03
   46200           -1.16939894e+05            3.44431608e+00            9.95883006e-01            1.00276696e+00     1.005774935302426e+04     1.005803795796513e+04     1.005832695294800e+04     1.005861564522305e+04     1.005890441116863e+04     1.006005946931300e+04
   46400           -1.17155359e+05            3.73485880e+00            9.95574649e-01            1.00303915e+00     9.951381249477752e+03     9.951709957205594e+03     9.952039029660635e+03     9.952367816402466e+03     9.952696674640112e+03     9.954012099802472e+03
   46600           -1.17009119e+05            6.04672787e+00            9.93268502e-01            1.00535348e+00     1.001452846641151e+04     1.001514288747235e+04     1.001575763873669e+04     1.001637213845192e+04     1.001698669809367e+04     1.001944492977583e+04
   46800           -1.17074585e+05            4.11228146e+00            9.95247746e-01            1.00346698e+00     9.987160142220042e+03     9.987535057133080e+03     9.987910278664289e+03     9.988285270037342e+03     9.988660315820774e+03     9.990160489421507e+03
   47000           -1.17125381e+05            1.62726361e+00            9.97691588e-01            1.00094389e+00     9.842148142130147e+03     9.842213565438173e+03     9.842279298650064e+03     9.842344767071048e+03     9.842410311268442e+03     9.842672480406740e+03
   47200           -1.17034062e+05            4.61230305e+00            9.94696114e-01            1.00391425e+00     9.900610209662431e+03     9.901047916356431e+03     9.901485882441199e+03     9.901923648319545e+03     9.902361463853720e+03     9.904112718045008e+03
   47400           -1.16862969e+05            2.01250678e+00            9.97316767e-01            1.00133907e+00     1.005981428335511e+04     1.005993116064358e+04     1.006004842911806e+04     1.006016541367373e+04     1.006028245915282e+04     1.006075063495052e+04
   47600           -1.16875899e+05            4.39879324e+00            9.94897139e-01            1.00368845e+00     9.952417797575308e+03     9.952829001856400e+03     9.953240525005336e+03     9.953651799074612e+03     9.954063135834971e+03     9.955708474094634e+03
   47800           -1.16712089e+05            3.45633895e+00            9.95799605e-01            1.00270709e+00     1.002575482073437e+04     1.002604223569679e+04     1.002633005364983e+04     1.002661757575525e+04     1.002690516311870e+04     1.002805550550302e+04
   48000           -1.16918217e+05            4.47975186e+00            9.94824359e-01            1.00377754e+00     9.976747823009280e+03     9.977168151866272e+03     9.977588758224194e+03     9.978009143302434e+03     9.978429585333733e+03     9.980111347658189e+03
   48200           -1.16828802e+05            6.96880740e+00            9.92396468e-01            1.00632495e+00     9.982761051128538e+03     9.983494891979381e+03     9.984229022111867e+03     9.984962928249490e+03     9.985696889685380e+03     9.988632728242219e+03
   48400           -1.16997092e+05            3.76353483e+00            9.95559673e-01            1.00308159e+00     9.936711695600903e+03     9.937044021404627e+03     9.937376642401259e+03     9.937709028488543e+03     9.938041474548743e+03     9.939371253496583e+03
   48600           -1.16958866e+05            4.80958212e+00            9.94489713e-01            1.00410203e+00     9.862160347626228e+03     9.862623340737524e+03     9.863086621565279e+03     9.863549658979708e+03     9.864012764649991e+03     9.865865181673755e+03
   48800           -1.17053803e+05            3.48141019e+00            9.95807012e-01            1.00276483e+00     9.971753061449550e+03     9.972044044749371e+03     9.972335321431981e+03     9.972626352607382e+03     9.972917451420330e+03     9.974081841391111e+03
   49000           -1.17204104e+05            2.22617111e+00            9.97119330e-01            1.00156874e+00     9.986625264613718e+03     9.986766156303072e+03     9.986907409735617e+03     9.987048388145646e+03     9.987189431602097e+03     9.987753598590476e+03
   49200           -1.17295675e+05            3.58672748e+00            9.95729947e-01            1.00289845e+00     1.000400107395044e+04     1.000430808217960e+04     1.000461538799127e+04     1.000492245401843e+04     1.000522958283898e+04     1.000645809172752e+04
   49400           -1.17294511e+05            3.15036692e+00            9.96182646e-01            1.00247914e+00     9.906169341552841e+03     9.906427317103004e+03     9.906685617097735e+03     9.906943663477239e+03     9.907201773114981e+03     9.908234204677121e+03
   49600           -1.17371318e+05            2.14034111e+00            9.97167552e-01            1.00144526e+00     1.000342482938489e+04     1.000355221905568e+04     1.000367994100293e+04     1.000380742006705e+04     1.000393495219815e+04     1.000444507501141e+04
   49800           -1.17063268e+05            4.53925940e+00            9.94749591e-01            1.00382156e+00     1.004314332596059e+04     1.004356838004506e+04     1.004399375533620e+04     1.004441887555353e+04     1.004484406119354e+04     1.004654479642650e+04
   50000           -1.17249674e+05            2.14924689e+00            9.97186106e-01            1.00148173e+00     9.987230875731400e+03     9.987353733610535e+03     9.987476930794544e+03     9.987599886021386e+03     9.987722891492494e+03     9.988214907253590e+03
