#This file was generated on Thu Apr 27 00:43:34 2023
#Using the somd command, of the molecular library Sire version <2023.1.3> 
#For more information visit: https://github.com/openbiosim/sire
#
#General information on simulation parameters:
#Simulation used 25000 moves, 2 cycles and 200 ps of simulation time
#Generating lambda is		 0.37500
#Alchemical array is		 (0.0, 0.125, 0.25, 0.375, 0.5, 1.0)
#Generating temperature is 	25°C
#Energy was saved every 200 steps 
#
#
#   [step]      [potential kcal/mol]       [gradient kcal/mol]      [forward Metropolis]     [backward Metropolis]                   [u_kl]
#   [step]      [potential kcal/mol]       [gradient kcal/mol]      [forward Metropolis]     [backward Metropolis]                   [u_kl]
     200           -1.33862993e+05            1.96283824e+00            9.98097956e-01            1.00202387e+00     2.416005887784918e+04     2.416029728512800e+04     2.416053655887474e+04     2.416077523071631e+04     2.416101401597115e+04     2.416196915409312e+04
     400           -1.29953093e+05            1.91649892e+00            9.98144510e-01            1.00197774e+00     2.425702847187960e+04     2.425726105726928e+04     2.425749446100937e+04     2.425772729038373e+04     2.425796023129983e+04     2.425889199072006e+04
     600           -1.27423887e+05            3.18348449e+00            9.96877678e-01            1.00324502e+00     2.402486027277141e+04     2.402525153656848e+04     2.402564364032687e+04     2.402603518377999e+04     2.402642682198363e+04     2.402799337119585e+04
     800           -1.25689426e+05            2.29816488e+00            9.97755791e-01            1.00235236e+00     2.412087739293390e+04     2.412115829943323e+04     2.412144011475609e+04     2.412172129261284e+04     2.412200259445235e+04     2.412312779597080e+04
    1000           -1.24688790e+05            5.81522329e+00            9.94261347e-01            1.00589256e+00     2.421986402301491e+04     2.422058364688919e+04     2.422130413175922e+04     2.422202403456222e+04     2.422274403941893e+04     2.422562405582295e+04
    1200           -1.23756762e+05            4.38773172e+00            9.95672195e-01            1.00444813e+00     2.413136134115971e+04     2.413190306404748e+04     2.413244559763297e+04     2.413298756456656e+04     2.413352964053598e+04     2.413569793991224e+04
    1400           -1.23518208e+05            7.86390723e+00            9.92227659e-01            1.00795660e+00     2.418460909249622e+04     2.418558448091100e+04     2.418656081224588e+04     2.418753652764026e+04     2.418851234056492e+04     2.419241558863363e+04
    1600           -1.23118693e+05            1.67937068e+00            9.98380217e-01            1.00173916e+00     2.417993650998335e+04     2.418013936336304e+04     2.418034300010046e+04     2.418054607969773e+04     2.418074927111542e+04     2.418156203224748e+04
    1800           -1.23289051e+05            1.87526217e+00            9.98189872e-01            1.00194064e+00     2.432582979427509e+04     2.432605613406031e+04     2.432628331068842e+04     2.432650990441351e+04     2.432673660902710e+04     2.432764342377911e+04
    2000           -1.22791334e+05            5.47194087e+00            9.94599980e-01            1.00554454e+00     2.422568084634412e+04     2.422635810221141e+04     2.422703616315489e+04     2.422771366499649e+04     2.422839127307435e+04     2.423110169980459e+04
    2200           -1.22668249e+05            4.67736017e+00            9.95388319e-01            1.00474359e+00     2.406100208115178e+04     2.406157995345591e+04     2.406215872793751e+04     2.406273688171358e+04     2.406331514939618e+04     2.406562821764058e+04
    2400           -1.22986355e+05            3.37949124e+00            9.96684648e-01            1.00344404e+00     2.415211090712587e+04     2.415252598842575e+04     2.415294194593415e+04     2.415335728616938e+04     2.415377274743154e+04     2.415543458773722e+04
    2600           -1.22702752e+05            3.18906681e+00            9.96876440e-01            1.00325497e+00     2.420231365671986e+04     2.420270472668028e+04     2.420309668128450e+04     2.420348802092291e+04     2.420387947697353e+04     2.420544529722719e+04
    2800           -1.22645750e+05            1.46391185e+00            9.98590944e-01            1.00151893e+00     2.426380330019665e+04     2.426397985944745e+04     2.426415720083431e+04     2.426433397216070e+04     2.426451086394601e+04     2.426521842769538e+04
    3000           -1.22506949e+05            4.83411162e+00            9.95238447e-01            1.00490730e+00     2.417469542222757e+04     2.417529215721006e+04     2.417588977957842e+04     2.417648677672810e+04     2.417708389645216e+04     2.417947237067675e+04
    3200           -1.22528467e+05            4.12754621e+00            9.95936914e-01            1.00419249e+00     2.406015509318065e+04     2.406066417241760e+04     2.406117403795748e+04     2.406168336027920e+04     2.406219278401541e+04     2.406423047485018e+04
    3400           -1.22454725e+05            2.16466925e+00            9.97890835e-01            1.00222041e+00     2.427361173284766e+04     2.427387657481194e+04     2.427414226816281e+04     2.427440737661123e+04     2.427467259265575e+04     2.427573345246385e+04
    3600           -1.22635383e+05            1.47106125e+00            9.98583087e-01            1.00152537e+00     2.423392123115894e+04     2.423409811999910e+04     2.423427586852670e+04     2.423445301364368e+04     2.423463027596741e+04     2.423533932077588e+04
    3800           -1.22435353e+05            3.76743864e+00            9.96303226e-01            1.00383860e+00     2.420868618606572e+04     2.420914963196535e+04     2.420961394910016e+04     2.421007765979404e+04     2.421054148619818e+04     2.421239678633065e+04
    4000           -1.22436201e+05            1.42943284e+00            9.98631310e-01            1.00149035e+00     2.421969760305809e+04     2.421986903923202e+04     2.422004139548748e+04     2.422021311850809e+04     2.422038495836022e+04     2.422107231366235e+04
    4200           -1.22648831e+05            4.35036639e+00            9.95715455e-01            1.00441671e+00     2.425929801290978e+04     2.425983520039854e+04     2.426037316947375e+04     2.426091058220781e+04     2.426144810649348e+04     2.426359820007719e+04
    4400           -1.22567525e+05            2.56484781e+00            9.97494399e-01            1.00262439e+00     2.412278919478294e+04     2.412310288872685e+04     2.412341738803072e+04     2.412373132630196e+04     2.412404537174667e+04     2.412530154871041e+04
    4600           -1.22535938e+05            4.24037722e+00            9.95835902e-01            1.00431726e+00     2.428655174517999e+04     2.428707396555434e+04     2.428759705726840e+04     2.428811956627919e+04     2.428864217406697e+04     2.429073260295395e+04
    4800           -1.22339103e+05            4.36264103e+00            9.95705385e-01            1.00443121e+00     2.405498385575872e+04     2.405552219407920e+04     2.405606131962856e+04     2.405659989083996e+04     2.405713857029854e+04     2.405929328483835e+04
    5000           -1.22290938e+05            3.56689643e+00            9.96505054e-01            1.00363933e+00     2.436037917692933e+04     2.436081737723391e+04     2.436125643119819e+04     2.436169489630598e+04     2.436213347119187e+04     2.436388776545441e+04
    5200           -1.22373963e+05            2.27815842e+00            9.97782656e-01            1.00233924e+00     2.413247570649340e+04     2.413275340137502e+04     2.413303194005923e+04     2.413330988825887e+04     2.413358795042474e+04     2.413470019435608e+04
    5400           -1.22258688e+05            9.22601243e-01            9.99139518e-01            1.00098483e+00     2.418155656940628e+04     2.418166435154621e+04     2.418177308153180e+04     2.418188115503302e+04     2.418198935114904e+04     2.418242213289182e+04
    5600           -1.22608057e+05            4.35510209e+00            9.95714934e-01            1.00442570e+00     2.424686436959139e+04     2.424740125825515e+04     2.424793897571184e+04     2.424847612265409e+04     2.424901337532331e+04     2.425116238105524e+04
    5800           -1.22401726e+05            3.43399733e+00            9.96633686e-01            1.00350212e+00     2.410445384365151e+04     2.410487573746016e+04     2.410529855207916e+04     2.410572076090093e+04     2.410614306776189e+04     2.410783229187227e+04
    6000           -1.22574143e+05            1.19339219e+00            9.98863921e-01            1.00125084e+00     2.423275745490801e+04     2.423290003174673e+04     2.423304353695590e+04     2.423318642549069e+04     2.423332941728594e+04     2.423390137966388e+04
    6200           -1.22365980e+05            3.73180117e+00            9.96332661e-01            1.00379671e+00     2.422377932393690e+04     2.422423939217774e+04     2.422470037800597e+04     2.422516074420717e+04     2.422562121943673e+04     2.422746311493655e+04
    6400           -1.22658718e+05            3.08061271e+00            9.96985946e-01            1.00314756e+00     2.430947751387518e+04     2.430985442019335e+04     2.431023220981416e+04     2.431060939033375e+04     2.431098668381930e+04     2.431249585376343e+04
    6600           -1.22599016e+05            1.94968328e+00            9.98106443e-01            1.00200602e+00     2.416044449611185e+04     2.416068181106250e+04     2.416091999040809e+04     2.416115755257004e+04     2.416139523918518e+04     2.416234598225852e+04
    6800           -1.22637147e+05            1.83630987e+00            9.98224208e-01            1.00189705e+00     2.418364832184622e+04     2.418387061473889e+04     2.418409373721904e+04     2.418431629514678e+04     2.418453895455400e+04     2.418542958726178e+04
    7000           -1.22286284e+05            4.77945569e+00            9.95293386e-01            1.00485292e+00     2.424660147741693e+04     2.424719127420267e+04     2.424778195608027e+04     2.424837201815321e+04     2.424896219982232e+04     2.425132292222771e+04
    7200           -1.22533358e+05            1.29084982e+00            9.98765476e-01            1.00134732e+00     2.415685417286453e+04     2.415700878325477e+04     2.415716426885290e+04     2.415731914149424e+04     2.415747413252463e+04     2.415809409218474e+04
    7400           -1.22347061e+05            9.92878805e-01            9.99071175e-01            1.00105706e+00     2.418300239365753e+04     2.418311891065046e+04     2.418323626785860e+04     2.418335302821856e+04     2.418346990780747e+04     2.418393742195742e+04
    7600           -1.22599829e+05            1.70001754e+00            9.98362186e-01            1.00176243e+00     2.433796344568268e+04     2.433816873242618e+04     2.433837488977459e+04     2.433858044925149e+04     2.433878611827705e+04     2.433960879087143e+04
    7800           -1.22362713e+05            3.60526087e+00            9.96458508e-01            1.00366946e+00     2.417717106215765e+04     2.417761504744896e+04     2.417805985644037e+04     2.417850406600443e+04     2.417894840172707e+04     2.418072574129650e+04
    8000           -1.22352349e+05            1.44569657e+00            9.98608669e-01            1.00150022e+00     2.416755143280193e+04     2.416772651155762e+04     2.416790237625779e+04     2.416807768563378e+04     2.416825310503224e+04     2.416895477726255e+04
    8200           -1.22216556e+05            1.93242325e+00            9.98127163e-01            1.00199224e+00     2.415454332609616e+04     2.415477808257225e+04     2.415501361468172e+04     2.415524860633104e+04     2.415548370157332e+04     2.415642407705048e+04
    8400           -1.22391095e+05            2.34403731e+00            9.97714511e-01            1.00240285e+00     2.414526650575028e+04     2.414555261056492e+04     2.414583960115543e+04     2.414612597472250e+04     2.414641246565379e+04     2.414755842555731e+04
    8600           -1.22379813e+05            3.99087758e+00            9.96074341e-01            1.00405658e+00     2.402122143747401e+04     2.402171260398030e+04     2.402220469799678e+04     2.402269616068804e+04     2.402318773662157e+04     2.402515403576913e+04
    8800           -1.22424086e+05            1.69057217e+00            9.98378054e-01            1.00175943e+00     2.413884565285995e+04     2.413904911205651e+04     2.413925330155576e+04     2.413945694119667e+04     2.413966070409918e+04     2.414047575533840e+04
    9000           -1.22384803e+05            1.01764196e+00            9.99045628e-01            1.00108104e+00     2.420567696085909e+04     2.420579627555094e+04     2.420591648823847e+04     2.420603609119170e+04     2.420615580289591e+04     2.420663464493272e+04
    9200           -1.22345901e+05            2.18138845e+00            9.97881860e-01            1.00224491e+00     2.403603541909167e+04     2.403630079574474e+04     2.403656704722336e+04     2.403683270114886e+04     2.403709846333805e+04     2.403816150758443e+04
    9400           -1.22145735e+05            4.33874645e+00            9.95720402e-01            1.00439836e+00     2.421916898429057e+04     2.421970512627084e+04     2.422024221402080e+04     2.422077865050548e+04     2.422131520790975e+04     2.422346143152892e+04
    9600           -1.22426499e+05            1.10808910e+00            9.98952883e-01            1.00116920e+00     2.418302818377357e+04     2.418315945889795e+04     2.418329158925916e+04     2.418342311097839e+04     2.418355475502036e+04     2.418408132626715e+04
    9800           -1.22418888e+05            2.05265878e+00            9.98016655e-01            1.00212225e+00     2.418773295542067e+04     2.418798151034463e+04     2.418823090434277e+04     2.418847969830765e+04     2.418872861379139e+04     2.418972427216211e+04
   10000           -1.22705411e+05            2.84311993e+00            9.97216357e-01            1.00290292e+00     2.416773254110470e+04     2.416808103258316e+04     2.416843036453372e+04     2.416877909968912e+04     2.416912795408093e+04     2.417052336705715e+04
   10200           -1.22447731e+05            2.60263825e+00            9.97460988e-01            1.00266658e+00     2.425328934870545e+04     2.425360662027564e+04     2.425392471191376e+04     2.425424222346970e+04     2.425455984938877e+04     2.425583035007209e+04
   10400           -1.22560890e+05            2.59280648e+00            9.97462629e-01            1.00264852e+00     2.429250209016271e+04     2.429281948513969e+04     2.429313779297264e+04     2.429345547612532e+04     2.429377327280925e+04     2.429504445545578e+04
   10600           -1.22615758e+05            2.15206403e+00            9.97908955e-01            1.00221334e+00     2.415044531909060e+04     2.415070722277636e+04     2.415097002178743e+04     2.415123221843929e+04     2.415149451960019e+04     2.415254372010977e+04
   10800           -1.22307277e+05            3.93711552e+00            9.96131598e-01            1.00400633e+00     2.411604432699397e+04     2.411652976412018e+04     2.411701615047504e+04     2.411750189304852e+04     2.411798774975215e+04     2.411993117251034e+04
   11000           -1.22320169e+05            4.67914352e+00            9.95388921e-01            1.00474778e+00     2.415811018474665e+04     2.415868750945848e+04     2.415926568689507e+04     2.415984327046892e+04     2.416042096665562e+04     2.416273174856460e+04
   11200           -1.22208368e+05            5.73967047e-01            9.99489694e-01            1.00063770e+00     2.412644559790207e+04     2.412650958003257e+04     2.412657442286609e+04     2.412663866492726e+04     2.412670302209681e+04     2.412696044629155e+04
   11400           -1.22493752e+05            1.98311329e+00            9.98072456e-01            1.00203890e+00     2.417146020304870e+04     2.417170136702589e+04     2.417194337636191e+04     2.417218478075200e+04     2.417242630795543e+04     2.417339241286216e+04
   11600           -1.22629823e+05            1.31106400e+00            9.98741585e-01            1.00136385e+00     2.417518573883848e+04     2.417534331228947e+04     2.417550176198782e+04     2.417565960995195e+04     2.417581756848433e+04     2.417644939813019e+04
   11800           -1.22647957e+05            1.84000586e+00            9.98221792e-01            1.00190203e+00     2.424127887474427e+04     2.424150181187682e+04     2.424172556331238e+04     2.424194874274970e+04     2.424217203305312e+04     2.424306519136197e+04
   12000           -1.22727485e+05            3.87601488e+00            9.96184018e-01            1.00393648e+00     2.414898150481993e+04     2.414945980622906e+04     2.414993895664413e+04     2.415041751788769e+04     2.415089619035786e+04     2.415281087589579e+04
   12200           -1.22493236e+05            2.52655749e+00            9.97529970e-01            1.00258336e+00     2.422562249270102e+04     2.422593177564819e+04     2.422624180380915e+04     2.422655130429367e+04     2.422686090969868e+04     2.422809932669635e+04
   12400           -1.22590935e+05            2.68571796e+00            9.97376529e-01            1.00274829e+00     2.409778095039018e+04     2.409810932868162e+04     2.409843856695622e+04     2.409876722605847e+04     2.409909598592648e+04     2.410041102146278e+04
   12600           -1.22581581e+05            1.73549347e+00            9.98326707e-01            1.00179791e+00     2.425922912844565e+04     2.425943887270811e+04     2.425964950804537e+04     2.425985951188351e+04     2.426006964109839e+04     2.426091015375114e+04
   12800           -1.22733010e+05            3.76591447e+00            9.96295113e-01            1.00382737e+00     2.419428380264289e+04     2.419474839325104e+04     2.419521380665722e+04     2.419567862552752e+04     2.419614356781678e+04     2.419800333299067e+04
   13000           -1.22375395e+05            2.22283031e+00            9.97835280e-01            1.00228119e+00     2.427963563080539e+04     2.427990673125752e+04     2.428017870485353e+04     2.428045006441715e+04     2.428072154355024e+04     2.428180745629510e+04
   13200           -1.22365242e+05            3.16816280e+00            9.96893703e-01            1.00323040e+00     2.423070880466567e+04     2.423109762324006e+04     2.423148733748924e+04     2.423187644271056e+04     2.423226565669477e+04     2.423382250872387e+04
   13400           -1.22240472e+05            2.31240269e+00            9.97747050e-01            1.00237212e+00     2.425351813489251e+04     2.425379999575310e+04     2.425408268549325e+04     2.425436476874620e+04     2.425464698143463e+04     2.425577582797676e+04
   13600           -1.22344331e+05            6.75141346e+00            9.93326547e-01            1.00683023e+00     2.422850132276534e+04     2.422933826523076e+04     2.423017610381004e+04     2.423101333754196e+04     2.423185067674472e+04     2.423520003072410e+04
   13800           -1.22395645e+05            1.04651056e+00            9.99007451e-01            1.00110058e+00     2.410217721905181e+04     2.410230149106634e+04     2.410242668571330e+04     2.410255124743177e+04     2.410267592518385e+04     2.410317463131589e+04
   14000           -1.22547558e+05            6.55555566e+00            9.93523764e-01            1.00663573e+00     2.406051959459916e+04     2.406133203774203e+04     2.406214531653300e+04     2.406295802078567e+04     2.406377083124098e+04     2.406702206788280e+04
   14200           -1.22386814e+05            1.98730627e+00            9.98067228e-01            1.00204205e+00     2.421782215669532e+04     2.421806386742781e+04     2.421830639863446e+04     2.421854835433941e+04     2.421879042217638e+04     2.421975868765744e+04
   14400           -1.22360075e+05            2.32066629e+00            9.97741621e-01            1.00238324e+00     2.421471986273734e+04     2.421500294959434e+04     2.421528686132534e+04     2.421557018812590e+04     2.421585363115721e+04     2.421698739957709e+04
   14600           -1.22390218e+05            2.56036644e+00            9.97499914e-01            1.00262095e+00     2.425801273742206e+04     2.425832594043950e+04     2.425863995793620e+04     2.425895343006037e+04     2.425926699557448e+04     2.426052125372689e+04
   14800           -1.22297965e+05            3.53237758e+00            9.96536311e-01            1.00360152e+00     2.423874776592519e+04     2.423918160370132e+04     2.423961627540803e+04     2.424005037046984e+04     2.424048457288580e+04     2.424222137984641e+04
   15000           -1.22491287e+05            3.42271894e+00            9.96640981e-01            1.00348683e+00     2.426281454782062e+04     2.426323525054334e+04     2.426365679474776e+04     2.426407775431764e+04     2.426449882442468e+04     2.426618310102874e+04
   15200           -1.22336439e+05            4.96250076e+00            9.95106693e-01            1.00503230e+00     2.419196488926051e+04     2.419257791228600e+04     2.419319173517538e+04     2.419380501231100e+04     2.419441838771209e+04     2.419687188616367e+04
   15400           -1.22430530e+05            1.17886633e+00            9.98882846e-01            1.00124072e+00     2.419141695086892e+04     2.419155636410703e+04     2.419169657969718e+04     2.419183624631196e+04     2.419197601327147e+04     2.419253507567401e+04
   15600           -1.22642568e+05            3.02557415e+00            9.97045146e-01            1.00309670e+00     2.424871038063757e+04     2.424908092632223e+04     2.424945238582766e+04     2.424982320563075e+04     2.425019414883208e+04     2.425167791702659e+04
   15800           -1.22641336e+05            1.12265272e+00            9.98938116e-01            1.00118356e+00     2.421151846556881e+04     2.421165161784408e+04     2.421178558463445e+04     2.421191898936021e+04     2.421205249842175e+04     2.421258653127469e+04
   16000           -1.22624820e+05            9.35998558e-01            9.99123657e-01            1.00099577e+00     2.404885490206557e+04     2.404896434088916e+04     2.404907455583301e+04     2.404918421154951e+04     2.404929398338923e+04     2.404973306471290e+04
   16200           -1.22780011e+05            3.29329728e+00            9.96771323e-01            1.00335832e+00     2.410064261940136e+04     2.410104694044552e+04     2.410145215633406e+04     2.410185677083646e+04     2.410226148999569e+04     2.410388036059001e+04
   16400           -1.22657389e+05            2.83923365e+00            9.97222778e-01            1.00290158e+00     2.424781946297307e+04     2.424816687508731e+04     2.424851510577596e+04     2.424886274160540e+04     2.424921050212776e+04     2.425060154128244e+04
   16600           -1.22571198e+05            1.24201265e+00            9.98812912e-01            1.00129707e+00     2.420418970510749e+04     2.420433830023079e+04     2.420448759267737e+04     2.420463635874499e+04     2.420478524491972e+04     2.420538078473194e+04
   16800           -1.22651083e+05            2.99547316e+00            9.97072348e-01            1.00306368e+00     2.411586219068151e+04     2.411622871888126e+04     2.411659609576734e+04     2.411696289993737e+04     2.411732980381894e+04     2.411879741695636e+04
   17000           -1.22603282e+05            2.47386578e+00            9.97590483e-01            1.00253852e+00     2.421081624746473e+04     2.421111807653217e+04     2.421142075847373e+04     2.421172283059980e+04     2.421202502634123e+04     2.421323380521773e+04
   17200           -1.22501413e+05            3.11532868e+00            9.96946723e-01            1.00317775e+00     2.417346530269926e+04     2.417384752483834e+04     2.417423066952321e+04     2.417461317284207e+04     2.417499579774588e+04     2.417652629279249e+04
   17400           -1.22621292e+05            2.02437595e+00            9.98040257e-01            1.00208927e+00     2.417413625324943e+04     2.417438165413023e+04     2.417462786110279e+04     2.417487348514283e+04     2.417511923043851e+04     2.417610220762758e+04
   17600           -1.22772377e+05            3.09193699e+00            9.96976617e-01            1.00316090e+00     2.415098565776108e+04     2.415136419700394e+04     2.415174358443728e+04     2.415212238039586e+04     2.415250128902432e+04     2.415401692028754e+04
   17800           -1.22719410e+05            9.13841405e-01            9.99141749e-01            1.00096953e+00     2.422545431766360e+04     2.422556161445236e+04     2.422566981470897e+04     2.422577739039731e+04     2.422588508295040e+04     2.422631584823720e+04
   18000           -1.22739097e+05            6.82478588e-01            9.99372556e-01            1.00073759e+00     2.425361473287889e+04     2.425369312915667e+04     2.425377252434878e+04     2.425385125481078e+04     2.425393009695546e+04     2.425424546103203e+04
   18200           -1.22427164e+05            7.01255881e-01            9.99354426e-01            1.00075702e+00     2.411705848184396e+04     2.411713936778810e+04     2.411722115358881e+04     2.411730230493682e+04     2.411738358061501e+04     2.411770867938606e+04
   18400           -1.22504950e+05            1.49621942e+00            9.98574389e-01            1.00156704e+00     2.420981620680377e+04     2.420999449063884e+04     2.421017369206428e+04     2.421035226865076e+04     2.421053095742211e+04     2.421124570804046e+04
   18600           -1.22429967e+05            8.45412710e+00            9.91640527e-01            1.00854999e+00     2.420792202191384e+04     2.420897175263620e+04     2.421002244793738e+04     2.421107249932874e+04     2.421212265991274e+04     2.421632329791164e+04
   18800           -1.22668730e+05            4.31651644e+00            9.95744185e-01            1.00437769e+00     2.414413808005444e+04     2.414467130631622e+04     2.414520542678019e+04     2.414573894048400e+04     2.414627256205050e+04     2.414840704404655e+04
   19000           -1.22478817e+05            3.95532385e+00            9.96112078e-01            1.00402322e+00     2.415008415221004e+04     2.415057148182864e+04     2.415105968612940e+04     2.415154728713301e+04     2.415203500031336e+04     2.415398584841667e+04
   19200           -1.22491718e+05            1.14922193e+00            9.98914821e-01            1.00121341e+00     2.417761061699312e+04     2.417774689778440e+04     2.417788407705823e+04     2.417802063854273e+04     2.417815731366017e+04     2.417870401032723e+04
   19400           -1.22299882e+05            9.47299830e-01            9.99110131e-01            1.00100484e+00     2.420832100543828e+04     2.420843239041327e+04     2.420854477287481e+04     2.420865651901688e+04     2.420876835775807e+04     2.420921571007785e+04
   19600           -1.22524919e+05            4.22769526e+00            9.95837697e-01            1.00429359e+00     2.424284510592435e+04     2.424336704854536e+04     2.424388985558223e+04     2.424441205916965e+04     2.424493437785800e+04     2.424702364979164e+04
   19800           -1.22512910e+05            2.19218574e+00            9.97869457e-01            1.00225409e+00     2.419879776351766e+04     2.419906512770509e+04     2.419933331066111e+04     2.419960093127062e+04     2.419986865502335e+04     2.420093954652904e+04
   20000           -1.22644272e+05            8.26225012e+00            9.91831951e-01            1.00835764e+00     2.420698849788807e+04     2.420801376560099e+04     2.420903980852012e+04     2.421006528839342e+04     2.421109088611866e+04     2.421519327434925e+04
   20200           -1.22728536e+05            4.90620052e+00            9.95155617e-01            1.00496855e+00     2.419628801179117e+04     2.419689504181492e+04     2.419750291516633e+04     2.419811019679077e+04     2.419871759352508e+04     2.420114717525899e+04
   20400           -1.22571885e+05            1.95925779e+00            9.98099650e-01            1.00201839e+00     2.419714782128911e+04     2.419738535820594e+04     2.419762374567299e+04     2.419786155032954e+04     2.419809946152868e+04     2.419905110176826e+04
   20600           -1.22504037e+05            3.91649428e+00            9.96146227e-01            1.00397967e+00     2.427378120734178e+04     2.427426403131731e+04     2.427474786129533e+04     2.427523101345440e+04     2.427571428362522e+04     2.427764735990866e+04
   20800           -1.22600500e+05            6.98253436e+00            9.93105006e-01            1.00707108e+00     2.423712476235359e+04     2.423799035509973e+04     2.423885674464210e+04     2.423972255968200e+04     2.424058849333554e+04     2.424405222431750e+04
   21000           -1.22589981e+05            2.28991139e+00            9.97763582e-01            1.00234364e+00     2.424011930100646e+04     2.424039875078365e+04     2.424067907180200e+04     2.424095878775138e+04     2.424123861858475e+04     2.424235793616305e+04
   21200           -1.22517490e+05            1.95807277e+00            9.98106411e-01            1.00202280e+00     2.425040688554730e+04     2.425064409646292e+04     2.425088209284509e+04     2.425111949787944e+04     2.425135703702434e+04     2.425230718850137e+04
   21400           -1.22622521e+05            4.91910879e+00            9.95154413e-01            1.00499328e+00     2.415118289585178e+04     2.415179036574735e+04     2.415239863160279e+04     2.415300635084460e+04     2.415361417066605e+04     2.415604544548032e+04
   21600           -1.22471208e+05            3.20943937e+00            9.96853088e-01            1.00327235e+00     2.423791883516529e+04     2.423831279394181e+04     2.423870763959342e+04     2.423910188580786e+04     2.423949623673595e+04     2.424107363830660e+04
   21800           -1.22311694e+05            4.52962909e+00            9.95544066e-01            1.00460393e+00     2.413820874823892e+04     2.413876688525233e+04     2.413932588988365e+04     2.413988428163633e+04     2.414044279419360e+04     2.414267684014828e+04
   22000           -1.22634912e+05            1.83411266e+00            9.98232275e-01            1.00190074e+00     2.417585931943258e+04     2.417608086904143e+04     2.417630328288990e+04     2.417652510645113e+04     2.417674703657645e+04     2.417763475372032e+04
   22200           -1.22531313e+05            3.48468838e+00            9.96577819e-01            1.00354760e+00     2.429582214637718e+04     2.429625049642292e+04     2.429667969436345e+04     2.429710832964196e+04     2.429753705901983e+04     2.429925197166247e+04
   22400           -1.22454835e+05            1.07978206e+00            9.98982438e-01            1.00114214e+00     2.425919487868335e+04     2.425932239601369e+04     2.425945076392114e+04     2.425957854810695e+04     2.425970643953153e+04     2.426021800037971e+04
   22600           -1.22538090e+05            2.53456179e+00            9.97522049e-01            1.00259145e+00     2.421458235013517e+04     2.421489261959355e+04     2.421520379479586e+04     2.421551434845948e+04     2.421582501610091e+04     2.421706768206665e+04
   22800           -1.22623770e+05            2.99579344e+00            9.97061923e-01            1.00305384e+00     2.409493671192984e+04     2.409530470852882e+04     2.409567346657890e+04     2.409604167300094e+04     2.409640999492117e+04     2.409788327791250e+04
   23000           -1.22694554e+05            2.57689952e+00            9.97481320e-01            1.00263541e+00     2.402774631803146e+04     2.402806131819715e+04     2.402837723506309e+04     2.402869253214799e+04     2.402900793832136e+04     2.403026955861126e+04
   23200           -1.22579475e+05            4.74855611e+00            9.95323519e-01            1.00482125e+00     2.415214127639497e+04     2.415272740545928e+04     2.415331437820372e+04     2.415390078805166e+04     2.415448729348050e+04     2.415683331056603e+04
   23400           -1.22436243e+05            1.53561255e+00            9.98521694e-01            1.00159309e+00     2.417592447767492e+04     2.417610977713535e+04     2.417629581805193e+04     2.417648134634766e+04     2.417666697052298e+04     2.417740946337104e+04
   23600           -1.22723930e+05            9.87730600e-01            9.99068419e-01            1.00104399e+00     2.436160627646773e+04     2.436172288637865e+04     2.436184029632371e+04     2.436195713118384e+04     2.436207408450825e+04     2.436254189254878e+04
   23800           -1.22752170e+05            1.07873278e+00            9.98979483e-01            1.00113707e+00     2.427925380177697e+04     2.427938156286412e+04     2.427951024289176e+04     2.427963831675496e+04     2.427976649021023e+04     2.428027917864348e+04
   24000           -1.22572432e+05            4.41793229e+00            9.95650439e-01            1.00448685e+00     2.426545401846202e+04     2.426599928653478e+04     2.426654533905555e+04     2.426709084672431e+04     2.426763645778786e+04     2.426981889711370e+04
   24200           -1.22676932e+05            8.71399497e-01            9.99182845e-01            1.00092574e+00     2.419864151916342e+04     2.419874364258094e+04     2.419884656950050e+04     2.419894893286493e+04     2.419905140571774e+04     2.419946129227205e+04
   24400           -1.22792279e+05            1.66841886e+00            9.98398342e-01            1.00173540e+00     2.414272210758231e+04     2.414292289929933e+04     2.414312457898467e+04     2.414332566344694e+04     2.414352685027021e+04     2.414433159295811e+04
   24600           -1.22663002e+05            1.70349477e+00            9.98357087e-01            1.00176428e+00     2.416916608837247e+04     2.416937151996454e+04     2.416957785069333e+04     2.416978357522316e+04     2.416998940583612e+04     2.417081272329979e+04
   24800           -1.22784837e+05            6.60013348e-01            9.99398331e-01            1.00071843e+00     2.421989904459986e+04     2.421997412548877e+04     2.422004997346226e+04     2.422012527744694e+04     2.422020068954297e+04     2.422050233448608e+04
   25000           -1.22929309e+05            4.94767336e+00            9.95118286e-01            1.00501421e+00     2.410231739529578e+04     2.410292946459011e+04     2.410354238019313e+04     2.410415471899071e+04     2.410476716172382e+04     2.410721692815185e+04
   25200           -1.22953764e+05            1.17355032e+00            9.98893358e-01            1.00124061e+00     2.433249765826027e+04     2.433263666054244e+04     2.433277652296309e+04     2.433291577836483e+04     2.433305515284019e+04     2.433361264742011e+04
   25400           -1.22383304e+05            2.34363063e+00            9.97717727e-01            1.00240527e+00     2.416456764009261e+04     2.416485319906974e+04     2.416513956949432e+04     2.416542538653379e+04     2.416571130302074e+04     2.416685496594887e+04
   25600           -1.22077055e+05            3.59743535e+00            9.96460068e-01            1.00365532e+00     2.426687418956392e+04     2.426731767496740e+04     2.426776213251875e+04     2.426820595051532e+04     2.426864987166483e+04     2.427042555376574e+04
   25800           -1.22364670e+05            2.29812472e+00            9.97762037e-01            1.00235856e+00     2.415385870606262e+04     2.415413872545892e+04     2.415441961973154e+04     2.415469991709568e+04     2.415498032194502e+04     2.415610193782741e+04
   26000           -1.22593635e+05            3.04023365e+00            9.97028372e-01            1.00310924e+00     2.413719934451152e+04     2.413757152281291e+04     2.413794459580337e+04     2.413831704444530e+04     2.413868961231730e+04     2.414017988012309e+04
   26200           -1.22649387e+05            3.19453061e-01            9.99741443e-01            1.00038039e+00     2.412788275053730e+04     2.412791522557628e+04     2.412794853761647e+04     2.412798127198983e+04     2.412801411448277e+04     2.412814547842823e+04
   26400           -1.22709251e+05            3.53398397e-01            9.99703293e-01            1.00041013e+00     2.440117840290716e+04     2.440121611957208e+04     2.440125467090536e+04     2.440129262497151e+04     2.440133070036203e+04     2.440148299781689e+04
   26600           -1.22744242e+05            4.18999632e+00            9.95874667e-01            1.00425516e+00     2.423758807606750e+04     2.423810492292262e+04     2.423862271697523e+04     2.423913985856998e+04     2.423965712109777e+04     2.424172616612805e+04
   26800           -1.22911671e+05            9.73633053e-01            9.99083704e-01            1.00103108e+00     2.422794148895003e+04     2.422805596613280e+04     2.422817138112492e+04     2.422828616210283e+04     2.422840105434103e+04     2.422886061973204e+04
   27000           -1.22900483e+05            6.58629727e-01            9.99404861e-01            1.00072220e+00     2.421288013032144e+04     2.421295481255364e+04     2.421303036993697e+04     2.421310531406846e+04     2.421318037674600e+04     2.421348062317057e+04
   27200           -1.23015666e+05            1.03745931e+00            9.99019116e-01            1.00109415e+00     2.415041379063958e+04     2.415053616784954e+04     2.415065933949302e+04     2.415078194717289e+04     2.415090466729677e+04     2.415139554395396e+04
   27400           -1.22817950e+05            3.71774969e+00            9.96350613e-01            1.00378659e+00     2.427445706065196e+04     2.427491421728619e+04     2.427537219655418e+04     2.427582962057379e+04     2.427628714158733e+04     2.427811722252271e+04
   27600           -1.22636060e+05            2.31821813e+00            9.97743688e-01            1.00238040e+00     2.415116539133454e+04     2.415144785669204e+04     2.415173112492432e+04     2.415201383112336e+04     2.415229664589971e+04     2.415342790046487e+04
   27800           -1.22305296e+05            3.28581753e+00            9.96771473e-01            1.00334346e+00     2.422638822546945e+04     2.422679241156271e+04     2.422719737230661e+04     2.422760178859126e+04     2.422800631109350e+04     2.422962439671755e+04
   28000           -1.22605081e+05            3.13433453e+00            9.96928025e-01            1.00319707e+00     2.426664371417708e+04     2.426702890258358e+04     2.426741486931772e+04     2.426780027580297e+04     2.426818579695676e+04     2.426972787973644e+04
   28200           -1.22583816e+05            5.61516763e+00            9.94457872e-01            1.00568891e+00     2.420546751894529e+04     2.420616253814925e+04     2.420685844765737e+04     2.420755373388952e+04     2.420824914045647e+04     2.421103076196765e+04
   28400           -1.22659697e+05            1.42073042e+00            9.98642098e-01            1.00148374e+00     2.422174624660880e+04     2.422191673170346e+04     2.422208805896684e+04     2.422225878766478e+04     2.422242963566281e+04     2.422311302471681e+04
   28600           -1.22512468e+05            8.21534578e+00            9.91878197e-01            1.00831007e+00     2.429160991499956e+04     2.429263007996747e+04     2.429365117223348e+04     2.429467163067604e+04     2.429569220397308e+04     2.429977449294660e+04
   28800           -1.22591656e+05            1.92365143e+00            9.98138038e-01            1.00198557e+00     2.429662271166273e+04     2.429685559183307e+04     2.429708933999769e+04     2.429732248770700e+04     2.429755574779674e+04     2.429848878393074e+04
   29000           -1.22539336e+05            3.77480242e+00            9.96286860e-01            1.00383690e+00     2.427054569098370e+04     2.427101044958389e+04     2.427147608428207e+04     2.427194112698407e+04     2.427240627383144e+04     2.427426685667918e+04
   29200           -1.22720392e+05            1.74615606e+00            9.98311027e-01            1.00180354e+00     2.425232462700882e+04     2.425253577715062e+04     2.425274785575546e+04     2.425295931234368e+04     2.425317087551988e+04     2.425401712403094e+04
   29400           -1.22542062e+05            1.27081787e+00            9.98792347e-01            1.00133414e+00     2.420554372481932e+04     2.420569535546043e+04     2.420584783566306e+04     2.420599974264128e+04     2.420615175030892e+04     2.420675977579852e+04
   29600           -1.22432200e+05            4.15023494e+00            9.95916669e-01            1.00421765e+00     2.414072224101385e+04     2.414123398662326e+04     2.414174661449284e+04     2.414225864966971e+04     2.414277078749658e+04     2.414481933397930e+04
   29800           -1.22389760e+05            3.93056089e+00            9.96132139e-01            1.00399371e+00     2.419407872402786e+04     2.419456326732209e+04     2.419504869001794e+04     2.419553350475864e+04     2.419601843353653e+04     2.419795814304519e+04
   30000           -1.22533231e+05            6.58240927e-01            9.99400741e-01            1.00071730e+00     2.417784442534294e+04     2.417791934232963e+04     2.417799506841302e+04     2.417807023101865e+04     2.417814550058919e+04     2.417844657583545e+04
   30200           -1.22490898e+05            1.64104935e+00            9.98426375e-01            1.00170869e+00     2.414897875661711e+04     2.414917620114905e+04     2.414937449164915e+04     2.414957217000989e+04     2.414976997564206e+04     2.415056119466701e+04
   30400           -1.22475497e+05            3.72923339e+00            9.96328469e-01            1.00378733e+00     2.423663887619208e+04     2.423709860329086e+04     2.423755917658482e+04     2.423801916454621e+04     2.423847926209303e+04     2.424031964799398e+04
   30600           -1.22547136e+05            2.08456342e+00            9.97981949e-01            1.00215135e+00     2.416079466738512e+04     2.416104785627298e+04     2.416130182624847e+04     2.416155525200962e+04     2.416180878161372e+04     2.416282289584232e+04
   30800           -1.22770790e+05            2.51155557e+00            9.97544033e-01            1.00256741e+00     2.417804289668788e+04     2.417834993604873e+04     2.417865776264443e+04     2.417896501736912e+04     2.417927239255658e+04     2.418050188842529e+04
   31000           -1.22563335e+05            4.76952307e+00            9.95299606e-01            1.00483924e+00     2.421598397594733e+04     2.421657336663775e+04     2.421716369509272e+04     2.421775339949916e+04     2.421834320818314e+04     2.422070244041895e+04
   31200           -1.22763911e+05            3.42852085e+00            9.96627398e-01            1.00348480e+00     2.414364189889191e+04     2.414406475844355e+04     2.414448848052625e+04     2.414491160003096e+04     2.414533483526835e+04     2.414702777164478e+04
   31400           -1.22605000e+05            2.61743541e+00            9.97450892e-01            1.00268611e+00     2.419447982625724e+04     2.419479927498865e+04     2.419511950226276e+04     2.419543919073722e+04     2.419575898057690e+04     2.419703813489656e+04
   31600           -1.22536124e+05            1.17843422e+00            9.98884032e-01            1.00124105e+00     2.423187506671633e+04     2.423201562329264e+04     2.423215711814726e+04     2.423229795059855e+04     2.423243891304298e+04     2.423300275936964e+04
   31800           -1.22480361e+05            3.45584527e+00            9.96607665e-01            1.00351977e+00     2.421318858762495e+04     2.421361336876862e+04     2.421403906364047e+04     2.421446415409125e+04     2.421488934431836e+04     2.421659010101177e+04
   32000           -1.22577443e+05            3.83871152e+00            9.96230793e-01            1.00390871e+00     2.412400105285706e+04     2.412447311598154e+04     2.412494606082854e+04     2.412541840061759e+04     2.412589085134668e+04     2.412778064983629e+04
   32200           -1.22453470e+05            4.28859917e+00            9.95772981e-01            1.00435066e+00     2.426509411574290e+04     2.426562367018187e+04     2.426615401641086e+04     2.426668380567987e+04     2.426721370368778e+04     2.426933329163266e+04
   32400           -1.22659190e+05            3.07000521e+00            9.96992615e-01            1.00313299e+00     2.419909667234153e+04     2.419947362781054e+04     2.419985146535753e+04     2.420022868982648e+04     2.420060603042985e+04     2.420211538851816e+04
   32600           -1.22389619e+05            4.44537831e+00            9.95625170e-01            1.00451650e+00     2.419749887353221e+04     2.419804676315551e+04     2.419859545123881e+04     2.419914357142763e+04     2.419969180533886e+04     2.420188473714552e+04
   32800           -1.22410471e+05            1.12483139e+00            9.98937996e-01            1.00118780e+00     2.428029941532965e+04     2.428043261396227e+04     2.428056661146708e+04     2.428070005813069e+04     2.428083360726069e+04     2.428136779919172e+04
   33000           -1.22588380e+05            2.66405970e+00            9.97400066e-01            1.00272852e+00     2.422172386190122e+04     2.422204955244931e+04     2.422237608906114e+04     2.422270205665499e+04     2.422302812341641e+04     2.422433238493160e+04
   33200           -1.22659478e+05            3.17057516e+00            9.96892941e-01            1.00323447e+00     2.437286215556494e+04     2.437325137491418e+04     2.437364147855175e+04     2.437403098008813e+04     2.437442058940207e+04     2.437597902323919e+04
   33400           -1.22411159e+05            2.91250313e+00            9.97143477e-01            1.00296879e+00     2.419325180662877e+04     2.419360908467579e+04     2.419396715394830e+04     2.419432466631621e+04     2.419468228812770e+04     2.419611276962664e+04
   33600           -1.22640080e+05            1.23487315e+00            9.98825967e-01            1.00129586e+00     2.414242391459475e+04     2.414257073105493e+04     2.414271851517353e+04     2.414286563650078e+04     2.414301287863258e+04     2.414360184267042e+04
   33800           -1.22648071e+05            4.31152342e+00            9.95757712e-01            1.00438130e+00     2.431532395234514e+04     2.431585622349138e+04     2.431638931629762e+04     2.431692182686511e+04     2.431745445271266e+04     2.431958495308017e+04
   34000           -1.22376188e+05            2.60711490e+00            9.97457733e-01            1.00267229e+00     2.428468110389522e+04     2.428499946436497e+04     2.428531866157606e+04     2.428563728719599e+04     2.428595601654739e+04     2.428723092919956e+04
   34200           -1.22639858e+05            4.07355725e+00            9.95990256e-01            1.00413785e+00     2.423965766172054e+04     2.424016029237460e+04     2.424066375703989e+04     2.424116661914286e+04     2.424166960613514e+04     2.424368155054974e+04
   34400           -1.22399763e+05            7.54696060e-01            9.99305478e-01            1.00081496e+00     2.412139175200370e+04     2.412147914855630e+04     2.412156738415322e+04     2.412165504994957e+04     2.412174281695059e+04     2.412209388189749e+04
   34600           -1.22499438e+05            3.29278089e+00            9.96768979e-01            1.00335493e+00     2.413923926973915e+04     2.413964437112653e+04     2.414005029151249e+04     2.414045564461331e+04     2.414086110419607e+04     2.414248293865298e+04
   34800           -1.22446532e+05            1.54034051e+00            9.98527068e-01            1.00160795e+00     2.424387020040512e+04     2.424405480279822e+04     2.424424021319477e+04     2.424442507222519e+04     2.424461003132783e+04     2.424534986225055e+04
   35000           -1.22521023e+05            1.46053963e+00            9.98593881e-01            1.00151512e+00     2.427339366555659e+04     2.427356975554580e+04     2.427374675328023e+04     2.427392313615108e+04     2.427409962826999e+04     2.427480559098338e+04
   35200           -1.22525798e+05            4.21548681e+00            9.95856545e-01            1.00428808e+00     2.421614112658817e+04     2.421666076526677e+04     2.421718138976472e+04     2.421770135157771e+04     2.421822142846250e+04     2.422030173033683e+04
   35400           -1.22411626e+05            3.58209945e+00            9.96484249e-01            1.00364889e+00     2.419269289781278e+04     2.419313316078596e+04     2.419357428915473e+04     2.419401481320631e+04     2.419445545352080e+04     2.419621800922882e+04
   35600           -1.22551772e+05            3.22901230e+00            9.96829277e-01            1.00328766e+00     2.423845105932762e+04     2.423884804646926e+04     2.423924595407477e+04     2.423964325271311e+04     2.424004065181158e+04     2.424163024429555e+04
   35800           -1.22731286e+05            3.11710182e+00            9.96942719e-01            1.00317728e+00     2.411324125829561e+04     2.411362427008639e+04     2.411400825374725e+04     2.411439159825733e+04     2.411477504599949e+04     2.411630883370338e+04
   36000           -1.22495250e+05            2.95040386e+00            9.97113371e-01            1.00301454e+00     2.420709799299305e+04     2.420745949588737e+04     2.420782181661535e+04     2.420818357790910e+04     2.420854544078993e+04     2.420999288858682e+04
   36200           -1.22451017e+05            2.21452066e+00            9.97846054e-01            1.00227536e+00     2.421087781951242e+04     2.421114792035160e+04     2.421141886817453e+04     2.421168923180369e+04     2.421195970401913e+04     2.421304158852583e+04
   36400           -1.22583877e+05            8.74299784e-01            9.99182958e-01            1.00093166e+00     2.404985967457401e+04     2.404996209538094e+04     2.405006532406585e+04     2.405016799352866e+04     2.405027076805233e+04     2.405068186153065e+04
   36600           -1.22598019e+05            5.92382410e+00            9.94152089e-01            1.00600050e+00     2.413500789419619e+04     2.413574101233336e+04     2.413647506079744e+04     2.413720846672722e+04     2.413794199236986e+04     2.414087609054352e+04
   36800           -1.22611360e+05            2.31808412e+00            9.97748355e-01            1.00238482e+00     2.422010363921125e+04     2.422038591000414e+04     2.422066901418396e+04     2.422095153204924e+04     2.422123416385349e+04     2.422236468849573e+04
   37000           -1.22791151e+05            3.51626068e+00            9.96541747e-01            1.00357465e+00     2.419624434910849e+04     2.419667761030116e+04     2.419711176977327e+04     2.419754531682841e+04     2.419797897428705e+04     2.419971359946561e+04
   37200           -1.22723351e+05            5.14317952e+00            9.94932325e-01            1.00521937e+00     2.425064848617250e+04     2.425128404646059e+04     2.425192045153998e+04     2.425255626716026e+04     2.425319219540375e+04     2.425573590463500e+04
   37400           -1.22822102e+05            5.66941249e+00            9.94401156e-01            1.00574066e+00     2.411333566798802e+04     2.411403728623994e+04     2.411473977857066e+04     2.411544166056168e+04     2.411614365962055e+04     2.411895165125308e+04
   37600           -1.22686600e+05            2.19670547e+00            9.97862936e-01            1.00225660e+00     2.432413209960805e+04     2.432439985732213e+04     2.432466844502095e+04     2.432493645265666e+04     2.432520457206052e+04     2.432627704451300e+04
   37800           -1.22642913e+05            2.15115348e+00            9.97909933e-01            1.00221250e+00     2.427216077781700e+04     2.427242271730646e+04     2.427268553058498e+04     2.427294774086880e+04     2.427321006319938e+04     2.427425934858176e+04
   38000           -1.22445848e+05            3.31538661e+00            9.96741042e-01            1.00337217e+00     2.424962950074876e+04     2.425003748128446e+04     2.425044622469008e+04     2.425085441904394e+04     2.425126272630327e+04     2.425289595185778e+04
   38200           -1.22470124e+05            2.28182631e+00            9.97774417e-01            1.00233832e+00     2.412898678695774e+04     2.412926555438453e+04     2.412954519691765e+04     2.412982423166121e+04     2.413010338168193e+04     2.413121997640612e+04
   38400           -1.22278548e+05            2.35824766e+00            9.97702893e-01            1.00241967e+00     2.425818060799050e+04     2.425846798226756e+04     2.425875611430380e+04     2.425904373129896e+04     2.425933144003524e+04     2.426048227207998e+04
   38600           -1.22326998e+05            5.07081511e+00            9.95001608e-01            1.00514389e+00     2.431745212700914e+04     2.431807839789583e+04     2.431870537246512e+04     2.431933185367445e+04     2.431995843112630e+04     2.432246473524347e+04
   38800           -1.22351772e+05            4.27335419e+00            9.95794169e-01            1.00434140e+00     2.422593933866223e+04     2.422646631797081e+04     2.422699418335995e+04     2.422752142764873e+04     2.422804879265846e+04     2.423015824665469e+04
   39000           -1.22441362e+05            2.80166748e+00            9.97260086e-01            1.00286375e+00     2.415918583331836e+04     2.415952933412990e+04     2.415987367140498e+04     2.416021744223951e+04     2.416056131311452e+04     2.416193679291068e+04
   39200           -1.22388010e+05            1.64054637e+00            9.98427667e-01            1.00170898e+00     2.417061567387731e+04     2.417081280612250e+04     2.417101082397031e+04     2.417120824565546e+04     2.417140577056522e+04     2.417219586725314e+04
   39400           -1.22333169e+05            2.46750251e+00            9.97593668e-01            1.00252897e+00     2.410160959049716e+04     2.410191020781418e+04     2.410221158608348e+04     2.410251244342834e+04     2.410281339573524e+04     2.410401720097331e+04
   39600           -1.22459818e+05            2.64606591e+00            9.97419809e-01            1.00271228e+00     2.415717135532539e+04     2.415749440742132e+04     2.415781832626298e+04     2.415814164910113e+04     2.415846508130046e+04     2.415975880727553e+04
   39800           -1.22636991e+05            2.63069824e+00            9.97433032e-01            1.00269475e+00     2.417751562465171e+04     2.417783721701464e+04     2.417815965836560e+04     2.417848150374963e+04     2.417880346409998e+04     2.418009130354824e+04
   40000           -1.22297040e+05            3.15249212e+00            9.96914973e-01            1.00322036e+00     2.416858622666060e+04     2.416897299699124e+04     2.416936063940536e+04     2.416974768517964e+04     2.417013483906975e+04     2.417168345147889e+04
   40200           -1.22318893e+05            3.33504957e+00            9.96732344e-01            1.00340287e+00     2.409857725761965e+04     2.409898676870651e+04     2.409939719219233e+04     2.409980698953090e+04     2.410021690188002e+04     2.410185654614040e+04
   40400           -1.22304243e+05            3.02659528e+00            9.97041873e-01            1.00309546e+00     2.420016503225052e+04     2.420053590644094e+04     2.420090765881428e+04     2.420127881449056e+04     2.420165007652725e+04     2.420313512080397e+04
   40600           -1.22567587e+05            2.78529995e+00            9.97275685e-01            1.00284661e+00     2.409342074590280e+04     2.409376162738344e+04     2.409410330217749e+04     2.409444441990829e+04     2.409478564545543e+04     2.409615054500807e+04
   40800           -1.22522281e+05            2.31274064e+00            9.97749708e-01            1.00237547e+00     2.412671615300152e+04     2.412699832465133e+04     2.412728139287798e+04     2.412756383048977e+04     2.412784639116616e+04     2.412897662933080e+04
   41000           -1.22608859e+05            2.87651633e+00            9.97193058e-01            1.00294648e+00     2.416031699578375e+04     2.416066931974368e+04     2.416102247843768e+04     2.416137505024661e+04     2.416172773608713e+04     2.416313847639050e+04
   41200           -1.22713689e+05            2.65751560e+00            9.97402377e-01            1.00271772e+00     2.414557742388246e+04     2.414590240908999e+04     2.414622813023071e+04     2.414655331483723e+04     2.414687861297240e+04     2.414817980206232e+04
   41400           -1.22848944e+05            1.82221958e+00            9.98237832e-01            1.00188249e+00     2.423378546885821e+04     2.423400606718869e+04     2.423422752162820e+04     2.423444837851132e+04     2.423466934919060e+04     2.423555322952299e+04
   41600           -1.22785836e+05            6.56001586e-01            9.99406802e-01            1.00071889e+00     2.426301171950762e+04     2.426308599673693e+04     2.426316109263925e+04     2.426323560826420e+04     2.426331023923706e+04     2.426360875896651e+04
   41800           -1.22575878e+05            1.97366436e+00            9.98089147e-01            1.00203672e+00     2.413698568987278e+04     2.413722487823615e+04     2.413746482537726e+04     2.413770425902796e+04     2.413794378337051e+04     2.413890187686825e+04
   42000           -1.22588789e+05            2.00251433e+00            9.98058874e-01            1.00206414e+00     2.433490073140474e+04     2.433514362708675e+04     2.433538741076994e+04     2.433563058345433e+04     2.433587386860754e+04     2.433684700581034e+04
   42200           -1.22686035e+05            1.23209505e+00            9.98832555e-01            1.00129690e+00     2.419049886706510e+04     2.419064532874920e+04     2.419079253306633e+04     2.419093920674839e+04     2.419108598818563e+04     2.419167310930616e+04
   42400           -1.22897778e+05            3.32999566e+00            9.96736012e-01            1.00339642e+00     2.416882496520285e+04     2.416923413634370e+04     2.416964409081241e+04     2.417005349310044e+04     2.417046300433329e+04     2.417210104346373e+04
   42600           -1.22534486e+05            4.80484564e+00            9.95265157e-01            1.00487545e+00     2.424225949129814e+04     2.424285274140368e+04     2.424344690538973e+04     2.424404044202654e+04     2.424463409352101e+04     2.424700869574387e+04
   42800           -1.22444324e+05            2.64147650e+00            9.97420732e-01            1.00270400e+00     2.424111378139214e+04     2.424143658717474e+04     2.424176023501853e+04     2.424208328750333e+04     2.424240645743945e+04     2.424369913348677e+04
   43000           -1.22397302e+05            2.15693491e+00            9.97904284e-01            1.00221841e+00     2.425832326355468e+04     2.425858554905587e+04     2.425884863368615e+04     2.425911117510797e+04     2.425937381397607e+04     2.426042436439746e+04
   43200           -1.22303528e+05            2.59891826e+00            9.97462624e-01            1.00266077e+00     2.418612104000983e+04     2.418643917100504e+04     2.418675813309617e+04     2.418707653067030e+04     2.418739502933944e+04     2.418866901866906e+04
   43400           -1.22573222e+05            1.22218812e+00            9.98842024e-01            1.00128656e+00     2.412566160359127e+04     2.412580684516657e+04     2.412595294318244e+04     2.412609844993105e+04     2.412624406719610e+04     2.412682653080092e+04
   43600           -1.22828467e+05            4.76662422e+00            9.95301899e-01            1.00483573e+00     2.409943090941415e+04     2.410001961680300e+04     2.410060920192673e+04     2.410119818127115e+04     2.410178727321040e+04     2.410414363700665e+04
   43800           -1.22674895e+05            4.60631914e+00            9.95465928e-01            1.00467917e+00     2.413907546028846e+04     2.413964384746745e+04     2.414021314767864e+04     2.414078185456331e+04     2.414135065387761e+04     2.414362584746676e+04
   44000           -1.22426537e+05            3.12842834e+00            9.96932238e-01            1.00318946e+00     2.422047479850619e+04     2.422085890466818e+04     2.422124379596816e+04     2.422162813133669e+04     2.422201257702821e+04     2.422355035555022e+04
   44200           -1.22557592e+05            2.46029233e+00            9.97603452e-01            1.00252434e+00     2.411171021942464e+04     2.411201063332487e+04     2.411231184644677e+04     2.411261248754093e+04     2.411291324523848e+04     2.411411627105231e+04
   44400           -1.22555751e+05            3.97021774e+00            9.96096158e-01            1.00403708e+00     2.399598932296941e+04     2.399647855839987e+04     2.399696859980561e+04     2.399745807167252e+04     2.399794765580718e+04     2.399990598864496e+04
   44600           -1.22288933e+05            5.16062583e+00            9.94911726e-01            1.00523364e+00     2.424591983187393e+04     2.424655718494683e+04     2.424719540949685e+04     2.424783302867454e+04     2.424847076204361e+04     2.425102169221329e+04
   44800           -1.22361838e+05            3.14459648e+00            9.96917560e-01            1.00320712e+00     2.405033053901109e+04     2.405071648937536e+04     2.405110326401922e+04     2.405148946171874e+04     2.405187577067790e+04     2.405342100234471e+04
   45000           -1.22402077e+05            1.39462584e+00            9.98662830e-01            1.00145224e+00     2.408454540379692e+04     2.408471261030120e+04     2.408488073687207e+04     2.408504823175928e+04     2.408521584294743e+04     2.408588628209793e+04
   45200           -1.22310800e+05            1.03081831e+01            9.89801000e-01            1.01041890e+00     2.421102984021387e+04     2.421231119748202e+04     2.421359334058713e+04     2.421487492200439e+04     2.421615661734190e+04     2.422128339446993e+04
   45400           -1.22709259e+05            1.84022587e+00            9.98217657e-01            1.00189832e+00     2.434905848056309e+04     2.434928190920235e+04     2.434950621609921e+04     2.434972992761515e+04     2.434995374468427e+04     2.435084900880544e+04
   45600           -1.22886265e+05            2.08428069e+00            9.97977394e-01            1.00214621e+00     2.416645955405099e+04     2.416671318820929e+04     2.416696764218760e+04     2.416722152570621e+04     2.416747551779343e+04     2.416849148153588e+04
   45800           -1.22553141e+05            7.76547207e+00            9.92322593e-01            1.00785460e+00     2.407826352782672e+04     2.407922691289118e+04     2.408019114877767e+04     2.408115479833394e+04     2.408211855683941e+04     2.408597358585209e+04
   46000           -1.22498520e+05            1.60971450e+00            9.98456921e-01            1.00167656e+00     2.419278675243440e+04     2.419298055973065e+04     2.419317523477325e+04     2.419336929580215e+04     2.419356347865420e+04     2.419434020487400e+04
   46200           -1.22303413e+05            3.75502414e+00            9.96309993e-01            1.00382050e+00     2.407455714855656e+04     2.407501991830792e+04     2.407548354250454e+04     2.407594656503663e+04     2.407640970519926e+04     2.407826226184196e+04
   46400           -1.22403828e+05            2.32408195e+00            9.97740019e-01            1.00238847e+00     2.412009328968811e+04     2.412037622378526e+04     2.412066006710919e+04     2.412094328994585e+04     2.412122662478292e+04     2.412235995987773e+04
   46600           -1.22261573e+05            2.05602348e+00            9.98001902e-01            1.00211418e+00     2.433228443530906e+04     2.433253449085840e+04     2.433278538308634e+04     2.433303571591856e+04     2.433328614423609e+04     2.433428785316312e+04
   46800           -1.22336025e+05            1.58271208e+00            9.98479069e-01            1.00164469e+00     2.429290397134666e+04     2.429309422378774e+04     2.429328525573332e+04     2.429347573752896e+04     2.429366632750558e+04     2.429442868366450e+04
   47000           -1.22573867e+05            1.51404404e+00            9.98547509e-01            1.00157578e+00     2.434851362625966e+04     2.434869544071929e+04     2.434887807720333e+04     2.434906015089953e+04     2.434924232744473e+04     2.434997102862980e+04
   47200           -1.22417167e+05            1.10288565e+00            9.98956813e-01            1.00116272e+00     2.409619596092929e+04     2.409632694735776e+04     2.409645877329353e+04     2.409659000104172e+04     2.409672134911155e+04     2.409724673729381e+04
   47400           -1.22455914e+05            1.02203686e+00            9.99041283e-01            1.00108549e+00     2.424317388794294e+04     2.424329436429701e+04     2.424341565844589e+04     2.424353638476330e+04     2.424365721854481e+04     2.424414054914668e+04
   47600           -1.22319456e+05            1.60075421e+00            9.98454638e-01            1.00165632e+00     2.428995710324283e+04     2.429015001345394e+04     2.429034376661337e+04     2.429053693849938e+04     2.429073021839704e+04     2.429150333355124e+04
   47800           -1.22491588e+05            2.93849529e+00            9.97118657e-01            1.00299597e+00     2.431597568970797e+04     2.431633633021272e+04     2.431669792840827e+04     2.431705889002409e+04     2.431741995773206e+04     2.431886422575614e+04
   48000           -1.22593441e+05            1.49627659e+00            9.98567038e-01            1.00155978e+00     2.420796760607506e+04     2.420814685870278e+04     2.420832696456603e+04     2.420850649113046e+04     2.420868612063422e+04     2.420940463519337e+04
   48200           -1.22765435e+05            2.26564959e+00            9.97798878e-01            1.00233046e+00     2.418376619895655e+04     2.418404159689091e+04     2.418431789788392e+04     2.418459356575111e+04     2.418486935627445e+04     2.418597251359236e+04
   48400           -1.22637171e+05            1.52924330e+00            9.98529740e-01            1.00158840e+00     2.438396043129863e+04     2.438414413786483e+04     2.438432869269321e+04     2.438451266457211e+04     2.438469674368376e+04     2.438543305606889e+04
   48600           -1.22766041e+05            1.41414303e+00            9.98640951e-01            1.00146939e+00     2.412967575700536e+04     2.412984569690914e+04     2.413001654140687e+04     2.413018677734002e+04     2.413035711874979e+04     2.413103848049422e+04
   48800           -1.22371670e+05            2.05540986e+00            9.98002195e-01            1.00211325e+00     2.416465866998065e+04     2.416490858123677e+04     2.416515934534311e+04     2.416540952611555e+04     2.416565981293010e+04     2.416666095587955e+04
   49000           -1.22524794e+05            5.33937228e+00            9.94735131e-01            1.00541457e+00     2.411565480627918e+04     2.411631465450622e+04     2.411697531522018e+04     2.411763541077277e+04     2.411829561385275e+04     2.412093642142632e+04
   49200           -1.23040740e+05            1.81967361e+00            9.98243226e-01            1.00188280e+00     2.412736345909619e+04     2.412758419417031e+04     2.412780576083321e+04     2.412802673170983e+04     2.412824782358661e+04     2.412913218807703e+04
   49400           -1.22816952e+05            1.18184416e+00            9.98877857e-01            1.00124169e+00     2.420905307684693e+04     2.420919338260394e+04     2.420933462512485e+04     2.420947522642088e+04     2.420961594459883e+04     2.421017881235074e+04
   49600           -1.22657725e+05            2.17438655e+00            9.97886648e-01            1.00223568e+00     2.427973482600272e+04     2.427999915434092e+04     2.428026433780842e+04     2.428052894823829e+04     2.428079365700064e+04     2.428185248799856e+04
   49800           -1.22743210e+05            1.76892204e-01            9.99882502e-01            1.00023631e+00     2.422113163284721e+04     2.422114637109372e+04     2.422116197840384e+04     2.422117697346685e+04     2.422119208815504e+04     2.422125254346286e+04
   50000           -1.22755991e+05            1.84740351e+00            9.98208380e-01            1.00190339e+00     2.402996198150712e+04     2.403018701182938e+04     2.403041292567831e+04     2.403063822770059e+04     2.403086364411621e+04     2.403176530672529e+04
