#This file was generated on Fri Feb 14 11:19:41 2025
#Using the somd command, of the molecular library Sire version <2024.4.0.dev> 
#For more information visit: https://github.com/openbiosim/sire
#
#General information on simulation parameters:
#Simulation used 50000 moves, 1 cycles and 200 ps of simulation time
#Generating lambda is		 0.25000
#Alchemical array is		 (0.0, 0.125, 0.25, 0.375, 0.5, 1.0)
#Generating temperature is 	25°C
#Energy was saved every 200 steps 
#
#
#   [step]               [potential]                [gradient]      [forward Metropolis]     [backward Metropolis]                   [u_kl]
     200           -1.27374801e+05            1.01898244e+01            9.90300934e-01            1.01068997e+00     9.944022898333847e+03     9.945227070769382e+03     9.946431586156914e+03     9.947635837482012e+03     9.948840152743769e+03     9.953657407153691e+03
     400           -1.23472121e+05            8.17521443e+00            9.92309847e-01            1.00866790e+00     9.992291896098288e+03     9.993241247801750e+03     9.994190865766075e+03     9.995140264819029e+03     9.996089723612662e+03     9.999887551127038e+03
     600           -1.21246771e+05            9.95152392e+00            9.90516890e-01            1.01042869e+00     9.974940739788410e+03     9.976115797960336e+03     9.977291141844446e+03     9.978466270491565e+03     9.979641449869832e+03     9.984342159951255e+03
     800           -1.20133006e+05            1.17395611e+01            9.88800233e-01            1.01229109e+00     1.002666997765380e+04     1.002806074731868e+04     1.002945186114529e+04     1.003084272401044e+04     1.003223364212306e+04     1.003779730659233e+04
    1000           -1.19042855e+05            9.25788644e+00            9.91197145e-01            1.00972089e+00     9.901008130507060e+03     9.902098962264530e+03     9.903190144874599e+03     9.904281056519290e+03     9.905372033979458e+03     9.909735937451856e+03
    1200           -1.18418073e+05            1.04266642e+01            9.90016944e-01            1.01087886e+00     9.950760228551921e+03     9.951995061721389e+03     9.953230164661441e+03     9.954465059003103e+03     9.955700005007857e+03     9.960639781463795e+03
    1400           -1.18112011e+05            7.02519133e+00            9.93492128e-01            1.00754960e+00     9.929266364751906e+03     9.930070969406965e+03     9.930875909677956e+03     9.931680581682318e+03     9.932485322853569e+03     9.935704280955233e+03
    1600           -1.17798256e+05            7.81632747e+00            9.92627877e-01            1.00826721e+00     9.894991436567792e+03     9.895905189624147e+03     9.896819263794565e+03     9.897733080351478e+03     9.898646963596071e+03     9.902302490624350e+03
    1800           -1.17610165e+05            7.52198250e+00            9.92907964e-01            1.00795816e+00     9.985635885869176e+03     9.986509819892490e+03     9.987384023973136e+03     9.988258000375581e+03     9.989132040649718e+03     9.992628195430261e+03
    2000           -1.17315565e+05            9.37751790e+00            9.91117617e-01            1.00988147e+00     9.796846648288179e+03     9.797951309026355e+03     9.799056336636397e+03     9.800161091889160e+03     9.801265908706815e+03     9.805685169125451e+03
    2200           -1.17176637e+05            9.93904391e+00            9.90581687e-01            1.01046957e+00     9.928356197642230e+03     9.929523508775204e+03     9.930691174473617e+03     9.931858582004901e+03     9.933026045864030e+03     9.937695894085829e+03
    2400           -1.17327753e+05            7.41561977e+00            9.93047854e-01            1.00788575e+00     9.943445350350181e+03     9.944303326970439e+03     9.945161710419612e+03     9.946019802693760e+03     9.946877955848120e+03     9.950310561346059e+03
    2600           -1.17108430e+05            7.81035876e+00            9.92616621e-01            1.00824374e+00     9.936470402395980e+03     9.937380806442641e+03     9.938291517669029e+03     9.939201978296849e+03     9.940112506078367e+03     9.943754609760756e+03
    2800           -1.17311631e+05            1.31803609e+01            9.87340513e-01            1.01371360e+00     9.988867949080932e+03     9.990449580194576e+03     9.992031527499716e+03     9.993613223420729e+03     9.995194984013200e+03     1.000152201894547e+04
    3000           -1.17395561e+05            9.25217655e+00            9.91228351e-01            1.00974115e+00     9.969055135382769e+03     9.970139978990499e+03     9.971225173298491e+03     9.972310104374437e+03     9.973395096250695e+03     9.977735057118620e+03
    3200           -1.17141866e+05            8.08738468e+00            9.92351335e-01            1.00853290e+00     9.990728928446426e+03     9.991671433648125e+03     9.992614233149625e+03     9.993556802017101e+03     9.994499428612391e+03     9.998269928778358e+03
    3400           -1.17251393e+05            1.10923023e+01            9.89411405e-01            1.01160639e+00     1.001495618103516e+04     1.001627102600147e+04     1.001758622351400e+04     1.001890116433303e+04     1.002021616070719e+04     1.002547614037922e+04
    3600           -1.17135282e+05            3.56271753e+00            9.96924067e-01            1.00405295e+00     9.939791964145752e+03     9.940165840691086e+03     9.940540080284929e+03     9.940914050807891e+03     9.941288082046036e+03     9.942784199946320e+03
    3800           -1.16855875e+05            5.69651792e+00            9.94775428e-01            1.00617375e+00     9.968188956049946e+03     9.968830919710153e+03     9.969473190287234e+03     9.970115221968817e+03     9.970757313217086e+03     9.973325670384227e+03
    4000           -1.17087865e+05            4.83783790e+00            9.95608962e-01            1.00528891e+00     9.964388712758438e+03     9.964923370732791e+03     9.965458418008364e+03     9.965993197714022e+03     9.966528028522709e+03     9.968667344286980e+03
    4200           -1.17053724e+05            9.62511823e+00            9.90826929e-01            1.01008535e+00     9.922549544257694e+03     9.923686601160049e+03     9.924823933803993e+03     9.925961029836282e+03     9.927098193822179e+03     9.931646843386665e+03
    4400           -1.17023816e+05            5.65946606e+00            9.94846622e-01            1.00617119e+00     1.003969495713337e+04     1.004032865192325e+04     1.004096274417780e+04     1.004159653690082e+04     1.004223039914920e+04     1.004476584116504e+04
    4600           -1.16810437e+05            6.61594008e+00            9.93834740e-01            1.00707243e+00     9.977656359651111e+03     9.978414493531887e+03     9.979172953404493e+03     9.979931163649328e+03     9.980689434344995e+03     9.983722509038877e+03
    4800           -1.17069593e+05            4.59782383e+00            9.95829987e-01            1.00502952e+00     9.955296526865799e+03     9.955805291268969e+03     9.956314346064944e+03     9.956823168442823e+03     9.957332050013822e+03     9.959367573161844e+03
    5000           -1.17115387e+05            5.04092784e+00            9.95415783e-01            1.00550218e+00     1.002759590990618e+04     1.002815448974520e+04     1.002871344771706e+04     1.002927212513673e+04     1.002983086609587e+04     1.003206582228556e+04
    5200           -1.16994261e+05            9.87143781e+00            9.90586746e-01            1.01033811e+00     9.980116419773420e+03     9.981286869099455e+03     9.982457644384463e+03     9.983628163969137e+03     9.984798747747349e+03     9.989481075721280e+03
    5400           -1.17049995e+05            8.05639791e+00            9.92402144e-01            1.00852204e+00     9.940732890273192e+03     9.941673526490500e+03     9.942614504016958e+03     9.943555222569328e+03     9.944496001769678e+03     9.948259113266162e+03
    5600           -1.17024526e+05            5.68156151e+00            9.94782949e-01            1.00615126e+00     9.937295727232804e+03     9.937938439100149e+03     9.938581507886685e+03     9.939224308150082e+03     9.939867170888750e+03     9.942438614544699e+03
    5800           -1.17057472e+05            6.43132511e+00            9.94033953e-01            1.00690245e+00     9.885738713474599e+03     9.886471102823953e+03     9.887203864317218e+03     9.887936350541586e+03     9.888668898308539e+03     9.891599083142477e+03
    6000           -1.17101820e+05            7.80464453e+00            9.92682731e-01            1.00829937e+00     9.937743295003998e+03     9.938650289515763e+03     9.939557641517235e+03     9.940464711134480e+03     9.941371851847327e+03     9.945000408690657e+03
    6200           -1.17199284e+05            8.06365177e+00            9.92421408e-01            1.00855625e+00     1.004558743401760e+04     1.004652665135420e+04     1.004746619668989e+04     1.004840548684358e+04     1.004934484015712e+04     1.005310224629663e+04
    6400           -1.17293011e+05            7.26753635e+00            9.93146972e-01            1.00768786e+00     9.976093783322753e+03     9.976940615606474e+03     9.977787680090338e+03     9.978634536287207e+03     9.979481455788986e+03     9.982869128255217e+03
    6600           -1.17262514e+05            7.38218580e+00            9.93105514e-01            1.00787687e+00     9.914020495277036e+03     9.914871696884389e+03     9.915723199891632e+03     9.916574456755992e+03     9.917425779924579e+03     9.920831064572121e+03
    6800           -1.17074316e+05            5.14445685e+00            9.95289757e-01            1.00558307e+00     9.926640852375875e+03     9.927216028027173e+03     9.927791561290645e+03     9.928366807611292e+03     9.928942127928802e+03     9.931243403481731e+03
    7000           -1.17026076e+05            1.12057620e+01            9.89263959e-01            1.01168518e+00     9.989233274253691e+03     9.990565647863452e+03     9.991898308950711e+03     9.993230738750355e+03     9.994563228947067e+03     9.999893183640443e+03
    7200           -1.16956462e+05            4.02160218e+00            9.96440815e-01            1.00448771e+00     9.959234231180471e+03     9.959667778381834e+03     9.960101681310576e+03     9.960535309555511e+03     9.960969004696448e+03     9.962703778212424e+03
    7400           -1.16998929e+05            4.17235962e+00            9.96252556e-01            1.00460079e+00     9.995919941266086e+03     9.996372769997033e+03     9.996825900286180e+03     9.997278778552729e+03     9.997731726432725e+03     9.999543511599364e+03
    7600           -1.17075656e+05            4.64650980e+00            9.95825199e-01            1.00512256e+00     9.943652192713031e+03     9.944159245440576e+03     9.944666623380344e+03     9.945173769016921e+03     9.945680963469978e+03     9.947709734226928e+03
    7800           -1.17243452e+05            3.60804437e+00            9.96825607e-01            1.00404481e+00     9.993076145848665e+03     9.993459661523842e+03     9.993843445718054e+03     9.994227006115289e+03     9.994610628652505e+03     9.996145111456348e+03
    8000           -1.17065562e+05            5.51348073e+00            9.94917284e-01            1.00594891e+00     9.878208168583542e+03     9.878830033714015e+03     9.879452222136075e+03     9.880074169439567e+03     9.880696172039832e+03     9.883184175496122e+03
    8200           -1.17038386e+05            7.75751129e+00            9.92712386e-01            1.00823444e+00     9.982015983800089e+03     9.982914667174169e+03     9.983813644337268e+03     9.984712399621792e+03     9.985611207187716e+03     9.989206430575341e+03
    8400           -1.16910925e+05            7.74926872e+00            9.92725947e-01            1.00823159e+00     9.990022212160942e+03     9.990918152872684e+03     9.991814429313868e+03     9.992710458313759e+03     9.993606542531268e+03     9.997190872901596e+03
    8600           -1.17233305e+05            6.79106453e+00            9.93682851e-01            1.00727125e+00     9.926530739531217e+03     9.927307295315893e+03     9.928084174475789e+03     9.928860800062464e+03     9.929637488948822e+03     9.932744238366424e+03
    8800           -1.17128642e+05            5.27302790e+00            9.95175407e-01            1.00572612e+00     9.926515035063676e+03     9.927107826843076e+03     9.927700893712898e+03     9.928293742466267e+03     9.928886647267636e+03     9.931258259471599e+03
    9000           -1.17207542e+05            6.47690891e+00            9.93986770e-01            1.00694645e+00     9.944125542045427e+03     9.944866902638174e+03     9.945608642504787e+03     9.946350104063240e+03     9.947091627331542e+03     9.950057712617656e+03
    9200           -1.17289419e+05            3.41145617e+00            9.97019130e-01            1.00384496e+00     1.000932785926927e+04     1.000968486850522e+04     1.001004216655088e+04     1.001039923513435e+04     1.001075636264454e+04     1.001218486601981e+04
    9400           -1.16917667e+05            1.75571526e+00            9.98667536e-01            1.00218045e+00     9.998034649587278e+03     9.998187366420700e+03     9.998340388743209e+03     9.998493180474632e+03     9.998646026389051e+03     9.999257403190826e+03
    9600           -1.17336041e+05            2.51350533e+00            9.97906790e-01            1.00293591e+00     9.921500674252817e+03     9.921748184346890e+03     9.921995967876592e+03     9.922243539616298e+03     9.922491163299872e+03     9.923481652346929e+03
    9800           -1.17425962e+05            2.64846622e+00            9.97785660e-01            1.00308489e+00     9.896947276447341e+03     9.897209405375224e+03     9.897471854930291e+03     9.897734071632742e+03     9.897996338450648e+03     9.899045400453953e+03
   10000           -1.17191311e+05            3.49952087e+00            9.96956025e-01            1.00395824e+00     9.876126936711080e+03     9.876493104486581e+03     9.876859582079325e+03     9.877225814363868e+03     9.877592109305888e+03     9.879057281900697e+03
   10200           -1.17309335e+05            5.66797663e+00            9.94846162e-01            1.00618785e+00     1.000741125781205e+04     1.000804476753345e+04     1.000867867184007e+04     1.000931227579823e+04     1.000994595055715e+04     1.001248064330224e+04
   10400           -1.17249831e+05            3.17136965e+00            9.97276364e-01            1.00362193e+00     9.986199487260676e+03     9.986525973671141e+03     9.986852819835456e+03     9.987179411259709e+03     9.987506054496494e+03     9.988812621732312e+03
   10600           -1.17247180e+05            1.76671050e+00            9.98639189e-01            1.00217404e+00     9.969579125109360e+03     9.969731629898492e+03     9.969884429077036e+03     9.970037006723864e+03     9.970189636982905e+03     9.970800148856450e+03
   10800           -1.17043002e+05            1.49052379e+00            9.98996447e-01            1.00197895e+00     9.960180045721121e+03     9.960296213708441e+03     9.960412736673406e+03     9.960528978656002e+03     9.960645291932417e+03     9.961110538143714e+03
   11000           -1.17317623e+05            1.01025473e+00            9.99405809e-01            1.00142716e+00     1.000647194514114e+04     1.000652818745328e+04     1.000658477158535e+04     1.000664110878130e+04     1.000669749882543e+04     1.000692305250972e+04
   11200           -1.17130580e+05            1.38803673e+00            9.99055265e-01            1.00183257e+00     1.002253643943500e+04     1.002264174269650e+04     1.002274735188320e+04     1.002285272094319e+04     1.002295815039540e+04     1.002337986135581e+04
   11400           -1.17083287e+05            2.19360711e+00            9.98256767e-01            1.00264595e+00     9.876744061694146e+03     9.876947540913785e+03     9.877151396990817e+03     9.877354971591039e+03     9.877558610262709e+03     9.878373158831271e+03
   11600           -1.17210824e+05            1.98911904e+00            9.98443613e-01            1.00242357e+00     9.958004943537446e+03     9.958180855785929e+03     9.958357088001472e+03     9.958533082292388e+03     9.958709130835932e+03     9.959413318134417e+03
   11800           -1.16921572e+05            2.62422300e+00            9.97811870e-01            1.00306260e+00     1.012561356299955e+04     1.012587108951591e+04     1.012612893982268e+04     1.012638654428489e+04     1.012664420710667e+04     1.012767485121379e+04
   12000           -1.17168500e+05            1.46277904e+00            9.98969070e-01            1.00189589e+00     9.890987742145457e+03     9.891104476474749e+03     9.891221561725346e+03     9.891338371326949e+03     9.891455250140247e+03     9.891922758135039e+03
   12200           -1.17140386e+05            1.81349146e+00            9.98630359e-01            1.00225895e+00     1.003336870245514e+04     1.003352463001418e+04     1.003368084568695e+04     1.003383683084886e+04     1.003399287593861e+04     1.003461704942207e+04
   12400           -1.16971465e+05            2.69169678e+00            9.97736631e-01            1.00312232e+00     1.000871135917001e+04     1.000897999938738e+04     1.000924904189942e+04     1.000951780467662e+04     1.000978662218680e+04     1.001086188520359e+04
   12600           -1.17146847e+05            3.08512746e+00            9.97372275e-01            1.00354534e+00     9.889001320741158e+03     9.889317860465488e+03     9.889634712139776e+03     9.889951307703244e+03     9.890267972409250e+03     9.891534624077343e+03
   12800           -1.17046013e+05            2.90934330e+00            9.97521089e-01            1.00334227e+00     1.001095309297983e+04     1.001124875987419e+04     1.001154470646792e+04     1.001184042829445e+04     1.001213620903090e+04     1.001331932508198e+04
   13000           -1.17042478e+05            1.15149086e+00            9.99299713e-01            1.00160373e+00     9.896576669593482e+03     9.896648253027997e+03     9.896720180854243e+03     9.896791854460365e+03     9.896863584905728e+03     9.897150500217975e+03
   13200           -1.17217374e+05            3.32316407e+00            9.97124815e-01            1.00377411e+00     1.000736937382832e+04     1.000771734937736e+04     1.000806567415109e+04     1.000841373240772e+04     1.000876185384699e+04     1.001015433386565e+04
   13400           -1.17089833e+05            2.33487458e+00            9.98121686e-01            1.00279356e+00     9.933577725372294e+03     9.933799673770931e+03     9.934021951037876e+03     9.934243983785187e+03     9.934466072182480e+03     9.935354418992667e+03
   13600           -1.17053999e+05            1.00277973e+00            9.99451887e-01            1.00145836e+00     9.967710622751070e+03     9.967765889282517e+03     9.967821492989109e+03     9.967876842579217e+03     9.967932251728544e+03     9.968153880706017e+03
   13800           -1.17186715e+05            1.90749045e+00            9.98508460e-01            1.00232503e+00     1.003296160170068e+04     1.003313115598518e+04     1.003330105676127e+04     1.003347071825047e+04     1.003364042565298e+04     1.003431924960529e+04
   14000           -1.17335491e+05            2.00130797e+00            9.98444091e-01            1.00244849e+00     9.808436713786441e+03     9.808617089559209e+03     9.808797834524737e+03     9.808978318010457e+03     9.809158855258391e+03     9.809880996730340e+03
   14200           -1.17249127e+05            2.92867066e+00            9.97511647e-01            1.00337156e+00     1.001595858609345e+04     1.001625624412982e+04     1.001655423015931e+04     1.001685196006132e+04     1.001714975364609e+04     1.001834092119872e+04
   14400           -1.17132055e+05            1.25499945e+00            9.99235200e-01            1.00174643e+00     1.004084524989560e+04     1.004092721602244e+04     1.004100953919093e+04     1.004109160384665e+04     1.004117372398919e+04     1.004150219808277e+04
   14600           -1.17240127e+05            7.67646603e-01            9.99679843e-01            1.00121582e+00     9.887655747745806e+03     9.887680568585734e+03     9.887705677407963e+03     9.887730562121145e+03     9.887755503050956e+03     9.887855258356105e+03
   14800           -1.17215026e+05            1.58347679e+00            9.98875378e-01            1.00204378e+00     9.858326279426152e+03     9.858455055508859e+03     9.858584125022147e+03     9.858712963841674e+03     9.858841861317969e+03     9.859357443209788e+03
   15000           -1.17364122e+05            1.97285070e+00            9.98448072e-01            1.00239543e+00     9.877879119371795e+03     9.878057448824182e+03     9.878236193074790e+03     9.878414641945148e+03     9.878593151874007e+03     9.879307184376217e+03
   15200           -1.17369475e+05            1.80318132e+00            9.98696724e-01            1.00230489e+00     9.926429904002629e+03     9.926581398659040e+03     9.926733279465390e+03     9.926884887569980e+03     9.927036550932884e+03     9.927643197863139e+03
   15400           -1.17299294e+05            3.16334918e+00            9.97308185e-01            1.00363786e+00     1.003852977256252e+04     1.003885515919301e+04     1.003918090193323e+04     1.003950636726811e+04     1.003983190123817e+04     1.004113402991382e+04
   15600           -1.17096147e+05            2.27842554e+00            9.98161792e-01            1.00272065e+00     1.000916490837632e+04     1.000937833270438e+04     1.000959203470064e+04     1.000980552187624e+04     1.001001906184473e+04     1.001087321531313e+04
   15800           -1.17065452e+05            2.19415062e+00            9.98285555e-01            1.00267596e+00     9.984146244505342e+03     9.984346867808265e+03     9.984547711593341e+03     9.984748364371244e+03     9.984949073551012e+03     9.985751902596683e+03
   16000           -1.17244574e+05            2.14937857e+00            9.98312852e-01            1.00261359e+00     9.958725493846481e+03     9.958923644901703e+03     9.959122145525114e+03     9.959320377664186e+03     9.959518674342611e+03     9.960311854838739e+03
   16200           -1.17169622e+05            3.83485942e+00            9.96634863e-01            1.00430816e+00     9.847797635618466e+03     9.848208269248544e+03     9.848619274735782e+03     9.849030005010130e+03     9.849440796619463e+03     9.851083957620460e+03
   16400           -1.16948503e+05            3.52904835e+00            9.96896334e-01            1.00395741e+00     9.832050190709399e+03     9.832419430694368e+03     9.832788977841145e+03     9.833158279422461e+03     9.833527644859789e+03     9.835005099010181e+03
   16600           -1.16965947e+05            2.16688448e+00            9.98276792e-01            1.00261248e+00     9.980900318797856e+03     9.981105256316481e+03     9.981310492026960e+03     9.981515483463389e+03     9.981720540877530e+03     9.982540762957204e+03
   16800           -1.16922701e+05            1.78116162e+00            9.98670620e-01            1.00223455e+00     1.001469528673948e+04     1.001484952958001e+04     1.001500411447941e+04     1.001515844918958e+04     1.001531283884537e+04     1.001593039095125e+04
   17000           -1.17214955e+05            1.99163477e+00            9.98470537e-01            1.00245565e+00     9.947145639508737e+03     9.947323350638580e+03     9.947501417068663e+03     9.947679225457538e+03     9.947857089474366e+03     9.948568539439993e+03
   17200           -1.17155114e+05            2.63958660e+00            9.97809501e-01            1.00309104e+00     9.923014568694500e+03     9.923272774873938e+03     9.923531230360046e+03     9.923789472646624e+03     9.924047775640263e+03     9.925080982586027e+03
   17400           -1.17155760e+05            1.64795058e+00            9.98802871e-01            1.00210026e+00     9.975382715278743e+03     9.975520613010684e+03     9.975658834159662e+03     9.975796806146840e+03     9.975934838698357e+03     9.976486962117971e+03
   17600           -1.17233576e+05            1.69026297e+00            9.98755896e-01            1.00213793e+00     9.887214784880316e+03     9.887358692478179e+03     9.887502952105518e+03     9.887646942605226e+03     9.887790997592694e+03     9.888367210305074e+03
   17800           -1.17139786e+05            1.74220204e+00            9.98669858e-01            1.00215570e+00     1.004588739006890e+04     1.004603876261157e+04     1.004619044053581e+04     1.004634188258523e+04     1.004649338238357e+04     1.004709937469825e+04
   18000           -1.17255861e+05            1.12391423e+00            9.99332225e-01            1.00158108e+00     1.000138615092863e+04     1.000145676733598e+04     1.000152776040058e+04     1.000159847142441e+04     1.000166924721451e+04     1.000195234350039e+04
   18200           -1.17129979e+05            1.67406529e+00            9.98747457e-01            1.00209700e+00     9.913767342030889e+03     9.913907028142532e+03     9.914047048570765e+03     9.914186816943544e+03     9.914326644567878e+03     9.914885947104865e+03
   18400           -1.17394404e+05            1.70054515e+00            9.98741383e-01            1.00214398e+00     9.980476142082001e+03     9.980619309314741e+03     9.980762797912455e+03     9.980906038560714e+03     9.981049339544061e+03     9.981622537006120e+03
   18600           -1.16993051e+05            3.92340868e+00            9.96523732e-01            1.00437403e+00     9.999294249602020e+03     9.999716302786621e+03     1.000013866279251e+04     1.000056076710133e+04     1.000098294201023e+04     1.000267163441845e+04
   18800           -1.17098811e+05            6.98512812e+00            9.93512059e-01            1.00748908e+00     9.928270809104553e+03     9.929070636242117e+03     9.929870815594353e+03     9.930670738920275e+03     9.931470717873823e+03     9.934670626643092e+03
   19000           -1.17200816e+05            6.78604600e+00            9.93682970e-01            1.00726126e+00     9.957747457371388e+03     9.958526198969885e+03     9.959305299930935e+03     9.960084134047001e+03     9.960863028805396e+03     9.963978600239403e+03
   19200           -1.17102278e+05            1.89520913e+00            9.98517054e-01            1.00230903e+00     9.982656387681694e+03     9.982826765638527e+03     9.982997453066113e+03     9.983167899784725e+03     9.983338406246998e+03     9.984020424812301e+03
   19400           -1.16879613e+05            2.67603344e+00            9.97769278e-01            1.00312372e+00     9.976717968013625e+03     9.976982872088207e+03     9.977248137965720e+03     9.977513129188921e+03     9.977778185056677e+03     9.978838402099729e+03
   19600           -1.16740909e+05            3.22507580e+00            9.97263864e-01            1.00371716e+00     9.961382878274462e+03     9.961710238189517e+03     9.962037964889811e+03     9.962365428008579e+03     9.962692947151452e+03     9.964003016028444e+03
   19800           -1.17034209e+05            2.54104871e+00            9.97858841e-01            1.00294296e+00     9.833750847941305e+03     9.834001609994453e+03     9.834252641074423e+03     9.834503454350079e+03     9.834754325719830e+03     9.835757803498354e+03
   20000           -1.17267330e+05            4.53035440e+00            9.95939951e-01            1.00500488e+00     9.892343465378584e+03     9.892842041395566e+03     9.893340928427580e+03     9.893839569601410e+03     9.894338273705282e+03     9.896333082031981e+03
   20200           -1.17363198e+05            2.60310916e+00            9.97839940e-01            1.00304846e+00     1.004877405612812e+04     1.004903318170558e+04     1.004929260856643e+04     1.004955180794211e+04     1.004981106070139e+04     1.005084806527466e+04
   20400           -1.17260752e+05            1.30315787e+00            9.99085541e-01            1.00169287e+00     9.950954620419841e+03     9.951051251229001e+03     9.951148199164583e+03     9.951244885892567e+03     9.951341642968775e+03     9.951728665517707e+03
   20600           -1.17099252e+05            3.48227600e+00            9.96914700e-01            1.00388200e+00     9.968596397338151e+03     9.968966001264742e+03     9.969335887674571e+03     9.969705551429581e+03     9.970075271888983e+03     9.971554146439816e+03
   20800           -1.17186917e+05            2.62527170e+00            9.97799889e-01            1.00305266e+00     9.949129562202865e+03     9.949390449231370e+03     9.949651736517397e+03     9.949912740795335e+03     9.950173802881876e+03     9.951218043560888e+03
   21000           -1.17384206e+05            2.81335383e+00            9.97651479e-01            1.00328080e+00     9.881859031467644e+03     9.882138961290684e+03     9.882419289555153e+03     9.882699325719796e+03     9.882979426191388e+03     9.884099820915135e+03
   21200           -1.17111727e+05            6.35250570e+00            9.94093457e-01            1.00680400e+00     9.929629492968777e+03     9.930356776703064e+03     9.931084367488636e+03     9.931811712844659e+03     9.932539121907343e+03     9.935448750845908e+03
   21400           -1.17055041e+05            2.01738782e+00            9.98500291e-01            1.00253715e+00     9.965873470749615e+03     9.966050807639744e+03     9.966228521390251e+03     9.966405949066115e+03     9.966583443900685e+03     9.967293417051753e+03
   21600           -1.16877242e+05            5.43079412e+00            9.95026284e-01            1.00589276e+00     9.981775433595081e+03     9.982386403019826e+03     9.982997685383227e+03     9.983608718952974e+03     9.984219816174120e+03     9.986664198753160e+03
   21800           -1.17021672e+05            3.07355393e+00            9.97365455e-01            1.00351525e+00     9.986403715331810e+03     9.986720628208921e+03     9.987037811433105e+03     9.987354768052224e+03     9.987671788102334e+03     9.988939860872859e+03
   22000           -1.17163087e+05            3.93899638e+00            9.96539190e-01            1.00442092e+00     9.857104915078608e+03     9.857521318272547e+03     9.857938114331193e+03     9.858354613218045e+03     9.858771181701914e+03     9.860437448325220e+03
   22200           -1.17041423e+05            5.00639619e+00            9.95448625e-01            1.00546591e+00     9.888470204584655e+03     9.889029337068578e+03     9.889588850947139e+03     9.890148073435425e+03     9.890707365236589e+03     9.892944525888523e+03
   22400           -1.17261214e+05            7.68207830e+00            9.92714945e-01            1.00808494e+00     9.940380338838275e+03     9.941279882143237e+03     9.942179708973903e+03     9.943079312230871e+03     9.943978972210902e+03     9.947577605583529e+03
   22600           -1.17069807e+05            2.46450395e+00            9.97952528e-01            1.00288359e+00     9.981197214965940e+03     9.981441894856249e+03     9.981686857044604e+03     9.981931585683067e+03     9.982176378221598e+03     9.983155541477257e+03
   22800           -1.17027801e+05            1.68756696e+00            9.98786826e-01            1.00216356e+00     9.909343844224059e+03     9.909487796489000e+03     9.909632155821813e+03     9.909776204818534e+03     9.909920326791776e+03     9.910496809359494e+03
   23000           -1.17084503e+05            1.84184690e+00            9.98608703e-01            1.00229406e+00     9.936795901794398e+03     9.936956170915817e+03     9.937116758830405e+03     9.937277113457958e+03     9.937437519505907e+03     9.938079137217415e+03
   23200           -1.16948665e+05            2.71500344e+00            9.97713455e-01            1.00314578e+00     9.923452251915376e+03     9.923725619022316e+03     9.923999275016617e+03     9.924272694781132e+03     9.924546178004757e+03     9.925640104094140e+03
   23400           -1.16972334e+05            2.81730969e+00            9.97625980e-01            1.00326309e+00     9.986624861784901e+03     9.986905466745131e+03     9.987186385865696e+03     9.987467053941904e+03     9.987747787049506e+03     9.988870712314112e+03
   23600           -1.16926978e+05            1.45565326e+00            9.98951959e-01            1.00186445e+00     9.786547002882484e+03     9.786661691659605e+03     9.786776708331272e+03     9.786891472549467e+03     9.787006297812910e+03     9.787465592743336e+03
   23800           -1.17045953e+05            3.67341080e+00            9.96826078e-01            1.00417655e+00     9.868293246556257e+03     9.868680391082877e+03     9.869067877967078e+03     9.869455122133179e+03     9.869842416374779e+03     9.871391586193302e+03
   24000           -1.16974693e+05            1.26809329e+00            9.99179969e-01            1.00171729e+00     9.902483947002389e+03     9.902574112043212e+03     9.902664622574977e+03     9.902754854217514e+03     9.902845158786260e+03     9.903206370570133e+03
   24200           -1.17236950e+05            2.89231448e+00            9.97574085e-01            1.00336140e+00     1.000490548089898e+04     1.000519530873487e+04     1.000548551387619e+04     1.000577544833926e+04     1.000606543953659e+04     1.000722539817420e+04
   24400           -1.17056458e+05            2.53804818e+00            9.97913948e-01            1.00299233e+00     9.974113615648708e+03     9.974360690643814e+03     9.974608120610588e+03     9.974855290339032e+03     9.975102517514884e+03     9.976091419381060e+03
   24600           -1.16789842e+05            2.75395146e+00            9.97719020e-01            1.00322952e+00     1.003424405005842e+04     1.003451610526052e+04     1.003478847456320e+04     1.003506060743292e+04     1.003533279581349e+04     1.003642154156856e+04
   24800           -1.16912649e+05            1.57059693e+00            9.98847154e-01            1.00198966e+00     9.968171179331597e+03     9.968299924102390e+03     9.968429001875495e+03     9.968557819081021e+03     9.968686701163970e+03     9.969202222996344e+03
   25000           -1.17025933e+05            1.95007290e+00            9.98536452e-01            1.00243849e+00     9.937077884123910e+03     9.937250820590893e+03     9.937424128254910e+03     9.937597165670402e+03     9.937770261675874e+03     9.938462639227841e+03
   25200           -1.17029786e+05            1.12714840e+00            9.99319387e-01            1.00157469e+00     1.002137770533117e+04     1.002145227856068e+04     1.002152721731192e+04     1.002160187336971e+04     1.002167659797236e+04     1.002197549061353e+04
   25400           -1.17024318e+05            1.32257863e+00            9.99154652e-01            1.00180107e+00     1.004896033565607e+04     1.004905480532973e+04     1.004914959967497e+04     1.004924413725033e+04     1.004933874019948e+04     1.004971714474288e+04
   25600           -1.17240146e+05            3.54966280e+00            9.96958052e-01            1.00406096e+00     9.989518139269983e+03     9.989886366206712e+03     9.990254971315111e+03     9.990623293304414e+03     9.990991679865860e+03     9.992465220461734e+03
   25800           -1.17448564e+05            3.97005900e+00            9.96483639e-01            1.00442733e+00     9.985527144822339e+03     9.985951659316273e+03     9.986376484628094e+03     9.986801065234245e+03     9.987225707212161e+03     9.988924269601981e+03
   26000           -1.17190662e+05            2.32083133e+00            9.98124852e-01            1.00276858e+00     1.003597053767313e+04     1.003619015340827e+04     1.003641011150397e+04     1.003662980446230e+04     1.003684956209134e+04     1.003772858650955e+04
   26200           -1.17217901e+05            2.55245370e+00            9.97882187e-01            1.00298931e+00     9.946253355407020e+03     9.946505379753848e+03     9.946757729790819e+03     9.947009818059556e+03     9.947261974694296e+03     9.948270593981571e+03
   26400           -1.17482543e+05            1.74022503e+00            9.98749006e-01            1.00223116e+00     9.924400666273848e+03     9.924543748065311e+03     9.924687155039130e+03     9.924830314110352e+03     9.924973532210224e+03     9.925546398146600e+03
   26600           -1.17008331e+05            2.73751092e+00            9.97722854e-01            1.00320039e+00     1.001278918200296e+04     1.001306038442565e+04     1.001333190509190e+04     1.001360318370774e+04     1.001387451990819e+04     1.001495985781343e+04
   26800           -1.17227541e+05            3.36218341e+00            9.97088014e-01            1.00381539e+00     1.003780112305750e+04     1.003815352765587e+04     1.003850628908084e+04     1.003885878134606e+04     1.003921133665184e+04     1.004062155024619e+04
   27000           -1.17135362e+05            1.39303301e+00            9.99036839e-01            1.00182410e+00     9.892929324470260e+03     9.893034958590139e+03     9.893140870485751e+03     9.893246562722241e+03     9.893352311239485e+03     9.893775298008712e+03
   27200           -1.16998384e+05            1.53027424e+00            9.98902391e-01            1.00196426e+00     9.947203538514437e+03     9.947325989030322e+03     9.947448800315635e+03     9.947571338965494e+03     9.947693941537758e+03     9.948184344561079e+03
   27400           -1.17338803e+05            2.67114258e+00            9.97774648e-01            1.00311931e+00     9.916366738530554e+03     9.916632402104053e+03     9.916898398452851e+03     9.917164138986313e+03     9.917429941284887e+03     9.918493144039219e+03
   27600           -1.17292689e+05            3.15907180e+00            9.97260458e-01            1.00358124e+00     9.959968582876900e+03     9.960298951230170e+03     9.960629672428367e+03     9.960960114724736e+03     9.961290627505257e+03     9.962612672133617e+03
   27800           -1.17326876e+05            4.66006041e+00            9.95796739e-01            1.00512107e+00     9.909341217195097e+03     9.909856033355773e+03     9.910371255767377e+03     9.910886177700584e+03     9.911401166663481e+03     9.913461116131866e+03
   28000           -1.17296924e+05            4.27842834e+00            9.96188554e-01            1.00474937e+00     9.975199128417415e+03     9.975663030921030e+03     9.976127246865115e+03     9.976591213128022e+03     9.977055243658424e+03     9.978911358899431e+03
   28200           -1.16989696e+05            3.91919906e+00            9.96534364e-01            1.00437629e+00     9.987198186121195e+03     9.987615262087496e+03     9.988032709071613e+03     9.988449897746204e+03     9.988867137489568e+03     9.990536088857940e+03
   28400           -1.16883321e+05            3.73924365e+00            9.96741359e-01            1.00422342e+00     9.957098186807700e+03     9.957491870234595e+03     9.957885909905619e+03     9.958279684524034e+03     9.958673518995860e+03     9.960248851184020e+03
   28600           -1.16825643e+05            3.61472031e+00            9.96853630e-01            1.00408644e+00     1.006270937879182e+04     1.006308959938043e+04     1.006347020630715e+04     1.006385052050823e+04     1.006423090311152e+04     1.006575242743122e+04
   28800           -1.17003930e+05            4.71425503e+00            9.95774578e-01            1.00520765e+00     9.928899283154182e+03     9.929415101629000e+03     9.929931213746475e+03     9.930447097912438e+03     9.930963038360134e+03     9.933026793566085e+03
   29000           -1.16995313e+05            4.02102651e+00            9.96427943e-01            1.00447358e+00     1.005057009310795e+04     1.005100319723339e+04     1.005143670179259e+04     1.005186991853235e+04     1.005230319627839e+04     1.005403629944883e+04
   29200           -1.16982206e+05            5.65210625e+00            9.94809867e-01            1.00611921e+00     9.903947222632047e+03     9.904584276055282e+03     9.905221661106812e+03     9.905858785477283e+03     9.906495975800448e+03     9.909044728968845e+03
   29400           -1.17040666e+05            7.19176745e+00            9.93286998e-01            1.00767722e+00     1.003267512298710e+04     1.003350328249571e+04     1.003433182617389e+04     1.003516009355227e+04     1.003598841920024e+04     1.003930171541337e+04
   29600           -1.17097501e+05            4.94883809e+00            9.95475221e-01            1.00537703e+00     9.866591852765392e+03     9.867142614641101e+03     9.867693705839141e+03     9.868244543423250e+03     9.868795442826262e+03     9.870999032887130e+03
   29800           -1.16762108e+05            3.26573335e+00            9.97173599e-01            1.00370792e+00     9.974027947515553e+03     9.974366477153510e+03     9.974705334100563e+03     9.975043936803251e+03     9.975382602364669e+03     9.976737257213783e+03
   30000           -1.16767947e+05            4.61544186e+00            9.95820856e-01            1.00505572e+00     9.990276751272473e+03     9.990786050781082e+03     9.991295692730910e+03     9.991805070591425e+03     9.992314512654435e+03     9.994352274036397e+03
   30200           -1.17061216e+05            6.34010820e+00            9.94097987e-01            1.00678362e+00     9.948942369334936e+03     9.949666123380248e+03     9.950390200654416e+03     9.951114023452823e+03     9.951837909925222e+03     9.954733450515505e+03
   30400           -1.16934404e+05            5.54541022e+00            9.94918860e-01            1.00601474e+00     9.937756661785701e+03     9.938379662904523e+03     9.939002967576858e+03     9.939626037224845e+03     9.940249164187322e+03     9.942741666588941e+03
   30600           -1.17118559e+05            4.98396858e+00            9.95454973e-01            1.00542722e+00     1.004438968915804e+04     1.004494387262049e+04     1.004549835206441e+04     1.004605259912898e+04     1.004660690452361e+04     1.004882411988918e+04
   30800           -1.16966504e+05            5.31940552e+00            9.95152116e-01            1.00579587e+00     9.863417627020379e+03     9.864010481917252e+03     9.864603615411284e+03     9.865196530732108e+03     9.865789501085355e+03     9.868161375150332e+03
   31000           -1.16920766e+05            4.90928177e+00            9.95516111e-01            1.00533879e+00     9.985385681847316e+03     9.985933641323774e+03     9.986481851230013e+03     9.987029843227396e+03     9.987577899340657e+03     9.989770116833997e+03
   31200           -1.17171795e+05            4.69781598e+00            9.95746250e-01            1.00514600e+00     1.001782529660295e+04     1.001834501737579e+04     1.001886504062084e+04     1.001938483559440e+04     1.001990468403670e+04     1.002198407147044e+04
   31400           -1.16862712e+05            3.71487185e+00            9.96733511e-01            1.00416656e+00     1.004606366469992e+04     1.004645836725872e+04     1.004685345234124e+04     1.004724825381143e+04     1.004764311998894e+04     1.004922257527795e+04
   31600           -1.16975582e+05            4.34725039e+00            9.96077867e-01            1.00477602e+00     9.937337030005601e+03     9.937813949371559e+03     9.938291124639476e+03     9.938768081557942e+03     9.939245100940499e+03     9.941153171875399e+03
   31800           -1.16987324e+05            9.25720861e+00            9.91205086e-01            1.00972761e+00     1.000931632100009e+04     1.001040446937205e+04     1.001149292856786e+04     1.001258115068577e+04     1.001366942982245e+04     1.001802253864481e+04
   32000           -1.17056060e+05            2.64347765e+00            9.97830004e-01            1.00311946e+00     9.996145890990185e+03     9.996403702569425e+03     9.996661846012930e+03     9.996919729315368e+03     9.997177678138694e+03     9.998209465287204e+03
   32200           -1.17125104e+05            1.54218153e+00            9.98896824e-01            1.00198254e+00     9.873718172120580e+03     9.873840392310140e+03     9.873962966643971e+03     9.874085276423262e+03     9.874207646968514e+03     9.874697121816447e+03
   32400           -1.17343086e+05            2.98816122e+00            9.97429081e-01            1.00340789e+00     9.959662571873883e+03     9.959970733946535e+03     9.960279184410703e+03     9.960587412378736e+03     9.960895694816141e+03     9.962128817758399e+03
   32600           -1.17123003e+05            3.14926762e+00            9.97263827e-01            1.00356495e+00     9.999772560272524e+03     1.000010099809055e+04     1.000042976560129e+04     1.000075828604840e+04     1.000108686339819e+04     1.000240116652386e+04
   32800           -1.17148044e+05            4.51287609e+00            9.95953092e-01            1.00498301e+00     9.959266505270058e+03     9.959759616306739e+03     9.960253029687199e+03     9.960746192464634e+03     9.961239423919089e+03     9.963212342568120e+03
   33000           -1.17161986e+05            4.11348113e+00            9.96318109e-01            1.00454859e+00     9.967033038344891e+03     9.967478850253987e+03     9.967925019736425e+03     9.968370929399120e+03     9.968816895663087e+03     9.970600752981283e+03
   33200           -1.17293364e+05            3.70943416e+00            9.96748115e-01            1.00417036e+00     1.006614948178330e+04     1.006654651213194e+04     1.006694390179236e+04     1.006734102892081e+04     1.006773821381552e+04     1.006932694584775e+04
   33400           -1.17212848e+05            6.43485186e+00            9.94060956e-01            1.00693690e+00     9.974266720080224e+03     9.975001787417939e+03     9.975737205853189e+03     9.976472343563046e+03     9.977207554009254e+03     9.980148387938283e+03
   33600           -1.17137421e+05            3.17074781e+00            9.97292605e-01            1.00363703e+00     9.942309935314452e+03     9.942636542646420e+03     9.942963475832816e+03     9.943290169816057e+03     9.943616916967834e+03     9.944923898621219e+03
   33800           -1.17191245e+05            3.66033251e+00            9.96767025e-01            1.00409080e+00     9.937178650558908e+03     9.937567404348898e+03     9.937956445368465e+03     9.938345251951752e+03     9.938734121355306e+03     9.940289592151707e+03
   34000           -1.17091010e+05            5.82145032e+00            9.94608291e-01            1.00625609e+00     9.942744127114554e+03     9.943406043066379e+03     9.944068258333171e+03     9.944730254464941e+03     9.945392299523712e+03     9.948040471932871e+03
   34200           -1.17237504e+05            6.08807912e+00            9.94382199e-01            1.00656397e+00     9.985544675156565e+03     9.986235852102207e+03     9.986927349137375e+03     9.987618594902297e+03     9.988309903602485e+03     9.991075132048405e+03
   34400           -1.17211289e+05            3.97083561e+00            9.96504566e-01            1.00444999e+00     9.963327056214379e+03     9.963750394383742e+03     9.964174055817806e+03     9.964597467554164e+03     9.965020940565248e+03     9.966714824916118e+03
   34600           -1.16997867e+05            4.36975498e+00            9.96079516e-01            1.00482291e+00     9.971234996622838e+03     9.971712151838359e+03     9.972189665583062e+03     9.972666908318233e+03     9.973144214669146e+03     9.975053432715455e+03
   34800           -1.17150158e+05            6.55600669e+00            9.93884331e-01            1.00700197e+00     9.975998706202718e+03     9.976748913838943e+03     9.977499498765677e+03     9.978249804898205e+03     9.979000173688770e+03     9.982001641174822e+03
   35000           -1.16876720e+05            3.38593749e+00            9.97083784e-01            1.00385882e+00     9.996935213379149e+03     9.997288804326918e+03     9.997642698027685e+03     9.997996349460640e+03     9.998350063698181e+03     9.999764914017214e+03
   35200           -1.17184947e+05            5.05997566e+00            9.95446202e-01            1.00557121e+00     1.004616864138506e+04     1.004672741155434e+04     1.004728658678424e+04     1.004784546916153e+04     1.004840441402978e+04     1.005064018667450e+04
   35400           -1.17053736e+05            1.04365857e+01            9.90069733e-01            1.01095282e+00     1.004768516487031e+04     1.004892045666844e+04     1.005015607048271e+04     1.005139143186591e+04     1.005262685645992e+04     1.005756854804954e+04
   35600           -1.17123362e+05            4.33921048e+00            9.96132793e-01            1.00481527e+00     1.009768334043116e+04     1.009815357350157e+04     1.009862417334228e+04     1.009909449196470e+04     1.009956487840995e+04     1.010144641638874e+04
   35800           -1.17150886e+05            6.23368185e+00            9.94168674e-01            1.00664092e+00     9.801537733365620e+03     9.802253434585873e+03     9.802969465922999e+03     9.803685255983246e+03     9.804401099192615e+03     9.807264465019611e+03
   36000           -1.17164132e+05            6.24652569e+00            9.94192797e-01            1.00669121e+00     1.001527677362126e+04     1.001598917702387e+04     1.001670192901196e+04     1.001741441272450e+04     1.001812696148178e+04     1.002097714934231e+04
   36200           -1.16973476e+05            7.07680538e+00            9.93340682e-01            1.00750001e+00     9.982994248129027e+03     9.983814590144450e+03     9.984635211115467e+03     9.985455598514565e+03     9.986276050989862e+03     9.989557853850696e+03
   36400           -1.17010066e+05            5.56427131e+00            9.94818599e-01            1.00595131e+00     9.982249977096753e+03     9.982881784151765e+03     9.983513886844748e+03     9.984145768512315e+03     9.984777701438983e+03     9.987305425781213e+03
   36600           -1.16901748e+05            7.73972256e+00            9.92728344e-01            1.00821478e+00     9.913947451753334e+03     9.914848460938652e+03     9.915749844720207e+03     9.916650938872039e+03     9.917552103917431e+03     9.921156756081527e+03
   36800           -1.16959733e+05            5.85687540e+00            9.94598781e-01            1.00631777e+00     9.959784211316079e+03     9.960446652188048e+03     9.961109397225866e+03     9.961771910632704e+03     9.962434480072328e+03     9.965084748828580e+03
   37000           -1.16974356e+05            9.06734324e+00            9.91411037e-01            1.00955398e+00     1.003664699004261e+04     1.003771112960789e+04     1.003877558267338e+04     1.003983978348179e+04     1.004090405063886e+04     1.004516111123511e+04
   37200           -1.17104974e+05            9.66694307e+00            9.90833057e-01            1.01017610e+00     1.000230336062543e+04     1.000344062373992e+04     1.000457828108119e+04     1.000571565984808e+04     1.000685309500871e+04     1.001140282939198e+04
   37400           -1.17041209e+05            1.11271013e+01            9.89332399e-01            1.01159601e+00     9.881026731322698e+03     9.882351468860330e+03     9.883676627782512e+03     9.885001498704845e+03     9.886326423257951e+03     9.891626115193207e+03
   37600           -1.16878019e+05            7.71499106e+00            9.92751099e-01            1.00818802e+00     9.876017525103285e+03     9.876913764424284e+03     9.877810337186680e+03     9.878706653307838e+03     9.879603031964753e+03     9.883188538826218e+03
   37800           -1.16930389e+05            7.16603720e+00            9.93286930e-01            1.00762530e+00     1.005485601138458e+04     1.005568404852719e+04     1.005651238925319e+04     1.005734047607263e+04     1.005816863351942e+04     1.006148125565427e+04
   38000           -1.16808632e+05            8.33770509e+00            9.92105314e-01            1.00878778e+00     9.936161187821421e+03     9.937137581893170e+03     9.938114258666212e+03     9.939090705846011e+03     9.940067213364633e+03     9.943973238907845e+03
   38200           -1.16886928e+05            9.16736530e+00            9.91308513e-01            1.00965153e+00     1.003005094824601e+04     1.003112820738016e+04     1.003220580832825e+04     1.003328317555401e+04     1.003436058692523e+04     1.003867022560445e+04
   38400           -1.17051295e+05            8.11592459e+00            9.92360351e-01            1.00859963e+00     9.981423925374555e+03     9.982366197037752e+03     9.983308859032684e+03     9.984251243868695e+03     9.985193685326212e+03     9.988963445277872e+03
   38600           -1.17103892e+05            6.90100504e+00            9.93577237e-01            1.00738567e+00     9.983303101940926e+03     9.984096566443430e+03     9.984890379432833e+03     9.985683932087575e+03     9.986477544733154e+03     9.989651987525382e+03
   38800           -1.17111868e+05            7.93452046e+00            9.92530799e-01            1.00840695e+00     1.003717921476270e+04     1.003810323947224e+04     1.003902759653294e+04     1.003995169247329e+04     1.004087585409192e+04     1.004457249342113e+04
   39000           -1.17172376e+05            6.58814442e+00            9.93836643e-01            1.00701837e+00     1.001211912771651e+04     1.001287495428382e+04     1.001363104495240e+04     1.001438691886361e+04     1.001514285134682e+04     1.001816657497713e+04
   39200           -1.16928267e+05            7.91892920e+00            9.92547736e-01            1.00839271e+00     9.976250458651635e+03     9.977171589572758e+03     9.978093093309864e+03     9.979014328359175e+03     9.979935620328690e+03     9.983620782005744e+03
   39400           -1.16842364e+05            5.61913983e+00            9.94803232e-01            1.00604617e+00     9.968983922359419e+03     9.969619020502902e+03     9.970254423373786e+03     9.970889599356924e+03     9.971524827262976e+03     9.974065732166533e+03
   39600           -1.16869245e+05            5.80606171e+00            9.94682827e-01            1.00630053e+00     1.000980082129946e+04     1.001045432266493e+04     1.001110818177996e+04     1.001176177356339e+04     1.001241542653227e+04     1.001503003176508e+04
   39800           -1.17087156e+05            2.14286121e+00            9.98308342e-01            1.00259600e+00     9.968698431765777e+03     9.968895678807214e+03     9.969093296708155e+03     9.969290652406069e+03     9.969488061741476e+03     9.970277691717176e+03
   40000           -1.17162430e+05            2.13114984e+00            9.98323189e-01            1.00258742e+00     9.812054744566609e+03     9.812252198157425e+03     9.812449971804910e+03     9.812647491472686e+03     9.812845076576359e+03     9.813635408586111e+03
   40200           -1.17233218e+05            2.10475652e+00            9.98318888e-01            1.00253018e+00     9.920654006555471e+03     9.920850235381349e+03     9.921046749271232e+03     9.921243029496598e+03     9.921439372746096e+03     9.922224738936718e+03
   40400           -1.17311359e+05            4.29916607e+00            9.96150429e-01            1.00475259e+00     1.004284829730393e+04     1.004331508885165e+04     1.004378222495538e+04     1.004424909102268e+04     1.004471602477533e+04     1.004658375224672e+04
   40600           -1.17179993e+05            2.15938954e+00            9.98297411e-01            1.00261816e+00     9.971120089740893e+03     9.971319614675765e+03     9.971519456378621e+03     9.971719050791065e+03     9.971918706750501e+03     9.972717323760109e+03
   40800           -1.17515441e+05            2.75969725e+00            9.97660009e-01            1.00318171e+00     9.892265889256496e+03     9.892541277092849e+03     9.892816985030673e+03     9.893092453885944e+03     9.893367977562306e+03     9.894470065868116e+03
   41000           -1.17494393e+05            1.70301526e+00            9.98756751e-01            1.00216435e+00     9.955811519737066e+03     9.955951708363584e+03     9.956092198079343e+03     9.956232458487864e+03     9.956372773167128e+03     9.956934026597191e+03
   41200           -1.17092996e+05            1.35496579e+00            9.99096010e-01            1.00180716e+00     9.872516296842336e+03     9.872616957100527e+03     9.872717965233283e+03     9.872818711213977e+03     9.872919517896040e+03     9.873322738949746e+03
   41400           -1.17069533e+05            1.18662369e+00            9.99270313e-01            1.00164464e+00     1.002094436717689e+04     1.002102302982067e+04     1.002110197312263e+04     1.002118068959007e+04     1.002125946574172e+04     1.002157456430654e+04
   41600           -1.17026202e+05            2.92281936e+00            9.97492025e-01            1.00334008e+00     9.998730191524775e+03     9.999030209228926e+03     9.999330584512394e+03     9.999630698537267e+03     9.999930869812817e+03     1.000113154810086e+04
   41800           -1.17069436e+05            1.74166769e+00            9.98709301e-01            1.00219421e+00     9.875375138195177e+03     9.875521666890631e+03     9.875668558990050e+03     9.875815181415401e+03     9.875961864606343e+03     9.876548591017507e+03
   42000           -1.16897477e+05            1.97988733e+00            9.98496624e-01            1.00245828e+00     9.977132160194165e+03     9.977308734452583e+03     9.977485596609664e+03     9.977662219261530e+03     9.977838908264297e+03     9.978545656334429e+03
   42200           -1.16975390e+05            1.62469157e+00            9.98840862e-01            1.00209176e+00     9.920500880790716e+03     9.920634500123148e+03     9.920768431154627e+03     9.920902115868303e+03     9.921035863185687e+03     9.921570845580660e+03
   42400           -1.16916993e+05            1.78803266e+00            9.98652866e-01            1.00223051e+00     9.885690332360262e+03     9.885842436943203e+03     9.885994849261449e+03     9.886147022486872e+03     9.886299255046368e+03     9.886908177732474e+03
   42600           -1.16759553e+05            4.84904222e+00            9.95578158e-01            1.00528033e+00     1.000000797138804e+04     1.000054699576499e+04     1.000108632968437e+04     1.000162543749708e+04     1.000216459501342e+04     1.000432121863880e+04
   42800           -1.16797192e+05            5.93236571e+00            9.94502242e-01            1.00637202e+00     1.002602957777523e+04     1.002670285090040e+04     1.002737648564928e+04     1.002804985081408e+04     1.002872327750838e+04     1.003141697724153e+04
   43000           -1.16779332e+05            3.23051045e+00            9.97257271e-01            1.00372143e+00     1.003761836452139e+04     1.003795091840619e+04     1.003828385855144e+04     1.003861651160452e+04     1.003894923022217e+04     1.004028009592295e+04
   43200           -1.16805032e+05            2.51804836e+00            9.97938395e-01            1.00297679e+00     9.845243375046688e+03     9.845488686339575e+03     9.845734301511557e+03     9.845979684562586e+03     9.846225123359862e+03     9.847206871673035e+03
   43400           -1.16644160e+05            2.27177332e+00            9.98201513e-01            1.00274721e+00     1.006165424989635e+04     1.006186783459893e+04     1.006208170285708e+04     1.006229534490402e+04     1.006250904539453e+04     1.006336384089271e+04
   43600           -1.16725091e+05            7.28285966e+00            9.93182717e-01            1.00775501e+00     1.003389230368717e+04     1.003473348377755e+04     1.003557504157960e+04     1.003641632550843e+04     1.003725766848718e+04     1.004062303328719e+04
   43800           -1.16907847e+05            3.05118531e+00            9.97414826e-01            1.00352003e+00     9.936733412234837e+03     9.937044802237997e+03     9.937356546388413e+03     9.937668029747205e+03     9.937979570955064e+03     9.939225729675290e+03
   44000           -1.16707193e+05            2.28627357e+00            9.98100720e-01            1.00267503e+00     9.956260139743810e+03     9.956480996477019e+03     9.956702161029172e+03     9.956923099550078e+03     9.957144088331679e+03     9.958028036919548e+03
   44200           -1.17020711e+05            1.43437426e+00            9.99015754e-01            1.00188579e+00     9.972468305308403e+03     9.972577172017242e+03     9.972686373580327e+03     9.972795315307954e+03     9.972904320938636e+03     9.973340336568870e+03
   44400           -1.17092512e+05            1.33612475e+00            9.99097703e-01            1.00177111e+00     1.005814154786284e+04     1.005823967095429e+04     1.005833812113081e+04     1.005843633582837e+04     1.005853460039202e+04     1.005892765292120e+04
   44600           -1.17095874e+05            3.14121916e+00            9.97312903e-01            1.00359818e+00     1.005929916955863e+04     1.005962284126943e+04     1.005994690401390e+04     1.006027068588480e+04     1.006059452706616e+04     1.006188988457368e+04
   44800           -1.16967815e+05            3.97370734e+00            9.96480532e-01            1.00443153e+00     1.000813126537468e+04     1.000856075253082e+04     1.000899055594415e+04     1.000942009835071e+04     1.000984971128632e+04     1.001156815719795e+04
   45000           -1.16886277e+05            3.38432427e+00            9.97030022e-01            1.00380146e+00     1.001823041694997e+04     1.001858450161662e+04     1.001893886129304e+04     1.001929300162837e+04     1.001964719890476e+04     1.002106398085956e+04
   45200           -1.17220443e+05            5.45486243e+00            9.95009905e-01            1.00592462e+00     9.965591413607965e+03     9.966204270440219e+03     9.966817469791355e+03     9.967430404818671e+03     9.968043403961914e+03     9.970495394315863e+03
   45400           -1.16813416e+05            6.18783113e+00            9.94283374e-01            1.00666474e+00     9.964288705268018e+03     9.964992314063400e+03     9.965696209580568e+03     9.966399876404166e+03     9.967103602705163e+03     9.969918500142308e+03
   45600           -1.17073008e+05            8.99091716e+00            9.91508873e-01            1.00949929e+00     1.000236842926364e+04     1.000341985279042e+04     1.000447163779155e+04     1.000552315138227e+04     1.000657472753259e+04     1.001078102580153e+04
   45800           -1.16833705e+05            6.23070501e+00            9.94216920e-01            1.00668378e+00     1.003417081332203e+04     1.003488084181040e+04     1.003559121812256e+04     1.003630133305238e+04     1.003701150804322e+04     1.003985220276441e+04
   46000           -1.17043164e+05            3.38359204e+00            9.97059454e-01            1.00382962e+00     9.997903850927130e+03     9.998258313043323e+03     9.998613080600810e+03     9.998967604957046e+03     9.999322192108908e+03     1.000074053329068e+04
   46200           -1.17104054e+05            3.39293847e+00            9.97042534e-01            1.00383135e+00     1.000864661197506e+04     1.000900194866197e+04     1.000935755190545e+04     1.000971293742284e+04     1.001006838150813e+04     1.001149015104121e+04
   46400           -1.17116468e+05            2.46119693e+00            9.97996714e-01            1.00292136e+00     9.945791485741101e+03     9.946027930720333e+03     9.946264694056632e+03     9.946501207500063e+03     9.946737783967625e+03     9.947684082194148e+03
   46600           -1.17216786e+05            7.41019857e+00            9.93106414e-01            1.00793425e+00     9.967977683816573e+03     9.968827674708582e+03     9.969678001111977e+03     9.970528061173862e+03     9.971378188950957e+03     9.974778694085340e+03
   46800           -1.17066882e+05            2.35829770e+00            9.98102932e-01            1.00282170e+00     9.962606223262088e+03     9.962830070014446e+03     9.963054203623005e+03     9.963278095434158e+03     9.963502055363855e+03     9.964397887465622e+03
   47000           -1.17211586e+05            1.92530554e+00            9.98542194e-01            1.00239460e+00     1.002282637486612e+04     1.002299583154797e+04     1.002316566247360e+04     1.002333521466113e+04     1.002350483032640e+04     1.002418328578668e+04
   47200           -1.17351282e+05            3.93976176e+00            9.96565377e-01            1.00444886e+00     9.983168443881361e+03     9.983590762374439e+03     9.984013457701012e+03     9.984435877059734e+03     9.984858357417401e+03     9.986548270953441e+03
   47400           -1.16997423e+05            4.48452961e+00            9.95941949e-01            1.00491479e+00     1.000597567320393e+04     1.000646566358953e+04     1.000695601125873e+04     1.000744609672789e+04     1.000793623997751e+04     1.000989680675109e+04
   47600           -1.17218281e+05            2.45171983e+00            9.98008939e-01            1.00291463e+00     1.003395012435311e+04     1.003418950989118e+04     1.003442918570557e+04     1.003466862993812e+04     1.003490813412566e+04     1.003586614389821e+04
   47800           -1.17251336e+05            2.94178555e+00            9.97512229e-01            1.00339846e+00     1.010826816700013e+04     1.010856417704158e+04     1.010886048110802e+04     1.010915654918905e+04     1.010945267855577e+04     1.011063719011142e+04
   48000           -1.17210378e+05            2.11661974e+00            9.98306727e-01            1.00254176e+00     9.970646659200152e+03     9.970842772260130e+03     9.971039168833862e+03     9.971235360842767e+03     9.971431597030100e+03     9.972216534860045e+03
   48200           -1.17282136e+05            2.61591102e+00            9.97858020e-01            1.00309232e+00     1.010457087620686e+04     1.010482439744943e+04     1.010507826400670e+04     1.010533189143625e+04     1.010558556481327e+04     1.010660025341967e+04
   48400           -1.17191435e+05            2.20389321e+00            9.98288388e-01            1.00269834e+00     1.001131733505352e+04     1.001151874767472e+04     1.001172048874605e+04     1.001192198927973e+04     1.001212354285211e+04     1.001292975065070e+04
   48600           -1.17142883e+05            1.98980522e+00            9.98491715e-01            1.00247324e+00     1.004185731305250e+04     1.004203239277934e+04     1.004220780348331e+04     1.004238297045462e+04     1.004255819186636e+04     1.004325907068023e+04
   48800           -1.17260740e+05            8.11996123e-01            9.99621833e-01            1.00124653e+00     1.000112020845239e+04     1.000115075945207e+04     1.000118169539494e+04     1.000121235183079e+04     1.000124306871216e+04     1.000136592897193e+04
   49000           -1.17168623e+05            1.57232519e+00            9.98856070e-01            1.00200207e+00     9.982336256059973e+03     9.982463220914336e+03     9.982590549773047e+03     9.982717594596214e+03     9.982844709358036e+03     9.983353162656100e+03
   49200           -1.17158085e+05            1.28060365e+00            9.99148483e-01            1.00171079e+00     9.922698960100439e+03     9.922788648488693e+03     9.922878642401876e+03     9.922968390636377e+03     9.923058203108661e+03     9.923417446116884e+03
   49400           -1.17029463e+05            2.51869646e+00            9.97921948e-01            1.00296156e+00     1.001075254368724e+04     1.001099818078436e+04     1.001124421448591e+04     1.001148997598868e+04     1.001173578907939e+04     1.001271903447154e+04
   49600           -1.17001966e+05            1.29803894e+00            9.99120292e-01            1.00171746e+00     1.008033762689106e+04     1.008043585254541e+04     1.008053432652671e+04     1.008063258880680e+04     1.008073091122274e+04     1.008112419555442e+04
   49800           -1.16991557e+05            7.70703962e-01            9.99688810e-01            1.00123093e+00     9.967250737676108e+03     9.967275082137041e+03     9.967299749486314e+03     9.967324184013311e+03     9.967348668675737e+03     9.967446599675362e+03
   50000           -1.16962642e+05            1.95239283e+00            9.98472482e-01            1.00237892e+00     9.957300469058593e+03     9.957476655589484e+03     9.957653146818653e+03     9.957829399022008e+03     9.958005711287911e+03     9.958710953517229e+03
