#This file was generated on Thu Apr 27 01:50:40 2023
#Using the somd command, of the molecular library Sire version <2023.1.3> 
#For more information visit: https://github.com/openbiosim/sire
#
#General information on simulation parameters:
#Simulation used 25000 moves, 2 cycles and 200 ps of simulation time
#Generating lambda is		 0.50000
#Alchemical array is		 (0.0, 0.125, 0.25, 0.375, 0.5, 1.0)
#Generating temperature is 	25°C
#Energy was saved every 200 steps 
#
#
#   [step]      [potential kcal/mol]       [gradient kcal/mol]      [forward Metropolis]     [backward Metropolis]                   [u_kl]
     200           -1.33612076e+05            1.80128020e+00            9.98171359e-01            1.00177382e+00     2.421863853984107e+04     2.421885626177865e+04     2.421907481445370e+04     2.421929279523842e+04     2.421951088139839e+04     2.422038322295570e+04
     400           -1.29559754e+05            3.18818990e+00            9.96790658e-01            1.00316688e+00     2.411802652093441e+04     2.411841663098729e+04     2.411880753165035e+04     2.411919786588304e+04     2.411958831518728e+04     2.412115010944015e+04
     600           -1.27326615e+05            1.22456956e+00            9.98745355e-01            1.00119442e+00     2.411776380581173e+04     2.411790735251940e+04     2.411805172300185e+04     2.411819551380089e+04     2.411833941787580e+04     2.411891502993986e+04
     800           -1.25478577e+05            1.09231958e+00            9.98885317e-01            1.00106991e+00     2.427455149417748e+04     2.427468146796375e+04     2.427481226116679e+04     2.427494246982572e+04     2.427507279556465e+04     2.427559409695183e+04
    1000           -1.24579989e+05            3.57456738e+00            9.96405891e-01            1.00355485e+00     2.415122814541859e+04     2.415166684045035e+04     2.415210637977158e+04     2.415254532731953e+04     2.415298438904841e+04     2.415474063267822e+04
    1200           -1.24007103e+05            1.32619870e+00            9.98642859e-01            1.00129517e+00     2.418274273024929e+04     2.418289911158392e+04     2.418305642384585e+04     2.418321309732673e+04     2.418336988753926e+04     2.418399704482923e+04
    1400           -1.23473667e+05            6.21212930e-01            9.99349251e-01            1.00059164e+00     2.407455769288269e+04     2.407462649860914e+04     2.407469615218556e+04     2.407476522100885e+04     2.407483439806157e+04     2.407511110324045e+04
    1600           -1.23288921e+05            1.38446757e+00            9.98591856e-01            1.00136072e+00     2.416380326901568e+04     2.416396811737795e+04     2.416413386811780e+04     2.416429899423638e+04     2.416446423723315e+04     2.416512520545061e+04
    1800           -1.23122747e+05            1.74082376e+00            9.98221028e-01            1.00170254e+00     2.423512788276123e+04     2.423533688671753e+04     2.423554674275040e+04     2.423575603137549e+04     2.423596541578944e+04     2.423680294881766e+04
    2000           -1.23086237e+05            1.95858756e+00            9.98018057e-01            1.00193514e+00     2.423152541447645e+04     2.423176087777709e+04     2.423199721019512e+04     2.423223294463018e+04     2.423246878926096e+04     2.423341216404546e+04
    2200           -1.22925667e+05            2.24079581e+00            9.97742750e-01            1.00222426e+00     2.423907088176100e+04     2.423934238338916e+04     2.423961479312697e+04     2.423988656838790e+04     2.424015846554517e+04     2.424124604932934e+04
    2400           -1.22742660e+05            2.70413982e+00            9.97272989e-01            1.00268113e+00     2.424595255104074e+04     2.424628248018979e+04     2.424661329315823e+04     2.424694350020622e+04     2.424727381776263e+04     2.424859508448452e+04
    2600           -1.22929968e+05            2.45205935e+00            9.97508806e-01            1.00241272e+00     2.413358404308709e+04     2.413388199377564e+04     2.413418083812573e+04     2.413447906906176e+04     2.413477741270014e+04     2.413597078231320e+04
    2800           -1.22927848e+05            1.64805811e+00            9.98320088e-01            1.00161610e+00     2.418909802604701e+04     2.418929530229992e+04     2.418949342050947e+04     2.418969096238360e+04     2.418988860945461e+04     2.419067919286221e+04
    3000           -1.22864566e+05            1.38278874e+00            9.98593081e-01            1.00135859e+00     2.420132564242780e+04     2.420149050059674e+04     2.420165624184130e+04     2.420182138856660e+04     2.420198663920241e+04     2.420264763597703e+04
    3200           -1.22761274e+05            8.74886962e-01            9.99105908e-01            1.00085565e+00     2.407979335474049e+04     2.407989333434900e+04     2.407999417353444e+04     2.408009443665633e+04     2.408019479871128e+04     2.408059624268207e+04
    3400           -1.22446352e+05            2.38592800e+00            9.97587910e-01            1.00235963e+00     2.423373290221922e+04     2.423402136995839e+04     2.423431062592410e+04     2.423459934400306e+04     2.423488815945288e+04     2.423604341668654e+04
    3600           -1.22510311e+05            1.59310745e+00            9.98386034e-01            1.00157218e+00     2.405928376001669e+04     2.405947264278213e+04     2.405966242216026e+04     2.405985157078023e+04     2.406004084296646e+04     2.406079792591622e+04
    3800           -1.22695700e+05            3.64060427e+00            9.96337978e-01            1.00361900e+00     2.420998463736772e+04     2.421043185829700e+04     2.421087992002396e+04     2.421132739240158e+04     2.421177497869130e+04     2.421356532001488e+04
    4000           -1.22822200e+05            1.85627192e+00            9.98110160e-01            1.00182257e+00     2.426168250814277e+04     2.426190494459665e+04     2.426212823644566e+04     2.426235095105873e+04     2.426257376697355e+04     2.426346502580431e+04
    4200           -1.22608988e+05            3.78511554e+00            9.96196880e-01            1.00376694e+00     2.416971461343215e+04     2.417017908998249e+04     2.417064440603116e+04     2.417110912132680e+04     2.417157395876241e+04     2.417343330409267e+04
    4400           -1.22687662e+05            8.42918119e-01            9.99130038e-01            1.00081583e+00     2.402771589225608e+04     2.402781170584020e+04     2.402790839695310e+04     2.402800448094536e+04     2.402810067831836e+04     2.402848546438064e+04
    4600           -1.22294804e+05            1.33053441e+00            9.98649266e-01            1.00131028e+00     2.430580412224261e+04     2.430596153201278e+04     2.430611973902424e+04     2.430627737695165e+04     2.430643512916454e+04     2.430706613608647e+04
    4800           -1.22944494e+05            1.83906066e+00            9.98136449e-01            1.00181448e+00     2.412224156204598e+04     2.412246320107635e+04     2.412268572683545e+04     2.412290762589507e+04     2.412312964914056e+04     2.412401773623514e+04
    5000           -1.22845431e+05            1.56453534e+00            9.98414501e-01            1.00154350e+00     2.419817040349095e+04     2.419835849715661e+04     2.419854747490452e+04     2.419873583866411e+04     2.419892431886429e+04     2.419967823423762e+04
    5200           -1.22821804e+05            1.51739606e+00            9.98456539e-01            1.00149125e+00     2.413110495600325e+04     2.413128579015772e+04     2.413146753617052e+04     2.413164865369294e+04     2.413182988786840e+04     2.413255481973354e+04
    5400           -1.22527645e+05            1.61787862e+00            9.98368463e-01            1.00160417e+00     2.410179483196024e+04     2.410198983427460e+04     2.410218573980889e+04     2.410238102955222e+04     2.410257643015642e+04     2.410335802835260e+04
    5600           -1.22488306e+05            1.00387476e+00            9.98972146e-01            1.00097985e+00     2.410137883770698e+04     2.410149610841152e+04     2.410161430485496e+04     2.410173187320847e+04     2.410184955296052e+04     2.410232026821406e+04
    5800           -1.22692850e+05            2.53758677e+00            9.97435012e-01            1.00251004e+00     2.408338484551381e+04     2.408369246983227e+04     2.408400099031835e+04     2.408430890159009e+04     2.408461692169602e+04     2.408584899787824e+04
    6000           -1.22315398e+05            1.06783573e+00            9.98901671e-01            1.00103728e+00     2.441593342891984e+04     2.441605902630474e+04     2.441618539575354e+04     2.441631119525813e+04     2.441643711852574e+04     2.441694080813165e+04
    6200           -1.22601882e+05            5.94395115e-01            9.99374737e-01            1.00056349e+00     2.424625709912591e+04     2.424632316069000e+04     2.424639005235236e+04     2.424645636418484e+04     2.424652278701431e+04     2.424678847490270e+04
    6400           -1.22628557e+05            3.05148233e+00            9.96927333e-01            1.00303015e+00     2.419861723031822e+04     2.419898988609771e+04     2.419936344131261e+04     2.419973638587063e+04     2.420010943945364e+04     2.420160164858905e+04
    6600           -1.22375887e+05            1.42719940e+00            9.98556327e-01            1.00141068e+00     2.423545628335872e+04     2.423562507851516e+04     2.423579475038492e+04     2.423596383855619e+04     2.423613302485739e+04     2.423680976635606e+04
    6800           -1.22620356e+05            2.43218313e+00            9.97537687e-01            1.00240190e+00     2.426388343161788e+04     2.426417985723827e+04     2.426447709484079e+04     2.426477378738330e+04     2.426507057406473e+04     2.426625771651158e+04
    7000           -1.22515793e+05            3.46178064e+00            9.96510213e-01            1.00343355e+00     2.418810149678080e+04     2.418852667616096e+04     2.418895265098125e+04     2.418937806206832e+04     2.418980358489669e+04     2.419150567301258e+04
    7200           -1.22659272e+05            1.24576103e+00            9.98731684e-01            1.00122315e+00     2.420300324129288e+04     2.420314953655292e+04     2.420329674496765e+04     2.420344333141709e+04     2.420359002885922e+04     2.420417681642556e+04
    7400           -1.22811344e+05            3.74571369e+00            9.96232050e-01            1.00372328e+00     2.418348820107636e+04     2.418394770230743e+04     2.418440803790517e+04     2.418486779553479e+04     2.418532766172530e+04     2.418716712237423e+04
    7600           -1.22923292e+05            9.71301035e-01            9.99005470e-01            1.00094803e+00     2.421983586329948e+04     2.421994906718230e+04     2.422006312877817e+04     2.422017659102042e+04     2.422029016808148e+04     2.422074447286348e+04
    7800           -1.22821762e+05            3.90302643e+00            9.96082887e-01            1.00388879e+00     2.428454721262718e+04     2.428502578941832e+04     2.428550521112620e+04     2.428598401237759e+04     2.428646294737888e+04     2.428837868213058e+04
    8000           -1.22602438e+05            5.84745997e-01            9.99394249e-01            1.00056372e+00     2.406281637365317e+04     2.406288055042205e+04     2.406294564226924e+04     2.406301009500994e+04     2.406307467020508e+04     2.406333296675699e+04
    8200           -1.22608494e+05            2.46118799e+00            9.97519746e-01            1.00244202e+00     2.409547630633489e+04     2.409577646494288e+04     2.409607752348809e+04     2.409637796649959e+04     2.409667852151523e+04     2.409788073669557e+04
    8400           -1.22653275e+05            1.22878779e+00            9.98750220e-01            1.00120774e+00     2.432567925672279e+04     2.432582404123251e+04     2.432596979687751e+04     2.432611487851791e+04     2.432626008731933e+04     2.432684091791588e+04
    8600           -1.22385638e+05            3.44469726e+00            9.96525962e-01            1.00341513e+00     2.406177988957705e+04     2.406220121145466e+04     2.406262342020437e+04     2.406304502071386e+04     2.406346673196848e+04     2.406515357435992e+04
    8800           -1.22665634e+05            2.17232825e+00            9.97804118e-01            1.00214867e+00     2.424388457031053e+04     2.424414782321661e+04     2.424441198053741e+04     2.424467552192164e+04     2.424493917360966e+04     2.424599377690878e+04
    9000           -1.22257316e+05            8.84737143e-01            9.99092444e-01            1.00086188e+00     2.403217767137890e+04     2.403228067593569e+04     2.403238450382520e+04     2.403248776052164e+04     2.403259112446955e+04     2.403300457756019e+04
    9200           -1.22316525e+05            1.73099748e+00            9.98257335e-01            1.00171929e+00     2.428163189639809e+04     2.428183921224486e+04     2.428204739745097e+04     2.428225496495760e+04     2.428246265615090e+04     2.428329341590371e+04
    9400           -1.22286769e+05            3.74974035e+00            9.96239734e-01            1.00373910e+00     2.410696752206120e+04     2.410742774462876e+04     2.410788889809376e+04     2.410834940617187e+04     2.410881003532192e+04     2.411065254858264e+04
    9600           -1.22383284e+05            3.53366766e+00            9.96447350e-01            1.00351452e+00     2.419798639419120e+04     2.419841943033697e+04     2.419885338840425e+04     2.419928670263206e+04     2.419972014021657e+04     2.420145388624195e+04
    9800           -1.22485633e+05            6.13417709e-01            9.99357659e-01            1.00058446e+00     2.419827149555314e+04     2.419833832909470e+04     2.419840610235431e+04     2.419847324361419e+04     2.419854049407978e+04     2.419880949260643e+04
   10000           -1.22521881e+05            5.87305106e-01            9.99390804e-01            1.00056539e+00     2.412572721746701e+04     2.412579259536027e+04     2.412585891246677e+04     2.412592461419244e+04     2.412599041464992e+04     2.412625361183284e+04
   10200           -1.22458908e+05            2.34087700e+00            9.97631154e-01            1.00231277e+00     2.430707692147327e+04     2.430736009371982e+04     2.430764413143663e+04     2.430792755727311e+04     2.430821110404132e+04     2.430934528660937e+04
   10400           -1.22312620e+05            4.14089556e+00            9.95830476e-01            1.00411198e+00     2.430240435254489e+04     2.430291431228681e+04     2.430342507136392e+04     2.430393527784444e+04     2.430444558754511e+04     2.430648682254533e+04
   10600           -1.22213271e+05            2.72364369e+00            9.97238583e-01            1.00268565e+00     2.425681423270795e+04     2.425714576919049e+04     2.425747812631744e+04     2.425780992571616e+04     2.425814182488802e+04     2.425946941706809e+04
   10800           -1.22575518e+05            1.93158344e+00            9.98044247e-01            1.00190732e+00     2.407718085856156e+04     2.407741358520509e+04     2.407764710985161e+04     2.407788007015835e+04     2.407811314244572e+04     2.407904542632988e+04
   11000           -1.22522799e+05            1.70484721e+00            9.98264151e-01            1.00167374e+00     2.435963720838679e+04     2.435984098983188e+04     2.436004571939443e+04     2.436024981657281e+04     2.436045402034453e+04     2.436127083230227e+04
   11200           -1.22718715e+05            9.36744111e-01            9.99031814e-01            1.00090524e+00     2.426169063430084e+04     2.426180013753874e+04     2.426191056768643e+04     2.426202037608531e+04     2.426213029150435e+04     2.426256994870786e+04
   11400           -1.22498273e+05            1.45095553e+00            9.98524976e-01            1.00142681e+00     2.411353036404987e+04     2.411370175433436e+04     2.411387404023089e+04     2.411404568627087e+04     2.411421746134631e+04     2.411490455864275e+04
   11600           -1.22599808e+05            1.07420373e+00            9.98891232e-01            1.00103956e+00     2.428729688233291e+04     2.428742284609861e+04     2.428754963250405e+04     2.428767584723885e+04     2.428780216986962e+04     2.428830745740634e+04
   11800           -1.22526738e+05            1.82923543e+00            9.98138443e-01            1.00179679e+00     2.415801676070970e+04     2.415823695037845e+04     2.415845793438215e+04     2.415867837772838e+04     2.415889891822501e+04     2.415978107574032e+04
   12000           -1.22222724e+05            2.22139219e+00            9.97751305e-01            1.00219396e+00     2.417981476869310e+04     2.418008260720170e+04     2.418035130573529e+04     2.418061940962523e+04     2.418088762463116e+04     2.418196048056921e+04
   12200           -1.22390396e+05            2.75165920e+00            9.97211584e-01            1.00271469e+00     2.427513542244530e+04     2.427547102556919e+04     2.427580745596266e+04     2.427614330475991e+04     2.427647926734306e+04     2.427782311224081e+04
   12400           -1.22566283e+05            8.97942981e-01            9.99075970e-01            1.00087181e+00     2.423583034110126e+04     2.423593273162851e+04     2.423603600633058e+04     2.423613866533613e+04     2.423624144150144e+04     2.423665254190161e+04
   12600           -1.22587388e+05            5.59751417e-01            9.99402910e-01            1.00052237e+00     2.404953657817075e+04     2.404959865574162e+04     2.404966157940611e+04     2.404972391617439e+04     2.404978636366606e+04     2.405003614916138e+04
   12800           -1.22737202e+05            4.63045821e-01            9.99497111e-01            1.00042317e+00     2.418087731060818e+04     2.418092773793722e+04     2.418097900427771e+04     2.418102968448447e+04     2.418108047743522e+04     2.418128364426226e+04
   13000           -1.22756213e+05            6.08621590e+00            9.93907210e-01            1.00607941e+00     2.411519808185310e+04     2.411595133558629e+04     2.411670540539378e+04     2.411745889957495e+04     2.411821250658244e+04     2.412122693131179e+04
   13200           -1.22691078e+05            2.58079619e+00            9.97390619e-01            1.00255205e+00     2.427120232494159e+04     2.427151642982655e+04     2.427183140719227e+04     2.427214579749819e+04     2.427246029004302e+04     2.427371825514446e+04
   13400           -1.22856955e+05            2.57389782e+00            9.97391837e-01            1.00253944e+00     2.420885489234773e+04     2.420916937307204e+04     2.420948474111649e+04     2.420979950791692e+04     2.421011438142874e+04     2.421137387050975e+04
   13600           -1.22613517e+05            3.79411886e+00            9.96184180e-01            1.00377222e+00     2.412165651056926e+04     2.412212161994670e+04     2.412258753281124e+04     2.412305289839602e+04     2.412351836246363e+04     2.412538021435799e+04
   13800           -1.22666707e+05            2.23377754e+00            9.97740479e-01            1.00220791e+00     2.419156447204563e+04     2.419183471675041e+04     2.419210582254653e+04     2.419237632828643e+04     2.419264694793544e+04     2.419372942382525e+04
   14000           -1.22555249e+05            2.28822782e+00            9.97682369e-01            1.00225868e+00     2.404100102915031e+04     2.404127816970334e+04     2.404155618360334e+04     2.404183363169136e+04     2.404211116752278e+04     2.404322130589524e+04
   14200           -1.22736920e+05            1.35695290e+00            9.98615040e-01            1.00132887e+00     2.415631074190676e+04     2.415647222070013e+04     2.415663456736532e+04     2.415679633048117e+04     2.415695819528782e+04     2.415760564866888e+04
   14400           -1.22781856e+05            2.69196202e+00            9.97289501e-01            1.00267331e+00     2.415192006428273e+04     2.415224888506054e+04     2.415257861387034e+04     2.415290771971132e+04     2.415323693966023e+04     2.415455381503774e+04
   14600           -1.22754100e+05            2.52129419e+00            9.97444680e-01            1.00248709e+00     2.405921408762268e+04     2.405951997002712e+04     2.405982677536865e+04     2.406013294469127e+04     2.406043923108474e+04     2.406166437454680e+04
   14800           -1.22746887e+05            3.32221643e+00            9.96652499e-01            1.00329674e+00     2.400827688616616e+04     2.400868473526332e+04     2.400909325927830e+04     2.400950129073514e+04     2.400990942717184e+04     2.401154196817752e+04
   15000           -1.22782541e+05            3.30488118e+00            9.96670830e-01            1.00328041e+00     2.408084263929309e+04     2.408124813213382e+04     2.408165440851748e+04     2.408206014870017e+04     2.408246598617980e+04     2.408408933306652e+04
   15200           -1.22680357e+05            2.74782464e+00            9.97233145e-01            1.00272868e+00     2.413931356279056e+04     2.413964844581010e+04     2.413998423536812e+04     2.414031938885459e+04     2.414065466584365e+04     2.414199576889672e+04
   15400           -1.22579335e+05            3.07491644e+00            9.96896112e-01            1.00304575e+00     2.419377588985237e+04     2.419415081169636e+04     2.419452657416180e+04     2.419490176412904e+04     2.419527705704013e+04     2.419677822422789e+04
   15600           -1.22612113e+05            2.39279337e+00            9.97574166e-01            1.00235958e+00     2.425403768713109e+04     2.425432770501537e+04     2.425461853944291e+04     2.425490878851838e+04     2.425519915623604e+04     2.425636062534099e+04
   15800           -1.22322288e+05            1.64383487e+00            9.98324087e-01            1.00161165e+00     2.418003309045496e+04     2.418022981151320e+04     2.418042732576238e+04     2.418062429173922e+04     2.418082135973430e+04     2.418160962901364e+04
   16000           -1.22458863e+05            1.24567290e+00            9.98735105e-01            1.00122640e+00     2.414604054657233e+04     2.414618674516114e+04     2.414633386055473e+04     2.414648034311234e+04     2.414662694348698e+04     2.414721334040162e+04
   16200           -1.22675543e+05            1.39537450e+00            9.98571479e-01            1.00136213e+00     2.417759416849063e+04     2.417775990805522e+04     2.417792653073128e+04     2.417809253973510e+04     2.417825866474150e+04     2.417892316099237e+04
   16400           -1.22461058e+05            2.41199327e+00            9.97563144e-01            1.00238700e+00     2.401258377006134e+04     2.401287631571711e+04     2.401316969794397e+04     2.401346252193479e+04     2.401375544059697e+04     2.401492711113260e+04
   16600           -1.22755709e+05            4.30978183e+00            9.95670001e-01            1.00428934e+00     2.402576270087220e+04     2.402629189795022e+04     2.402682192538338e+04     2.402735137595584e+04     2.402788093505783e+04     2.402999916924346e+04
   16800           -1.22307833e+05            2.43427069e+00            9.97540770e-01            1.00240918e+00     2.426123448954404e+04     2.426153013684128e+04     2.426182658554966e+04     2.426212249752167e+04     2.426241850159472e+04     2.426360251364541e+04
   17000           -1.22817106e+05            2.39082774e+00            9.97574458e-01            1.00235594e+00     2.406049080822489e+04     2.406078025258374e+04     2.406107052024244e+04     2.406136022098678e+04     2.406165002674269e+04     2.406280924526049e+04
   17200           -1.22492414e+05            1.01002876e+00            9.98958409e-01            1.00097840e+00     2.421887771127668e+04     2.421899560903345e+04     2.421911435854121e+04     2.421923252067713e+04     2.421935079237887e+04     2.421982387348108e+04
   17400           -1.22680228e+05            2.98444478e+00            9.96986557e-01            1.00295526e+00     2.420589844162395e+04     2.420626477470596e+04     2.420663194928162e+04     2.420699853352672e+04     2.420736523211404e+04     2.420883202260413e+04
   17600           -1.22650439e+05            4.07397415e+00            9.95913038e-01            1.00406083e+00     2.416668690872778e+04     2.416718831433246e+04     2.416769048602108e+04     2.416819212631537e+04     2.416869386688949e+04     2.417070082505120e+04
   17800           -1.22887200e+05            1.86355901e+00            9.98118764e-01            1.00184581e+00     2.407912481939456e+04     2.407934712370163e+04     2.407957044008375e+04     2.407979308470755e+04     2.408001584108533e+04     2.408090686277610e+04
   18000           -1.22634938e+05            1.94253450e+00            9.98024287e-01            1.00190922e+00     2.423469131500099e+04     2.423492638968716e+04     2.423516229919402e+04     2.423539762021033e+04     2.423563305680545e+04     2.423657479860990e+04
   18200           -1.22444498e+05            1.99204248e+00            9.97973280e-01            1.00195722e+00     2.429082407844359e+04     2.429106560889078e+04     2.429130797462165e+04     2.429154975021090e+04     2.429179164258124e+04     2.429275920671890e+04
   18400           -1.22541952e+05            1.92930100e+00            9.98036030e-01            1.00189449e+00     2.422694957986307e+04     2.422718310051055e+04     2.422741749350139e+04     2.422765129146909e+04     2.422788519672373e+04     2.422882081358439e+04
   18600           -1.22785791e+05            4.54393696e+00            9.95447531e-01            1.00453526e+00     2.400733123948132e+04     2.400789094592818e+04     2.400845153446496e+04     2.400901151134832e+04     2.400957160360778e+04     2.401181196773423e+04
   18800           -1.22734502e+05            9.94290828e-01            9.98971748e-01            1.00096026e+00     2.413526545813483e+04     2.413538126670514e+04     2.413549780533620e+04     2.413561382402761e+04     2.413572994801195e+04     2.413619443788908e+04
   19000           -1.22979057e+05            1.67669538e+00            9.98285574e-01            1.00163883e+00     2.422348605963592e+04     2.422368751584334e+04     2.422388980505536e+04     2.422409153335649e+04     2.422429335970131e+04     2.422510065976669e+04
   19200           -1.22863016e+05            2.03312302e+00            9.97941518e-01            1.00200766e+00     2.408887006173454e+04     2.408911575700015e+04     2.408936223064417e+04     2.408960816934625e+04     2.408985420639072e+04     2.409083835104689e+04
   19400           -1.22845131e+05            6.71940530e-01            9.99299362e-01            1.00064320e+00     2.415943607083204e+04     2.415951046185571e+04     2.415958573157308e+04     2.415966038257250e+04     2.415973515483595e+04     2.416003423883986e+04
   19600           -1.22835099e+05            1.33670480e+00            9.98646423e-01            1.00131979e+00     2.404195142920495e+04     2.404211015015519e+04     2.404226972891406e+04     2.404242871647903e+04     2.404258781378644e+04     2.404322419836794e+04
   19800           -1.22664568e+05            6.16643105e-01            9.99363176e-01            1.00059644e+00     2.407373912710860e+04     2.407380704593849e+04     2.407387579912311e+04     2.407394396906210e+04     2.407401225107963e+04     2.407428537505066e+04
   20000           -1.22729161e+05            1.80227254e+00            9.98179044e-01            1.00178352e+00     2.427341425759670e+04     2.427363065554624e+04     2.427384779979684e+04     2.427406440175168e+04     2.427428111736289e+04     2.427514797712909e+04
   20200           -1.22465166e+05            2.29610864e+00            9.97676235e-01            1.00226832e+00     2.420484568902058e+04     2.420512445449640e+04     2.420540411590687e+04     2.420568315967806e+04     2.420596231826661e+04     2.420707894751264e+04
   20400           -1.22407809e+05            1.90483862e+00            9.98071480e-01            1.00188106e+00     2.426776945974816e+04     2.426799901531469e+04     2.426822937621131e+04     2.426845916452237e+04     2.426868906747883e+04     2.426960867520949e+04
   20600           -1.22404636e+05            7.82497296e-01            9.99179467e-01            1.00074440e+00     2.411302964274450e+04     2.411311837411972e+04     2.411320792433820e+04     2.411329688827929e+04     2.411338597124957e+04     2.411374229975464e+04
   20800           -1.22346740e+05            2.46510580e+00            9.97513520e-01            1.00244362e+00     2.425882114942952e+04     2.425912166345797e+04     2.425942310791789e+04     2.425972393718014e+04     2.426002486760374e+04     2.426122858577796e+04
   21000           -1.22401908e+05            2.39008254e+00            9.97580506e-01            1.00236052e+00     2.417937333319732e+04     2.417966442968956e+04     2.417995636760077e+04     2.418024771589289e+04     2.418053917825429e+04     2.418170502331126e+04
   21200           -1.22480410e+05            8.28237452e-01            9.99154497e-01            1.00081094e+00     2.416344267050437e+04     2.416353789975943e+04     2.416363392655151e+04     2.416372940146977e+04     2.416382497944705e+04     2.416420728838973e+04
   21400           -1.22541027e+05            9.99893820e-01            9.98964411e-01            1.00096413e+00     2.412781486233845e+04     2.412793074963850e+04     2.412804760070789e+04     2.412816381059534e+04     2.412828012809980e+04     2.412874539386114e+04
   21600           -1.22685264e+05            1.05191645e+00            9.98925036e-01            1.00102882e+00     2.411530001616412e+04     2.411542185811836e+04     2.411554458902364e+04     2.411566671876920e+04     2.411578895453781e+04     2.411627789291150e+04
   21800           -1.22849662e+05            1.74564267e+00            9.98230183e-01            1.00172138e+00     2.413398629803129e+04     2.413419546441565e+04     2.413440551762431e+04     2.413461496855597e+04     2.413482452688499e+04     2.413566275573870e+04
   22000           -1.22712454e+05            2.49952870e+00            9.97467074e-01            1.00246595e+00     2.415255006102525e+04     2.415285333447434e+04     2.415315748796127e+04     2.415346104791269e+04     2.415376471169790e+04     2.415497936237055e+04
   22200           -1.22719099e+05            9.39001581e-01            9.99029134e-01            1.00090708e+00     2.421849077917382e+04     2.421859914912555e+04     2.421870840674093e+04     2.421881704740244e+04     2.421892580487087e+04     2.421936083056792e+04
   22400           -1.22493350e+05            3.03895608e+00            9.96937062e-01            1.00301481e+00     2.417435827156323e+04     2.417473073060107e+04     2.417510402117093e+04     2.417547674069125e+04     2.417584956504627e+04     2.417734085852932e+04
   22600           -1.22358279e+05            2.00299543e+00            9.97969769e-01            1.00197564e+00     2.419056028039293e+04     2.419080146326145e+04     2.419104351631373e+04     2.419128495843618e+04     2.419152652004932e+04     2.419249275970571e+04
   22800           -1.22417520e+05            1.99555538e+00            9.97977860e-01            1.00196886e+00     2.405181505684668e+04     2.405205443287309e+04     2.405229462194797e+04     2.405253424355779e+04     2.405277397395693e+04     2.405373289106717e+04
   23000           -1.22525943e+05            2.76545987e+00            9.97207736e-01            1.00273849e+00     2.424414905363873e+04     2.424448759102999e+04     2.424482701514100e+04     2.424516581770585e+04     2.424550474082587e+04     2.424686042801300e+04
   23200           -1.22750744e+05            1.24036184e+00            9.98730005e-01            1.00121065e+00     2.403277798154851e+04     2.403292372959099e+04     2.403307020733281e+04     2.403321615442127e+04     2.403336221358482e+04     2.403394644562113e+04
   23400           -1.22554841e+05            2.47383133e+00            9.97499672e-01            1.00244719e+00     2.407019108424593e+04     2.407049192575244e+04     2.407079361182025e+04     2.407109471022286e+04     2.407139592041189e+04     2.407260075657786e+04
   23600           -1.22649188e+05            4.39066447e+00            9.95578301e-01            1.00435930e+00     2.407635143936237e+04     2.407689203139793e+04     2.407743343583081e+04     2.407797426888039e+04     2.407851521385423e+04     2.408067898834608e+04
   23800           -1.22582534e+05            1.03521194e+00            9.98930875e-01            1.00100123e+00     2.419441960938956e+04     2.419453881206136e+04     2.419465885133412e+04     2.419477830613475e+04     2.419489787323263e+04     2.419537613707571e+04
   24000           -1.22676703e+05            1.35825822e+00            9.98610264e-01            1.00132669e+00     2.408935170412135e+04     2.408951362995024e+04     2.408967641358477e+04     2.408983860963989e+04     2.409000091300259e+04     2.409065012188383e+04
   24200           -1.22441240e+05            2.93469394e+00            9.97038639e-01            1.00290785e+00     2.413082360794515e+04     2.413118141628535e+04     2.413154007018750e+04     2.413189814784426e+04     2.413225632942162e+04     2.413368905089810e+04
   24400           -1.22403552e+05            1.81898814e+00            9.98156391e-01            1.00179427e+00     2.405768125188657e+04     2.405789912072589e+04     2.405811786116181e+04     2.405833601782993e+04     2.405855427376126e+04     2.405942729563595e+04
   24600           -1.22588539e+05            8.67106023e-01            9.99097207e-01            1.00083136e+00     2.407066347741285e+04     2.407076413725193e+04     2.407086563155626e+04     2.407096654292806e+04     2.407106756629880e+04     2.407147165518474e+04
   24800           -1.22498687e+05            7.70301762e-01            9.99196026e-01            1.00073658e+00     2.413773961512070e+04     2.413782646316601e+04     2.413791421413853e+04     2.413800136001437e+04     2.413808860958659e+04     2.413843760405247e+04
   25000           -1.22421660e+05            2.26337751e+00            9.97712368e-01            1.00223901e+00     2.408117921305571e+04     2.408145391017191e+04     2.408172946926061e+04     2.408200444642490e+04     2.408227952545623e+04     2.408337983785675e+04
   25200           -1.22313374e+05            1.14096319e+00            9.98830969e-01            1.00111283e+00     2.402072172042581e+04     2.402085578643289e+04     2.402099069991360e+04     2.402112503011303e+04     2.402125946834021e+04     2.402179721625461e+04
   25400           -1.22296549e+05            1.46995098e+00            9.98485977e-01            1.00142575e+00     2.401914324811255e+04     2.401931873248248e+04     2.401949511365626e+04     2.401967085448970e+04     2.401984672497074e+04     2.402055020182892e+04
   25600           -1.22445200e+05            1.27452033e+00            9.98689574e-01            1.00123852e+00     2.396131552898195e+04     2.396146691240119e+04     2.396161917085804e+04     2.396177083843772e+04     2.396192260989319e+04     2.396252969080442e+04
   25800           -1.22653702e+05            5.68986268e+00            9.94293488e-01            1.00567290e+00     2.402159710487260e+04     2.402229807314841e+04     2.402299987839555e+04     2.402370109491083e+04     2.402440242631663e+04     2.402720774776067e+04
   26000           -1.22809471e+05            1.00609500e+00            9.98961545e-01            1.00097367e+00     2.421583122566458e+04     2.421594803278672e+04     2.421606572974108e+04     2.421618278378639e+04     2.421629997136814e+04     2.421676871707170e+04
   26200           -1.22703697e+05            4.37427333e+00            9.95600334e-01            1.00434860e+00     2.416083111476444e+04     2.416136934373261e+04     2.416190842830500e+04     2.416244693163327e+04     2.416298553862227e+04     2.416513996248009e+04
   26400           -1.22848301e+05            2.78911100e+00            9.97190708e-01            1.00276880e+00     2.415673769708648e+04     2.415707697061395e+04     2.415741717037317e+04     2.415775674692984e+04     2.415809643160700e+04     2.415945516612753e+04
   26600           -1.22565036e+05            1.36086223e+00            9.98604885e-01            1.00132651e+00     2.396244522265232e+04     2.396260682073877e+04     2.396276922362062e+04     2.396293107454820e+04     2.396309302657496e+04     2.396374083049759e+04
   26800           -1.22633771e+05            1.67855123e+00            9.98289203e-01            1.00164619e+00     2.406015596121083e+04     2.406035654604418e+04     2.406055801625911e+04     2.406075886834239e+04     2.406095983908634e+04     2.406176371696186e+04
   27000           -1.22561083e+05            2.32008750e+00            9.97666014e-01            1.00230612e+00     2.416032444366585e+04     2.416060580083125e+04     2.416088799988458e+04     2.416116961760792e+04     2.416145134383540e+04     2.416257824400496e+04
   27200           -1.22686509e+05            2.73149707e+00            9.97237052e-01            1.00269986e+00     2.414546856661962e+04     2.414580120322037e+04     2.414613468449890e+04     2.414646757962219e+04     2.414680058502043e+04     2.414813260342124e+04
   27400           -1.22572073e+05            1.22641310e+00            9.98746030e-01            1.00119879e+00     2.418996723991979e+04     2.419011132751963e+04     2.419025618600351e+04     2.419040049376628e+04     2.419054491287754e+04     2.419112258583529e+04
   27600           -1.22702705e+05            3.62067205e+00            9.96360399e-01            1.00360157e+00     2.395816724673790e+04     2.395861027293203e+04     2.395905416397215e+04     2.395949743897496e+04     2.395994083773035e+04     2.396171442872280e+04
   27800           -1.22813229e+05            2.32159902e+00            9.97652491e-01            1.00229556e+00     2.423739009830438e+04     2.423767037673521e+04     2.423795149916577e+04     2.423823203457089e+04     2.423851268142682e+04     2.423963526454926e+04
   28000           -1.22654050e+05            3.93839587e-01            9.99573734e-01            1.00036139e+00     2.413970871881736e+04     2.413974901658748e+04     2.413979015886512e+04     2.413983071679511e+04     2.413987138377745e+04     2.414003404873753e+04
   28200           -1.22720974e+05            1.44771615e+00            9.98541257e-01            1.00143666e+00     2.419039099961567e+04     2.419056303026387e+04     2.419073584354695e+04     2.419090814263261e+04     2.419108052494979e+04     2.419177005028392e+04
   28400           -1.22577782e+05            3.75541639e+00            9.96219253e-01            1.00372986e+00     2.405015274163455e+04     2.405061394437453e+04     2.405107596367571e+04     2.405153741966408e+04     2.405199898067748e+04     2.405384521972042e+04
   28600           -1.22818994e+05            1.81412279e+00            9.98156455e-01            1.00178459e+00     2.416700114436936e+04     2.416722066508095e+04     2.416744100995265e+04     2.416766078591046e+04     2.416788066767683e+04     2.416876019098430e+04
   28800           -1.22774246e+05            2.28380492e+00            9.97689054e-01            1.00225653e+00     2.402945388220508e+04     2.402973079078316e+04     2.403000855013847e+04     2.403028571541795e+04     2.403056299471621e+04     2.403167210722735e+04
   29000           -1.22579473e+05            1.10519101e+00            9.98853190e-01            1.00106348e+00     2.411384369946667e+04     2.411397403984557e+04     2.411410527200420e+04     2.411423588670479e+04     2.411436661701624e+04     2.411488953456582e+04
   29200           -1.22458907e+05            3.73894693e+00            9.96235431e-01            1.00371310e+00     2.423077444532922e+04     2.423123392177980e+04     2.423169418122072e+04     2.423215387270967e+04     2.423261368343352e+04     2.423445292153783e+04
   29400           -1.22391248e+05            1.43248267e+00            9.98532856e-01            1.00139772e+00     2.404869067066809e+04     2.404886145920224e+04     2.404903302164924e+04     2.404920403768573e+04     2.404937516176039e+04     2.405005965285269e+04
   29600           -1.22360436e+05            1.76208466e+00            9.98201540e-01            1.00172558e+00     2.406901005770601e+04     2.406922081795139e+04     2.406943249400091e+04     2.406964357440637e+04     2.406985474816071e+04     2.407069943861541e+04
   29800           -1.22292058e+05            3.59623767e+00            9.96379564e-01            1.00357183e+00     2.419892488631171e+04     2.419936647650270e+04     2.419980885848969e+04     2.420025067745078e+04     2.420069260946266e+04     2.420246033261360e+04
   30000           -1.22525218e+05            1.37922404e+00            9.98591306e-01            1.00134967e+00     2.414057113770093e+04     2.414073393220462e+04     2.414089752767439e+04     2.414106056456454e+04     2.414122370848642e+04     2.414187627927191e+04
   30200           -1.22531590e+05            1.74991319e+00            9.98226061e-01            1.00172580e+00     2.392511253833954e+04     2.392532277918828e+04     2.392553383576186e+04     2.392574433994664e+04     2.392595494174161e+04     2.392679734514368e+04
   30400           -1.22314648e+05            2.40777484e+00            9.97560374e-01            1.00237576e+00     2.409061663416966e+04     2.409090786371245e+04     2.409119991815613e+04     2.409149139583247e+04     2.409178298442640e+04     2.409294933468313e+04
   30600           -1.22253061e+05            1.57828598e+00            9.98397433e-01            1.00155393e+00     2.399190923227659e+04     2.399209891391245e+04     2.399228946698361e+04     2.399247940859495e+04     2.399266946862127e+04     2.399342970496595e+04
   30800           -1.22505681e+05            1.50901529e+00            9.98469541e-01            1.00148750e+00     2.408031045366186e+04     2.408049089636260e+04     2.408067221037320e+04     2.408085290733698e+04     2.408103372673886e+04     2.408175699981585e+04
   31000           -1.22541103e+05            2.44998806e+00            9.97533060e-01            1.00243294e+00     2.409381948177737e+04     2.409411799657494e+04     2.409441738876389e+04     2.409471617740986e+04     2.409501507777136e+04     2.409621067376536e+04
   31200           -1.22322575e+05            2.28717267e+00            9.97692951e-01            1.00226720e+00     2.403335142844230e+04     2.403362749766771e+04     2.403390445004939e+04     2.403418080148314e+04     2.403445726157504e+04     2.403556309470778e+04
   31400           -1.22430401e+05            9.03149488e-01            9.99074969e-01            1.00088123e+00     2.402902806275935e+04     2.402913293995454e+04     2.402923868661958e+04     2.402934385128632e+04     2.402944911541699e+04     2.402987016807464e+04
   31600           -1.22380962e+05            1.59022510e+00            9.98397861e-01            1.00157827e+00     2.403744194875091e+04     2.403763126626598e+04     2.403782147677947e+04     2.403801108760900e+04     2.403820080193124e+04     2.403895965511156e+04
   31800           -1.22320769e+05            1.45809854e+00            9.98527512e-01            1.00144367e+00     2.404146790112619e+04     2.404164107189189e+04     2.404181505060128e+04     2.404198848458110e+04     2.404216201349664e+04     2.404285612586708e+04
   32000           -1.22386132e+05            1.62242578e+00            9.98347104e-01            1.00159185e+00     2.400810513056738e+04     2.400829904719271e+04     2.400849379613862e+04     2.400868795953774e+04     2.400888223736254e+04     2.400965934415770e+04
   32200           -1.22628855e+05            3.85179398e-01            9.99581204e-01            1.00035154e+00     2.404324533409347e+04     2.404328553810743e+04     2.404332664882417e+04     2.404336714027977e+04     2.404340774390310e+04     2.404357015371274e+04
   32400           -1.22707628e+05            1.46103367e+00            9.98515678e-01            1.00143768e+00     2.414636122868983e+04     2.414653535406793e+04     2.414671032601757e+04     2.414688471611086e+04     2.414705921297713e+04     2.414775719726443e+04
   32600           -1.22652153e+05            3.72654968e+00            9.96251425e-01            1.00370432e+00     2.417070493197564e+04     2.417116231831148e+04     2.417162053741895e+04     2.417207818492750e+04     2.417253593790652e+04     2.417436694383740e+04
   32800           -1.22678518e+05            1.53334979e+00            9.98446528e-01            1.00151316e+00     2.420163718726505e+04     2.420182012808052e+04     2.420200392616397e+04     2.420218712418990e+04     2.420237043791974e+04     2.420310368857444e+04
   33000           -1.22551217e+05            2.00083882e+00            9.97974143e-01            1.00197571e+00     2.430050553182838e+04     2.430074657757865e+04     2.430098850267080e+04     2.430122982796884e+04     2.430147126144842e+04     2.430243699106845e+04
   33200           -1.22930782e+05            2.76667390e+00            9.97219150e-01            1.00275241e+00     2.399943116509390e+04     2.399976783121384e+04     2.400010533213656e+04     2.400044224384884e+04     2.400077927092489e+04     2.400212737675589e+04
   33400           -1.22675530e+05            2.42569232e+00            9.97551294e-01            1.00240256e+00     2.421423833965431e+04     2.421453270121735e+04     2.421482799317602e+04     2.421512266004931e+04     2.421541743482410e+04     2.421659652999388e+04
   33600           -1.22845045e+05            2.83836884e+00            9.97134116e-01            1.00281068e+00     2.412698362275377e+04     2.412732957644208e+04     2.412767640940654e+04     2.412802265522086e+04     2.412836900065001e+04     2.412975437854624e+04
   33800           -1.22677537e+05            2.09731109e+00            9.97866942e-01            1.00206141e+00     2.412422010276502e+04     2.412447337414380e+04     2.412472756710657e+04     2.412498113729179e+04     2.412523481659944e+04     2.412624953043387e+04
   34000           -1.22440542e+05            3.55336083e+00            9.96423509e-01            1.00353004e+00     2.406553678003818e+04     2.406597268264803e+04     2.406640943718809e+04     2.406684560432784e+04     2.406728188068413e+04     2.406902698133008e+04
   34200           -1.22604811e+05            1.71309958e+00            9.98256054e-01            1.00168214e+00     2.399464202658571e+04     2.399484695661603e+04     2.399505273402737e+04     2.399525794796217e+04     2.399546325637083e+04     2.399628448615594e+04
   34400           -1.22602864e+05            1.52890682e+00            9.98449255e-01            1.00150700e+00     2.404508547447219e+04     2.404526761019411e+04     2.404545064258250e+04     2.404563303996755e+04     2.404581556315444e+04     2.404654565183669e+04
   34600           -1.22690026e+05            2.12785524e+00            9.97835684e-01            1.00209123e+00     2.404020515057358e+04     2.404046326403641e+04     2.404072226487316e+04     2.404098067276050e+04     2.404123918150527e+04     2.404227321243696e+04
   34800           -1.22709752e+05            1.05834735e+00            9.98908719e-01            1.00102534e+00     2.417649687545686e+04     2.417661985942776e+04     2.417674371861549e+04     2.417686696444554e+04     2.417699032899152e+04     2.417748378252617e+04
   35000           -1.22399343e+05            2.92047864e+00            9.97060477e-01            1.00290131e+00     2.416924528916250e+04     2.416960264320052e+04     2.416996086160362e+04     2.417031846510663e+04     2.417067619163207e+04     2.417210709410164e+04
   35200           -1.22660842e+05            3.99790505e+00            9.95984108e-01            1.00397973e+00     2.414628074262653e+04     2.414677121935171e+04     2.414726263769766e+04     2.414775341161983e+04     2.414824430256693e+04     2.415020786250734e+04
   35400           -1.22670213e+05            2.00811999e+00            9.97966752e-01            1.00198289e+00     2.411144892096659e+04     2.411169120856884e+04     2.411193425166612e+04     2.411217677454512e+04     2.411241939411319e+04     2.411338986725980e+04
   35600           -1.22638714e+05            1.02152719e+00            9.98955249e-01            1.00099826e+00     2.407012274739533e+04     2.407024302494572e+04     2.407036410492880e+04     2.407048463389835e+04     2.407060526363583e+04     2.407108777987632e+04
   35800           -1.22651366e+05            1.06604335e+00            9.98903434e-01            1.00103545e+00     2.417964134955006e+04     2.417976601958075e+04     2.417989159089580e+04     2.418001658101303e+04     2.418014165918692e+04     2.418064196882378e+04
   36000           -1.22547800e+05            2.78142014e+00            9.97192943e-01            1.00275563e+00     2.413158389370329e+04     2.413192333840199e+04     2.413226360898131e+04     2.413260329308833e+04     2.413294309435618e+04     2.413430229500907e+04
   36200           -1.22838336e+05            1.26726413e+00            9.98708179e-01            1.00124264e+00     2.410705248586581e+04     2.410720153020938e+04     2.410735139521827e+04     2.410750065989917e+04     2.410765005286251e+04     2.410824761985921e+04
   36400           -1.22644058e+05            2.63859504e+00            9.97330900e-01            1.00260792e+00     2.408698577597304e+04     2.408730662442218e+04     2.408762838025214e+04     2.408794953351530e+04     2.408827078787934e+04     2.408955579978563e+04
   36600           -1.22621747e+05            8.31609304e-01            9.99126518e-01            1.00078967e+00     2.407643911463527e+04     2.407653352708617e+04     2.407662878730342e+04     2.407672345353103e+04     2.407681823432191e+04     2.407719735400855e+04
   36800           -1.22715202e+05            4.84294964e-01            9.99495287e-01            1.00046386e+00     2.415930506569436e+04     2.415935676483843e+04     2.415940938969751e+04     2.415946139720008e+04     2.415951350887633e+04     2.415972195205831e+04
   37000           -1.22596289e+05            1.94626116e+00            9.98027067e-01            1.00191948e+00     2.401766121144858e+04     2.401789508484336e+04     2.401812974956518e+04     2.401836382993286e+04     2.401859803813614e+04     2.401953486482370e+04
   37200           -1.22632387e+05            1.28725657e+00            9.98686650e-01            1.00126109e+00     2.417356664166784e+04     2.417371662003599e+04     2.417386743582354e+04     2.417401767800005e+04     2.417416802496375e+04     2.417476940825967e+04
   37400           -1.22571072e+05            2.19279964e+00            9.97771989e-01            1.00215743e+00     2.417358736509923e+04     2.417385273544844e+04     2.417411891075734e+04     2.417438453421659e+04     2.417465025878381e+04     2.417571315246840e+04
   37600           -1.22550380e+05            1.86653935e+00            9.98113869e-01            1.00184687e+00     2.420255984562646e+04     2.420278448666740e+04     2.420300999851041e+04     2.420323491610896e+04     2.420345994090670e+04     2.420436003618695e+04
   37800           -1.22351029e+05            2.80434795e+00            9.97176594e-01            1.00278517e+00     2.411704967944737e+04     2.411739107702338e+04     2.411773331518798e+04     2.411807496999522e+04     2.411841673478954e+04     2.411978379013171e+04
   38000           -1.22602184e+05            6.16986890e-01            9.99354523e-01            1.00058846e+00     2.404386296641616e+04     2.404393186350153e+04     2.404400159816759e+04     2.404407074435212e+04     2.404414000515350e+04     2.404441704389083e+04
   38200           -1.22509772e+05            8.78141458e-01            9.99087647e-01            1.00084387e+00     2.399495546751652e+04     2.399505607888250e+04     2.399515758222237e+04     2.399525845248139e+04     2.399535944903142e+04     2.399576343054632e+04
   38400           -1.22479796e+05            3.21710008e+00            9.96749684e-01            1.00318365e+00     2.424578498014738e+04     2.424617886701374e+04     2.424657354934711e+04     2.424696767149684e+04     2.424736190348310e+04     2.424893882681883e+04
   38600           -1.22434056e+05            1.38585433e+00            9.98594524e-01            1.00136618e+00     2.408221927778046e+04     2.408238422902177e+04     2.408255012773836e+04     2.408271538395108e+04     2.408288075391050e+04     2.408354223004054e+04
   38800           -1.22467978e+05            6.99571367e-01            9.99269993e-01            1.00066909e+00     2.415345273733834e+04     2.415353119014743e+04     2.415361051365404e+04     2.415368923703013e+04     2.415376807162031e+04     2.415408340590227e+04
   39000           -1.22611881e+05            8.54252977e-01            9.99123346e-01            1.00083181e+00     2.409756448917531e+04     2.409766271325097e+04     2.409776171123650e+04     2.409786016979511e+04     2.409795873166348e+04     2.409835297415164e+04
   39200           -1.22407427e+05            4.79143944e-01            9.99497511e-01            1.00045578e+00     2.419393130886631e+04     2.419398122007985e+04     2.419403200646841e+04     2.419408216620306e+04     2.419413245300749e+04     2.419433359714866e+04
   39400           -1.22814771e+05            3.27030147e+00            9.96708662e-01            1.00324910e+00     2.418085832694002e+04     2.418125910589227e+04     2.418166078407980e+04     2.418206184293341e+04     2.418246301617927e+04     2.418406770541853e+04
   39600           -1.22766002e+05            8.33340549e-01            9.99137239e-01            1.00080387e+00     2.403608263469656e+04     2.403617759208806e+04     2.403627332663631e+04     2.403636852674599e+04     2.403646382522181e+04     2.403684501574705e+04
   39800           -1.22753624e+05            2.66805227e+00            9.97310678e-01            1.00264666e+00     2.406440823620444e+04     2.406473217606282e+04     2.406505696250769e+04     2.406538117368094e+04     2.406570548822815e+04     2.406700274025185e+04
   40000           -1.22922017e+05            7.74718037e-01            9.99197159e-01            1.00074655e+00     2.409711839077399e+04     2.409720735028392e+04     2.409729721137988e+04     2.409738646777172e+04     2.409747582804560e+04     2.409783326531722e+04
   40200           -1.22417749e+05            1.74784624e+00            9.98223341e-01            1.00171893e+00     2.407944853135441e+04     2.407965815584609e+04     2.407986858949719e+04     2.408007844294213e+04     2.408028841485735e+04     2.408112829836030e+04
   40400           -1.22528900e+05            1.07350561e+00            9.98888729e-01            1.00103566e+00     2.415556286186802e+04     2.415568718494228e+04     2.415581236578333e+04     2.415593694517399e+04     2.415606164071550e+04     2.415656041956299e+04
   40600           -1.22502847e+05            1.95001544e+00            9.98028460e-01            1.00192840e+00     2.404616866235844e+04     2.404640323253660e+04     2.404663866335206e+04     2.404687350979397e+04     2.404710846088343e+04     2.404804825940841e+04
   40800           -1.22502575e+05            4.29561918e-01            9.99539383e-01            1.00039848e+00     2.406322896570467e+04     2.406327383945756e+04     2.406331953402214e+04     2.406336465690171e+04     2.406340988844677e+04     2.406359081118889e+04
   41000           -1.22204937e+05            7.46464224e-01            9.99228341e-01            1.00072123e+00     2.410990129329812e+04     2.410998366322746e+04     2.411006686208117e+04     2.411014947542420e+04     2.411023220357768e+04     2.411056311385723e+04
   41200           -1.22449133e+05            2.52523031e+00            9.97444393e-01            1.00249469e+00     2.414706467729037e+04     2.414737123174249e+04     2.414767859613364e+04     2.414798540208751e+04     2.414829231194479e+04     2.414951994659921e+04
   41400           -1.22561163e+05            3.50154876e+00            9.96469789e-01            1.00347266e+00     2.420497653991667e+04     2.420540457201251e+04     2.420583357010001e+04     2.420626191664836e+04     2.420669037701135e+04     2.420840421410602e+04
   41600           -1.22542897e+05            1.93382387e+00            9.98028424e-01            1.00189592e+00     2.413624038296389e+04     2.413647244567372e+04     2.413670529462672e+04     2.413693757621824e+04     2.413716997508410e+04     2.413809956720431e+04
   41800           -1.22442178e+05            4.11609920e+00            9.95860799e-01            1.00409276e+00     2.404699747740677e+04     2.404750422447562e+04     2.404801175347144e+04     2.404851872039807e+04     2.404902580299035e+04     2.405105412857394e+04
   42000           -1.22583734e+05            1.77441739e+00            9.98202508e-01            1.00175126e+00     2.403959449942214e+04     2.403980671230012e+04     2.404001972132018e+04     2.404023217754372e+04     2.404044473801157e+04     2.404129497660101e+04
   42200           -1.22328294e+05            1.80385499e+00            9.98171420e-01            1.00177904e+00     2.419063347037796e+04     2.419084982356516e+04     2.419106695838960e+04     2.419128355291701e+04     2.419150024845895e+04     2.419236702653995e+04
   42400           -1.22458276e+05            3.17068612e+00            9.96801535e-01            1.00314271e+00     2.395129395604373e+04     2.395167980665013e+04     2.395206653229714e+04     2.395245264768879e+04     2.395283887986610e+04     2.395438380368846e+04
   42600           -1.22181982e+05            2.13918123e+00            9.97825608e-01            1.00210381e+00     2.427256992394786e+04     2.427282883293225e+04     2.427308863668335e+04     2.427334781715510e+04     2.427360711618222e+04     2.427464430841659e+04
   42800           -1.22395562e+05            3.60035757e+00            9.96376062e-01            1.00357658e+00     2.414480060491202e+04     2.414524170910273e+04     2.414568363501020e+04     2.414612498912701e+04     2.414656645217137e+04     2.414833229943072e+04
   43000           -1.22381133e+05            2.36574813e+00            9.97606508e-01            1.00233786e+00     2.403763830145346e+04     2.403792453236163e+04     2.403821164171558e+04     2.403849812932096e+04     2.403878474035359e+04     2.403993117925372e+04
   43200           -1.22455629e+05            2.70414532e+00            9.97264917e-01            1.00267303e+00     2.422064547172576e+04     2.422097373268442e+04     2.422130272854277e+04     2.422163119426227e+04     2.422195976928045e+04     2.422327406683513e+04
   43400           -1.22479972e+05            1.48369863e+00            9.98475501e-01            1.00144277e+00     2.408707498795714e+04     2.408725236493001e+04     2.408743059785359e+04     2.408760824557603e+04     2.408778599925770e+04     2.408849701055825e+04
   43600           -1.22412887e+05            1.22628040e+00            9.98753395e-01            1.00120590e+00     2.418687114203610e+04     2.418701660880097e+04     2.418716292605334e+04     2.418730863031093e+04     2.418745446127767e+04     2.418803778051923e+04
   43800           -1.22424715e+05            9.42770750e-01            9.99024478e-01            1.00090996e+00     2.411307778426283e+04     2.411318774181271e+04     2.411329852306868e+04     2.411340871627204e+04     2.411351902830335e+04     2.411396027234386e+04
   44000           -1.22393832e+05            1.10845104e+00            9.98861112e-01            1.00107795e+00     2.403581823080474e+04     2.403594901501663e+04     2.403608069074242e+04     2.403621175995877e+04     2.403634293749219e+04     2.403686764417964e+04
   44200           -1.22430759e+05            1.74080943e+00            9.98236557e-01            1.00171809e+00     2.413742435218916e+04     2.413763353516115e+04     2.413784359233141e+04     2.413805303328725e+04     2.413826259515082e+04     2.413910083811248e+04
   44400           -1.22522951e+05            3.28882907e+00            9.96683395e-01            1.00326085e+00     2.403324910749925e+04     2.403365094875364e+04     2.403405357427979e+04     2.403445565860848e+04     2.403485784352427e+04     2.403646657954928e+04
   44600           -1.22491975e+05            2.55251700e+00            9.97420384e-01            1.00252527e+00     2.412663366987194e+04     2.412694440040357e+04     2.412725600774112e+04     2.412756700291020e+04     2.412787811490664e+04     2.412912255994134e+04
   44800           -1.22523844e+05            2.12721905e+00            9.97843013e-01            1.00209732e+00     2.422930912413944e+04     2.422956678835606e+04     2.422982527080958e+04     2.423008318470177e+04     2.423034120629907e+04     2.423137328845870e+04
   45000           -1.22649776e+05            2.26519920e+00            9.97707174e-01            1.00223744e+00     2.421809555488920e+04     2.421836975540529e+04     2.421864476790650e+04     2.421891921825722e+04     2.421919377387716e+04     2.422029199286512e+04
   45200           -1.22466670e+05            7.24516527e-01            9.99262951e-01            1.00071197e+00     2.407294520316998e+04     2.407302665304790e+04     2.407310904610579e+04     2.407319079206390e+04     2.407327265643821e+04     2.407360010970643e+04
   45400           -1.22858777e+05            9.31347822e-01            9.99045179e-01            1.00090783e+00     2.411030235454186e+04     2.411040968674051e+04     2.411051795117476e+04     2.411062559759669e+04     2.411073334690229e+04     2.411116433926272e+04
   45600           -1.22799437e+05            2.16051115e+00            9.97816982e-01            1.00213790e+00     2.413667206548120e+04     2.413693289301692e+04     2.413719456318434e+04     2.413745566580303e+04     2.413771686718674e+04     2.413876166889229e+04
   45800           -1.22613630e+05            5.99316831e+00            9.93994941e-01            1.00598099e+00     2.410076291186048e+04     2.410150192323207e+04     2.410224183127609e+04     2.410298111418512e+04     2.410372051612885e+04     2.410667812039721e+04
   46000           -1.23026922e+05            6.83591870e-01            9.99288862e-01            1.00065601e+00     2.422932879260713e+04     2.422940467172825e+04     2.422948148702184e+04     2.422955765959370e+04     2.422963395012354e+04     2.422993910763995e+04
   46200           -1.22581635e+05            1.72364256e+00            9.98246975e-01            1.00169416e+00     2.416842706853555e+04     2.416863252399068e+04     2.416883895974518e+04     2.416904472202756e+04     2.416925060738316e+04     2.417007414623077e+04
   46400           -1.22890524e+05            3.51953926e+00            9.96449238e-01            1.00348807e+00     2.406741608772767e+04     2.406784764950884e+04     2.406828004927694e+04     2.406871184905490e+04     2.406914377099429e+04     2.407087145426091e+04
   46600           -1.22502182e+05            2.47578298e+00            9.97496009e-01            1.00244742e+00     2.415575901326823e+04     2.415605992968406e+04     2.415636172203659e+04     2.415666292543268e+04     2.415696423079567e+04     2.415816944832311e+04
   46800           -1.22592824e+05            4.00336561e+00            9.95959187e-01            1.00396557e+00     2.423516878815059e+04     2.423566131234765e+04     2.423615472407693e+04     2.423664752434417e+04     2.423714043780658e+04     2.423911208746256e+04
   47000           -1.22496280e+05            8.22474107e-01            9.99145234e-01            1.00079013e+00     2.412780776514082e+04     2.412790169775984e+04     2.412799651835317e+04     2.412809071681529e+04     2.412818503529410e+04     2.412856230544737e+04
   47200           -1.22752437e+05            1.94623316e+00            9.98034381e-01            1.00192677e+00     2.413569376021813e+04     2.413592941235603e+04     2.413616588457679e+04     2.413640180513552e+04     2.413663782163881e+04     2.413758188305949e+04
   47400           -1.22539378e+05            1.55693110e+00            9.98420879e-01            1.00153467e+00     2.407082126837225e+04     2.407100808410953e+04     2.407119585579319e+04     2.407138298820434e+04     2.407157022988285e+04     2.407231919139345e+04
   47600           -1.22557485e+05            6.78687609e-01            9.99290895e-01            1.00064823e+00     2.410780001571101e+04     2.410787668199544e+04     2.410795418488681e+04     2.410803111061420e+04     2.410810814374222e+04     2.410841627177343e+04
   47800           -1.22514634e+05            6.30587530e-01            9.99330956e-01            1.00059208e+00     2.407498160773000e+04     2.407505199836655e+04     2.407512323077156e+04     2.407519387471166e+04     2.407526463175981e+04     2.407554765578962e+04
   48000           -1.22637965e+05            9.35298498e-01            9.99041559e-01            1.00091211e+00     2.411300272873353e+04     2.411311053180356e+04     2.411321908031440e+04     2.411332710886093e+04     2.411343523672493e+04     2.411386774471634e+04
   48200           -1.22719445e+05            1.47522287e+00            9.98497841e-01            1.00144821e+00     2.417859467330714e+04     2.417877053892080e+04     2.417894733457761e+04     2.417912350720373e+04     2.417929978546796e+04     2.418000489762877e+04
   48400           -1.22526431e+05            2.67178417e+00            9.97307927e-01            1.00265137e+00     2.407518961039335e+04     2.407551476508530e+04     2.407584072217111e+04     2.407616609974825e+04     2.407649159715174e+04     2.407779358391012e+04
   48600           -1.22686600e+05            2.87152345e+00            9.97117275e-01            1.00286024e+00     2.408145192993332e+04     2.408180240214186e+04     2.408215364959545e+04     2.408250434691160e+04     2.408285515400267e+04     2.408425837807203e+04
   48800           -1.22545267e+05            5.34214941e+00            9.94649079e-01            1.00533318e+00     2.416253365192470e+04     2.416319323380466e+04     2.416385369321040e+04     2.416451353771902e+04     2.416517350116388e+04     2.416781335040305e+04
   49000           -1.22584898e+05            1.82876392e+00            9.98143016e-01            1.00180044e+00     2.415611421302309e+04     2.415633379622764e+04     2.415655423195682e+04     2.415677406892310e+04     2.415699402225389e+04     2.415787383148469e+04
   49200           -1.22589503e+05            8.54380298e-01            9.99124653e-01            1.00083338e+00     2.402386396714321e+04     2.402396261675609e+04     2.402406208686403e+04     2.402416097072912e+04     2.402425997290615e+04     2.402465597866909e+04
   49400           -1.22752026e+05            2.50977834e+00            9.97471215e-01            1.00249067e+00     2.418951489869565e+04     2.418981887644965e+04     2.419012374440326e+04     2.419042799622203e+04     2.419073236336201e+04     2.419194982802837e+04
   49600           -1.22682550e+05            2.51372459e+00            9.97462517e-01            1.00248984e+00     2.412771052973067e+04     2.412801541407580e+04     2.412832123223368e+04     2.412862640474593e+04     2.412893169777229e+04     2.413015286581391e+04
   49800           -1.22348265e+05            2.15256087e+00            9.97811771e-01            1.00211673e+00     2.429203707405432e+04     2.429229834155437e+04     2.429256036077986e+04     2.429282185113047e+04     2.429308344539327e+04     2.429412981673221e+04
   50000           -1.22484215e+05            2.47143730e+00            9.97508191e-01            1.00245095e+00     2.405909109878113e+04     2.405939165096417e+04     2.405969301432583e+04     2.405999381519480e+04     2.406029472221454e+04     2.406149834564795e+04
