#This file was generated on Fri Feb 14 11:42:15 2025
#Using the somd command, of the molecular library Sire version <2024.4.0.dev> 
#For more information visit: https://github.com/openbiosim/sire
#
#General information on simulation parameters:
#Simulation used 50000 moves, 1 cycles and 200 ps of simulation time
#Generating lambda is		 0.25000
#Alchemical array is		 (0.0, 0.125, 0.25, 0.375, 0.5, 1.0)
#Generating temperature is 	25°C
#Energy was saved every 200 steps 
#
#
#   [step]               [potential]                [gradient]      [forward Metropolis]     [backward Metropolis]                   [u_kl]
     200           -8.37323712e+04            2.31548453e+00            9.98055012e-01            1.00268769e+00     6.792559860868238e+03     6.792804645701998e+03     6.793049655447630e+03     6.793294500254493e+03     6.793539381302209e+03     6.794518901736181e+03
     400           -8.11321141e+04            5.42361151e+00            9.94965572e-01            1.00581693e+00     6.787955066777463e+03     6.788589701564873e+03     6.789224552676539e+03     6.789859246878295e+03     6.790493975036227e+03     6.793032883294991e+03
     600           -7.95683666e+04            3.29022209e+00            9.97059934e-01            1.00364267e+00     6.807835035725802e+03     6.808203706761507e+03     6.808572587081117e+03     6.808941322187895e+03     6.809310086044514e+03     6.810785136363224e+03
     800           -7.86644172e+04            2.74440179e+00            9.97623171e-01            1.00311398e+00     6.835171496350759e+03     6.835470684614921e+03     6.835770105315200e+03     6.836069355036816e+03     6.836368642914324e+03     6.837565789477889e+03
    1000           -7.79212307e+04            4.96982612e+00            9.95424140e-01            1.00536765e+00     6.882784414700638e+03     6.883358560855238e+03     6.883932940930491e+03     6.884507150222728e+03     6.885081397013720e+03     6.887378379326801e+03
    1200           -7.76355840e+04            3.74013220e+00            9.96624103e-01            1.00410707e+00     6.796834733754840e+03     6.797261839818313e+03     6.797689157728534e+03     6.798116314023393e+03     6.798543509201851e+03     6.800252284648862e+03
    1400           -7.73122393e+04            4.26004985e+00            9.96135283e-01            1.00465871e+00     6.863436379077333e+03     6.863924471630126e+03     6.864412797954222e+03     6.864900952431745e+03     6.865389144713069e+03     6.867341910348804e+03
    1600           -7.70500655e+04            4.17531006e+00            9.96221740e-01            1.00457564e+00     6.921862040495334e+03     6.922339838116058e+03     6.922817829303111e+03     6.923295669095745e+03     6.923773547307126e+03     6.925685054118919e+03
    1800           -7.70313333e+04            6.66582059e+00            9.93718256e-01            1.00705485e+00     6.846438765523479e+03     6.847228369623425e+03     6.848018222005506e+03     6.848807897552914e+03     6.849597609260904e+03     6.852756452998329e+03
    2000           -7.69368251e+04            1.53781141e+01            9.85106050e-01            1.01587494e+00     6.838900468630531e+03     6.840778713722083e+03     6.842657125413361e+03     6.844535403097153e+03     6.846413716434480e+03     6.853926964238426e+03
    2200           -7.68077286e+04            5.06464351e+00            9.95315633e-01            1.00544870e+00     6.872495336571539e+03     6.873082385715783e+03     6.873669665091737e+03     6.874256777183524e+03     6.874843926058024e+03     6.877192515544509e+03
    2400           -7.69073138e+04            9.72485740e+00            9.90660401e-01            1.01011706e+00     6.831760972451687e+03     6.832935876567778e+03     6.834110978169138e+03     6.835285930266848e+03     6.836460917384102e+03     6.841160862316518e+03
    2600           -7.68676510e+04            5.81403589e+00            9.94558987e-01            1.00619129e+00     6.736184015374316e+03     6.736868596784359e+03     6.737553387756100e+03     6.738238026438811e+03     6.738922698522119e+03     6.741661381669923e+03
    2800           -7.68695198e+04            1.18747748e+00            9.99158394e-01            1.00153417e+00     6.839515525599963e+03     6.839620977851544e+03     6.839726614594960e+03     6.839832110084434e+03     6.839937639524856e+03     6.840359753449750e+03
    3000           -7.68831033e+04            2.47101505e+00            9.97883941e-01            1.00282772e+00     6.906037646950881e+03     6.906303226468737e+03     6.906569010939350e+03     6.906834637055514e+03     6.907100301853938e+03     6.908162956756994e+03
    3200           -7.68305207e+04            2.79831811e+00            9.97551405e-01            1.00314999e+00     6.885039658379085e+03     6.885348501729214e+03     6.885657543260582e+03     6.885966434752873e+03     6.886275361842706e+03     6.887511065306327e+03
    3400           -7.67268843e+04            2.47334462e+00            9.97898600e-01            1.00284712e+00     6.774218299946468e+03     6.774485370105923e+03     6.774752657333395e+03     6.775019781828555e+03     6.775286944143571e+03     6.776355588340673e+03
    3600           -7.65860875e+04            1.47661552e+00            9.98864032e-01            1.00181827e+00     6.832564645676927e+03     6.832708805108599e+03     6.832853155785705e+03     6.832997365883650e+03     6.833141607755583e+03     6.833718569834240e+03
    3800           -7.64111367e+04            5.40345392e+00            9.94982662e-01            1.00579366e+00     6.731386502515688e+03     6.732014946185993e+03     6.732643649291873e+03     6.733272174097986e+03     6.733900732958798e+03     6.736414963401907e+03
    4000           -7.65522130e+04            1.55116673e+00            9.98783588e-01            1.00188696e+00     6.829504077808858e+03     6.829655749018975e+03     6.829807627257815e+03     6.829959360345802e+03     6.830111122976679e+03     6.830718168144501e+03
    4200           -7.65633899e+04            4.07214540e+00            9.96290740e-01            1.00443795e+00     6.796631314822417e+03     6.797099052254827e+03     6.797567006474478e+03     6.798034800476121e+03     6.798502630716004e+03     6.800373946609592e+03
    4400           -7.64868791e+04            1.35142999e+00            9.98990783e-01            1.00169457e+00     6.808928243219151e+03     6.809054689476889e+03     6.809181370757479e+03     6.809307881977069e+03     6.809434430025018e+03     6.809940616830883e+03
    4600           -7.66857098e+04            5.09832802e+00            9.95296366e-01            1.00549698e+00     6.911271192978875e+03     6.911862751006559e+03     6.912454523348250e+03     6.913046136873489e+03     6.913637786534103e+03     6.916004380089330e+03
    4800           -7.67179865e+04            1.34798261e+00            9.99008707e-01            1.00170563e+00     6.828139034921975e+03     6.828263039383960e+03     6.828387252123234e+03     6.828511311123481e+03     6.828635404470827e+03     6.829131774019680e+03
    5000           -7.66284256e+04            1.97889369e+00            9.98378538e-01            1.00233774e+00     6.902861997783983e+03     6.903068890170895e+03     6.903275944121457e+03     6.903482867619990e+03     6.903689825772534e+03     6.904517653761085e+03
    5200           -7.64818721e+04            2.74979647e+00            9.97601164e-01            1.00310268e+00     6.814989142590360e+03     6.815289732632953e+03     6.815590552139596e+03     6.815891208736951e+03     6.816191899009700e+03     6.817394655429040e+03
    5400           -7.66372479e+04            7.30724844e-01            9.99663912e-01            1.00112594e+00     6.829246933769247e+03     6.829290644745512e+03     6.829334602922614e+03     6.829378390210290e+03     6.829422210424374e+03     6.829597487079502e+03
    5600           -7.68001976e+04            1.74244179e+00            9.98609362e-01            1.00209547e+00     6.820142178438409e+03     6.820318649071433e+03     6.820495293496871e+03     6.820671794197748e+03     6.820848334214965e+03     6.821554489991519e+03
    5800           -7.68024111e+04            3.80912484e+00            9.96588138e-01            1.00420939e+00     6.836686910203351e+03     6.837119055063221e+03     6.837551452258576e+03     6.837983664997753e+03     6.838415918133444e+03     6.840144926063538e+03
    6000           -7.69739936e+04            4.86708199e+00            9.95537371e-01            1.00527541e+00     6.778587784968444e+03     6.779152527083758e+03     6.779717491171738e+03     6.780282284259400e+03     6.780847118828973e+03     6.783106452689502e+03
    6200           -7.68560900e+04            6.02713398e+00            9.94359167e-01            1.00641797e+00     6.837016063223550e+03     6.837725266864061e+03     6.838434683537157e+03     6.839143942423661e+03     6.839853236977888e+03     6.842690410732225e+03
    6400           -7.67951269e+04            2.51910083e+00            9.97842277e-01            1.00288229e+00     6.844209548829206e+03     6.844482664072420e+03     6.844755993988082e+03     6.845029168177431e+03     6.845302376037696e+03     6.846395203246188e+03
    6600           -7.67841358e+04            5.90914987e+00            9.94478336e-01            1.00630110e+00     6.835973766027559e+03     6.836667604751457e+03     6.837361681634555e+03     6.838055609208907e+03     6.838749558649556e+03     6.841525351271554e+03
    6800           -7.68261688e+04            3.44092132e+00            9.96934413e-01            1.00381882e+00     6.850962576030544e+03     6.851350322852138e+03     6.851738265668489e+03     6.852126055686905e+03     6.852513883761895e+03     6.854065191493246e+03
    7000           -7.68236136e+04            4.76130126e+00            9.95604940e-01            1.00513097e+00     6.823840481413970e+03     6.824394142830792e+03     6.824947999313415e+03     6.825501709781152e+03     6.826055454497883e+03     6.828270427581796e+03
    7200           -7.67213438e+04            5.78790915e+00            9.94579847e-01            1.00615982e+00     6.785763492300730e+03     6.786445275064174e+03     6.787127266609708e+03     6.787809101614227e+03     6.788490972994387e+03     6.791218453688046e+03
    7400           -7.68189333e+04            1.36376854e+00            9.98989125e-01            1.00171762e+00     6.763709729140735e+03     6.763836658913180e+03     6.763963805807408e+03     6.764090804569004e+03     6.764217830846835e+03     6.764725932552933e+03
    7600           -7.66941007e+04            4.31585867e+00            9.96008364e-01            1.00464284e+00     6.814892192874451e+03     6.815387714886728e+03     6.815883413024262e+03     6.816378978897361e+03     6.816874575799846e+03     6.818856958725241e+03
    7800           -7.66449433e+04            4.62745609e+00            9.95755624e-01            1.00501403e+00     6.778860758387637e+03     6.779394885707325e+03     6.779929231597489e+03     6.780463421972671e+03     6.780997644410274e+03     6.783134530432911e+03
    8000           -7.65869646e+04            3.00791786e+00            9.97326718e-01            1.00334455e+00     6.865222505237631e+03     6.865558894882488e+03     6.865895435531963e+03     6.866231842946088e+03     6.866568290745152e+03     6.867914076252673e+03
    8200           -7.66575111e+04            1.75643227e+00            9.98638855e-01            1.00215311e+00     6.858692107361969e+03     6.858865703402594e+03     6.859039524322232e+03     6.859213179507999e+03     6.859386871888593e+03     6.860081636415217e+03
    8400           -7.66277134e+04            1.90795421e+00            9.98466829e-01            1.00228417e+00     6.863005152883047e+03     6.863200119760524e+03     6.863395337557649e+03     6.863590382686312e+03     6.863785461058565e+03     6.864565769234084e+03
    8600           -7.67274831e+04            1.26928467e+00            9.99104282e-01            1.00164380e+00     6.826068193270788e+03     6.826184397264858e+03     6.826300828823250e+03     6.826417090612061e+03     6.826533391361572e+03     6.826998589452355e+03
    8800           -7.66640908e+04            2.39597656e+00            9.97943639e-01            1.00273721e+00     6.851381142909188e+03     6.851642557532530e+03     6.851904189259733e+03     6.852165658716863e+03     6.852427165487550e+03     6.853473188065913e+03
    9000           -7.67459415e+04            1.68146252e+00            9.98700588e-01            1.00206480e+00     6.812570742324978e+03     6.812735638964988e+03     6.812900750047446e+03     6.813065708186720e+03     6.813230698579593e+03     6.813890654834207e+03
    9200           -7.67568783e+04            1.82077525e+00            9.98547295e-01            1.00219018e+00     6.827318274612290e+03     6.827503580701662e+03     6.827689108730842e+03     6.827874475767309e+03     6.828059877661184e+03     6.828801480710078e+03
    9400           -7.67265211e+04            1.42169852e+00            9.98934111e-01            1.00177852e+00     6.868167354856484e+03     6.868303113425181e+03     6.868439125733251e+03     6.868574971189568e+03     6.868710844970825e+03     6.869254335085166e+03
    9600           -7.66696745e+04            3.68634266e+00            9.96676871e-01            1.00405221e+00     6.890126303646617e+03     6.890544488149323e+03     6.890962890392121e+03     6.891381141241992e+03     6.891799422212734e+03     6.893472540778851e+03
    9800           -7.67726220e+04            8.35435531e-01            9.99537943e-01            1.00120944e+00     6.798924115607619e+03     6.798983862687153e+03     6.799043787749857e+03     6.799103574643580e+03     6.799163395850892e+03     6.799402676094164e+03
   10000           -7.66350793e+04            1.95530921e+00            9.98407394e-01            1.00231943e+00     6.769199044113557e+03     6.769402257762776e+03     6.769605727421485e+03     6.769809013720243e+03     6.770012338695005e+03     6.770825633276455e+03
   10200           -7.67389630e+04            1.52594576e+00            9.98819492e-01            1.00187244e+00     6.783289752968493e+03     6.783438885740175e+03     6.783588247925132e+03     6.783737450537273e+03     6.783886684707029e+03     6.784483616445566e+03
   10400           -7.68421444e+04            4.88513255e+00            9.95475766e-01            1.00524950e+00     6.810809811683352e+03     6.811378236922835e+03     6.811946836761220e+03     6.812515299859389e+03     6.813083797762041e+03     6.815357783840730e+03
   10600           -7.67012035e+04            3.88546411e+00            9.96449422e-01            1.00422292e+00     6.788541109582838e+03     6.788986375365757e+03     6.789431827934525e+03     6.789877133809285e+03     6.790322477071532e+03     6.792103844560227e+03
   10800           -7.66277066e+04            4.27978125e+00            9.96082075e-01            1.00464470e+00     6.848573759006435e+03     6.849065489923303e+03     6.849557408047185e+03     6.850049191730464e+03     6.850541004421213e+03     6.852508249835992e+03
   11000           -7.67789584e+04            2.71752364e+00            9.97651045e-01            1.00308809e+00     6.836159188573232e+03     6.836456323037938e+03     6.836753662721248e+03     6.837050853876719e+03     6.837348077045698e+03     6.838536965518163e+03
   11200           -7.67021893e+04            4.73888308e+00            9.95631643e-01            1.00511287e+00     6.813996471114707e+03     6.814545629883675e+03     6.815095006114946e+03     6.815644234672100e+03     6.816193490407933e+03     6.818390509701160e+03
   11400           -7.65583716e+04            2.76355088e+00            9.97575387e-01            1.00310435e+00     6.847468767575278e+03     6.847775324206605e+03     6.848082056249297e+03     6.848388644895533e+03     6.848695272040604e+03     6.849921776505932e+03
   11600           -7.65939817e+04            2.97420009e+00            9.97385347e-01            1.00333587e+00     6.815623528650801e+03     6.815952167650924e+03     6.816280981898127e+03     6.816609661072033e+03     6.816938373565534e+03     6.818253218480268e+03
   11800           -7.64397654e+04            3.44130153e+00            9.96944483e-01            1.00382972e+00     6.798411141420684e+03     6.798794663334454e+03     6.799178423066906e+03     6.799562017209238e+03     6.799945644184634e+03     6.801480146948585e+03
   12000           -7.66080029e+04            2.02322502e+00            9.98346012e-01            1.00239395e+00     6.828969698681601e+03     6.829180501807130e+03     6.829391518595502e+03     6.829602384554274e+03     6.829813281517510e+03     6.830656864353420e+03
   12200           -7.67485843e+04            3.91005352e+00            9.96440697e-01            1.00426352e+00     6.764623590561616e+03     6.765072443596947e+03     6.765521523871020e+03     6.765970444671592e+03     6.766419397440494e+03     6.768215204319373e+03
   12400           -7.64998011e+04            1.95235619e+00            9.98424393e-01            1.00233057e+00     6.806470775634727e+03     6.806668912472533e+03     6.806867256174776e+03     6.807065450631743e+03     6.807263677046584e+03     6.808056578458441e+03
   12600           -7.68734208e+04            3.82479631e+00            9.96546432e-01            1.00419884e+00     6.754498925612917e+03     6.754932578151064e+03     6.755366437021965e+03     6.755800142417261e+03     6.756233883087479e+03     6.757968840562042e+03
   12800           -7.67655481e+04            6.00263708e+00            9.94373505e-01            1.00638318e+00     6.826198180586602e+03     6.826906830045275e+03     6.827615682598799e+03     6.828324375411954e+03     6.829033108705444e+03     6.831868036824286e+03
   13000           -7.64898350e+04            6.40603785e-01            9.99734570e-01            1.00101626e+00     6.787135336882572e+03     6.787169865310664e+03     6.787204618755172e+03     6.787239217537115e+03     6.787273846085218e+03     6.787412355287865e+03
   13200           -7.65526345e+04            2.86632624e+00            9.97528576e-01            1.00326348e+00     6.775787353665188e+03     6.776099728251867e+03     6.776412317884367e+03     6.776724751242813e+03     6.777037218611948e+03     6.778287083558708e+03
   13400           -7.64493344e+04            1.13754754e+00            9.99191712e-01            1.00146756e+00     6.818007957253096e+03     6.818109089033131e+03     6.818210364215876e+03     6.818311530777244e+03     6.818412723482297e+03     6.818817489711500e+03
   13600           -7.65407984e+04            3.61918819e+00            9.96729166e-01            1.00397004e+00     6.873713413189854e+03     6.874122604476303e+03     6.874532031926639e+03     6.874941309707545e+03     6.875350609920793e+03     6.876987806651732e+03
   13800           -7.66815612e+04            4.94750022e+00            9.95422130e-01            1.00532073e+00     6.842984541567664e+03     6.843562273228496e+03     6.844140232925598e+03     6.844718018458125e+03     6.845295845498514e+03     6.847607149429364e+03
   14000           -7.68616960e+04            2.26872915e+00            9.98046999e-01            1.00258589e+00     6.769223410580426e+03     6.769468228034662e+03     6.769713210899800e+03     6.769958050136007e+03     6.770202931836756e+03     6.771182453093085e+03
   14200           -7.66989614e+04            2.88767118e+00            9.97489904e-01            1.00326742e+00     6.800850484221680e+03     6.801167984145463e+03     6.801485706053861e+03     6.801803269017597e+03     6.802120865230804e+03     6.803391246239928e+03
   14400           -7.66419754e+04            8.28698746e-01            9.99513853e-01            1.00117182e+00     6.878533315311604e+03     6.878595349728966e+03     6.878657590900243e+03     6.878719682695493e+03     6.878781806808694e+03     6.879030298305784e+03
   14600           -7.65924776e+04            4.47656381e+00            9.95916167e-01            1.00487277e+00     6.786487047023275e+03     6.787003214307588e+03     6.787519565187637e+03     6.788035765838193e+03     6.788552007040213e+03     6.790616967057150e+03
   14800           -7.66041646e+04            3.00924208e+00            9.97390139e-01            1.00341102e+00     6.828274178653190e+03     6.828605552597479e+03     6.828937151381951e+03     6.829268584678980e+03     6.829600055027459e+03     6.830925931401728e+03
   15000           -7.66594859e+04            1.43850325e+00            9.98919506e-01            1.00179754e+00     6.877717624404604e+03     6.877854861751875e+03     6.877992264241218e+03     6.878129548390615e+03     6.878266857791335e+03     6.878816091178064e+03
   15200           -7.68213213e+04            1.96412221e+00            9.98387900e-01            1.00231752e+00     6.914245594241484e+03     6.914448063663807e+03     6.914650755351521e+03     6.914853295339254e+03     6.915055863770941e+03     6.915866133300398e+03
   15400           -7.66083254e+04            3.88745203e+00            9.96437341e-01            1.00421474e+00     6.842496231688224e+03     6.842940739992884e+03     6.843385429378229e+03     6.843829998224685e+03     6.844274588631563e+03     6.846052945574903e+03
   15600           -7.66163495e+04            3.45632793e+00            9.96899691e-01            1.00381479e+00     6.782645368812765e+03     6.783035045619356e+03     6.783424910588798e+03     6.783814630615757e+03     6.784204385981823e+03     6.785763403150881e+03
   15800           -7.66052819e+04            2.27872642e+00            9.98114993e-01            1.00267424e+00     6.752771731643985e+03     6.753011836507924e+03     6.753252136551172e+03     6.753492288563730e+03     6.753732475756384e+03     6.754693219868782e+03
   16000           -7.66644732e+04            3.57300177e+00            9.96788622e-01            1.00393719e+00     6.786827871145394e+03     6.787233597596872e+03     6.787639549802554e+03     6.788045349480250e+03     6.788451177107271e+03     6.790074483069148e+03
   16200           -7.67635157e+04            2.43664702e+00            9.97919463e-01            1.00279449e+00     6.842417787277489e+03     6.842679823922957e+03     6.842942033736555e+03     6.843204106653213e+03     6.843466213740924e+03     6.844514640204358e+03
   16400           -7.65609929e+04            1.52112577e+00            9.98840454e-01            1.00188381e+00     6.837045318340960e+03     6.837193548990778e+03     6.837341990068518e+03     6.837490270869956e+03     6.837638590060370e+03     6.838231861779779e+03
   16600           -7.65070274e+04            8.06757075e-01            9.99569466e-01            1.00118359e+00     6.803884394216184e+03     6.803939482963137e+03     6.803994773191962e+03     6.804049922036677e+03     6.804105099883355e+03     6.804325805550527e+03
   16800           -7.65995153e+04            1.14356779e+00            9.99220702e-01            1.00150867e+00     6.754541686956803e+03     6.754642432623863e+03     6.754743387936254e+03     6.754844185590868e+03     6.754945020131153e+03     6.755348353305503e+03
   17000           -7.65267453e+04            2.20906224e+00            9.98153512e-01            1.00257323e+00     6.814932578859791e+03     6.815166408810710e+03     6.815400438191433e+03     6.815634325692765e+03     6.815868243135843e+03     6.816803907411896e+03
   17200           -7.64082851e+04            3.34246128e+00            9.97051464e-01            1.00373900e+00     6.866365073737630e+03     6.866737503545055e+03     6.867110175789059e+03     6.867482672561584e+03     6.867855206845556e+03     6.869345339953484e+03
   17400           -7.65647187e+04            1.57109914e+00            9.98806475e-01            1.00194986e+00     6.831664089968752e+03     6.831816467333949e+03     6.831969074261770e+03     6.832121510935276e+03     6.832273986221684e+03     6.832883882474615e+03
   17600           -7.65690574e+04            2.69567456e+00            9.97651711e-01            1.00304492e+00     6.884175584617434e+03     6.884471608144004e+03     6.884767856265823e+03     6.885063948989199e+03     6.885360072248546e+03     6.886544559879659e+03
   17800           -7.65570706e+04            1.68128380e+00            9.98700657e-01            1.00206451e+00     6.855164288896563e+03     6.855330331695334e+03     6.855496577134931e+03     6.855662668870249e+03     6.855828797078613e+03     6.856493305260665e+03
   18000           -7.66992617e+04            3.09292059e+00            9.97261073e-01            1.00344909e+00     6.824001607605258e+03     6.824344710767869e+03     6.824687993965716e+03     6.825031141078234e+03     6.825374320574299e+03     6.826747033543338e+03
   18200           -7.68103611e+04            3.83304781e+00            9.96532485e-01            1.00420136e+00     6.790026778854838e+03     6.790463344404652e+03     6.790900122037188e+03     6.791336754468840e+03     6.791773414703454e+03     6.793520050552070e+03
   18400           -7.65988429e+04            8.20492811e-01            9.99524119e-01            1.00116567e+00     6.849843511167300e+03     6.849906329436863e+03     6.849969293931850e+03     6.850032154242000e+03     6.850095036933503e+03     6.850346562699707e+03
   18600           -7.65999005e+04            1.66179883e+00            9.98744298e-01            1.00206924e+00     6.847769491098243e+03     6.847930673809405e+03     6.848092118309899e+03     6.848253374259134e+03     6.848414670177557e+03     6.849059849256875e+03
   18800           -7.66116854e+04            2.52788059e+00            9.97866027e-01            1.00292377e+00     6.853711406237365e+03     6.853981190610286e+03     6.854251231709577e+03     6.854521089639152e+03     6.854790985637250e+03     6.855870565037136e+03
   19000           -7.66901315e+04            1.60287390e+00            9.98748973e-01            1.00195585e+00     6.795588209309896e+03     6.795747553848901e+03     6.795907104986500e+03     6.796066510653873e+03     6.796225946216132e+03     6.796863683122368e+03
   19200           -7.67312748e+04            4.88945837e+00            9.95485942e-01            1.00526847e+00     6.817985458192183e+03     6.818552373590470e+03     6.819119486264937e+03     6.819686453390909e+03     6.820253453319328e+03     6.822521448446475e+03
   19400           -7.67007272e+04            2.12756299e+00            9.98216619e-01            1.00247321e+00     6.838236918076730e+03     6.838462856022039e+03     6.838688953592441e+03     6.838914921869206e+03     6.839140924672662e+03     6.840044931268593e+03
   19600           -7.68497678e+04            2.98632826e+00            9.97361409e-01            1.00333613e+00     6.784486367507848e+03     6.784817593836313e+03     6.785149049058319e+03     6.785480343413388e+03     6.785811670283410e+03     6.787136973058975e+03
   19800           -7.68189423e+04            4.02323316e+00            9.96349255e-01            1.00439869e+00     6.787426799909437e+03     6.787885906574133e+03     6.788345223729480e+03     6.788804385055452e+03     6.789263581632486e+03     6.791100363355537e+03
   20000           -7.66366249e+04            1.39859869e+00            9.98962171e-01            1.00176038e+00     6.888495975593401e+03     6.888628037890478e+03     6.888760304880446e+03     6.888892416177891e+03     6.889024564295670e+03     6.889553152997939e+03
   20200           -7.66970254e+04            2.28616978e+00            9.98105257e-01            1.00267938e+00     6.800679093907380e+03     6.800920812677977e+03     6.801162769114919e+03     6.801404551775875e+03     6.801646372610647e+03     6.802613651313913e+03
   20400           -7.65969213e+04            8.57795816e+00            9.91819128e-01            1.00898149e+00     6.785207273000587e+03     6.786235171089818e+03     6.787263263366674e+03     6.788291218641579e+03     6.789319201890452e+03     6.793431130780317e+03
   20600           -7.67540823e+04            2.31613705e+00            9.98034914e-01            1.00266881e+00     6.881002588931527e+03     6.881249221090785e+03     6.881496059113837e+03     6.881742743714290e+03     6.881989463880926e+03     6.882976338830326e+03
   20800           -7.68076846e+04            1.34545949e+00            9.99014284e-01            1.00170617e+00     6.888210111156152e+03     6.888334264568402e+03     6.888458631975052e+03     6.888582849140960e+03     6.888707096160499e+03     6.889204081164846e+03
   21000           -7.65684537e+04            3.98100228e+00            9.96375206e-01            1.00434002e+00     6.856880064175464e+03     6.857336226097228e+03     6.857792556070398e+03     6.858248750817385e+03     6.858704981235831e+03     6.860529898296197e+03
   21200           -7.65540736e+04            4.53001993e+00            9.95836849e-01            1.00490017e+00     6.843981645593717e+03     6.844505582941403e+03     6.845029685514797e+03     6.845553662514861e+03     6.846077669961379e+03     6.848173694329041e+03
   21400           -7.64524715e+04            5.08689136e+00            9.95266045e-01            1.00544335e+00     6.880643967056685e+03     6.881237830850618e+03     6.881831844272162e+03     6.882425741990164e+03     6.883019668785072e+03     6.885395370513460e+03
   21600           -7.65434515e+04            3.39425075e+00            9.96998744e-01            1.00378990e+00     6.878987719017434e+03     6.879368486717375e+03     6.879749525555944e+03     6.880130377165842e+03     6.880511264982618e+03     6.882034810947801e+03
   21800           -7.65944038e+04            3.35698038e+00            9.96994196e-01            1.00371050e+00     6.882328540470609e+03     6.882706227665503e+03     6.883084143592636e+03     6.883461901561248e+03     6.883839689985626e+03     6.885350839500643e+03
   22000           -7.65868203e+04            9.45442354e-01            9.99402486e-01            1.00129403e+00     6.839616380695008e+03     6.839694177905663e+03     6.839772130431174e+03     6.839849955049738e+03     6.839927814943285e+03     6.840239249191562e+03
   22200           -7.64050065e+04            1.18001317e+00            9.99171446e-01            1.00153230e+00     6.877117372133892e+03     6.877224289734959e+03     6.877331405792070e+03     6.877438372612888e+03     6.877545374692166e+03     6.877973377250440e+03
   22400           -7.68728683e+04            5.01384622e+00            9.95351664e-01            1.00538296e+00     6.841409397967059e+03     6.841994866740867e+03     6.842580547761680e+03     6.843166068241891e+03     6.843751626573319e+03     6.846093855179580e+03
   22600           -7.68950919e+04            2.16413232e+00            9.98242574e-01            1.00257260e+00     6.823597869866710e+03     6.823820459992065e+03     6.824043249636832e+03     6.824265888687981e+03     6.824488561757460e+03     6.825379253648210e+03
   22800           -7.68503694e+04            2.29238126e+00            9.98070015e-01            1.00265643e+00     6.890677226766659e+03     6.890921481083531e+03     6.891165958508127e+03     6.891410261341288e+03     6.891654607904076e+03     6.892631989041493e+03
   23000           -7.66319354e+04            2.77282656e+00            9.97573159e-01            1.00312072e+00     6.916850258140520e+03     6.917156178550755e+03     6.917462290759016e+03     6.917768255918938e+03     6.918074256612169e+03     6.919298255083818e+03
   23200           -7.67055303e+04            1.92258781e+00            9.98420786e-01            1.00226728e+00     6.790807713702207e+03     6.791005058930697e+03     6.791202568769575e+03     6.791399950881310e+03     6.791597365100644e+03     6.792387016499082e+03
   23400           -7.67461087e+04            1.50489846e+00            9.98850700e-01            1.00186157e+00     6.834834648015332e+03     6.834979356290704e+03     6.835124255689043e+03     6.835269023845852e+03     6.835413817195736e+03     6.835992986376139e+03
   23600           -7.67950635e+04            1.14321440e+00            9.99223723e-01            1.00151099e+00     6.830857587755647e+03     6.830957071224799e+03     6.831056763649286e+03     6.831156297041603e+03     6.831255868464357e+03     6.831654149173068e+03
   23800           -7.67711358e+04            3.99362890e+00            9.96379178e-01            1.00436938e+00     6.862293164121013e+03     6.862748717258645e+03     6.863204467430511e+03     6.863660074207225e+03     6.864115712421891e+03     6.865938260722769e+03
   24000           -7.68489352e+04            2.82610235e+00            9.97541528e-01            1.00319580e+00     6.814757547769949e+03     6.815067917648905e+03     6.815378507143786e+03     6.815688931008222e+03     6.815999394100882e+03     6.817241240431815e+03
   24200           -7.70342058e+04            3.58849119e+00            9.96771771e-01            1.00395132e+00     6.764074236163368e+03     6.764480415753221e+03     6.764886765479403e+03     6.765292979934224e+03     6.765699229320475e+03     6.767324222477581e+03
   24400           -7.68194825e+04            5.09697237e-01            9.99823738e-01            1.00084347e+00     6.903204404074228e+03     6.903226638009973e+03     6.903249084927521e+03     6.903271389558560e+03     6.903293719709380e+03     6.903383035344532e+03
   24600           -7.68378891e+04            1.38386702e+00            9.99000062e-01            1.00176886e+00     6.887258745930660e+03     6.887388695036784e+03     6.887518817726232e+03     6.887648794178494e+03     6.887778811680676e+03     6.888298877430691e+03
   24800           -7.68112177e+04            2.55057858e+00            9.97800864e-01            1.00290381e+00     6.891362993918422e+03     6.891637022166547e+03     6.891911252141476e+03     6.892185326677544e+03     6.892459439405443e+03     6.893555884892463e+03
   25000           -7.66716860e+04            1.74575163e+00            9.98637070e-01            1.00212991e+00     6.779304771711243e+03     6.779477721631984e+03     6.779650941027597e+03     6.779823979158848e+03     6.779997049958831e+03     6.780689328206419e+03
   25200           -7.68321305e+04            1.96476111e+00            9.98365864e-01            1.00229668e+00     6.829411222525137e+03     6.829617193647115e+03     6.829823388112791e+03     6.830029412364477e+03     6.830235476922689e+03     6.831059731320241e+03
   25400           -7.66207513e+04            4.39351504e+00            9.95987854e-01            1.00477819e+00     6.807747523368906e+03     6.808249940770837e+03     6.808752584327230e+03     6.809255071509879e+03     6.809757589368981e+03     6.811767655369055e+03
   25600           -7.66312599e+04            1.37649256e+00            9.98989042e-01            1.00174303e+00     6.867429853297085e+03     6.867557495505922e+03     6.867685294451423e+03     6.867812967826024e+03     6.867940674324545e+03     6.868451495352007e+03
   25800           -7.68258152e+04            1.23644258e+00            9.99119809e-01            1.00159358e+00     6.875404876709730e+03     6.875516480640464e+03     6.875628319507427e+03     6.875739987546502e+03     6.875851692696160e+03     6.876298508682590e+03
   26000           -7.67159611e+04            1.67516738e+00            9.98664454e-01            1.00201593e+00     6.839649637543198e+03     6.839819460320688e+03     6.839989410666823e+03     6.840159245116001e+03     6.840329115830305e+03     6.841008594117411e+03
   26200           -7.66960545e+04            6.10984436e+00            9.94262065e-01            1.00648617e+00     6.841393782732844e+03     6.842112956419342e+03     6.842832347535285e+03     6.843551579281528e+03     6.844270846552118e+03     6.847147910371392e+03
   26400           -7.65952412e+04            3.04452076e+00            9.97277786e-01            1.00336878e+00     6.826330910996686e+03     6.826671499016249e+03     6.827012301170601e+03     6.827352940579945e+03     6.827693618485699e+03     6.829056325974712e+03
   26600           -7.67211685e+04            2.49655115e+00            9.97866039e-01            1.00286095e+00     6.792009744147198e+03     6.792279562983431e+03     6.792549572560295e+03     6.792819435629558e+03     6.793089334566487e+03     6.794168924985776e+03
   26800           -7.67852535e+04            5.22298084e+00            9.95156392e-01            1.00560624e+00     6.861124383362018e+03     6.861733536492801e+03     6.862342947732934e+03     6.862952172144654e+03     6.863561436783748e+03     6.865998490205478e+03
   27000           -7.67870912e+04            2.27958026e+00            9.98106363e-01            1.00266728e+00     6.842523290488473e+03     6.842762378589280e+03     6.843001747993463e+03     6.843240920896965e+03     6.843480132830803e+03     6.844436975173133e+03
   27200           -7.69160014e+04            4.41241443e+00            9.95944939e-01            1.00477288e+00     6.830705663346826e+03     6.831214807939102e+03     6.831724116484626e+03     6.832233295981263e+03     6.832742508185885e+03     6.834779353024944e+03
   27400           -7.67296158e+04            2.32605639e+00            9.98034952e-01            1.00268874e+00     6.806131222634353e+03     6.806380852234382e+03     6.806630654219946e+03     6.806880330924558e+03     6.807130034715952e+03     6.808128846797551e+03
   27600           -7.67180024e+04            4.46505716e+00            9.95921825e-01            1.00485535e+00     6.745996389838490e+03     6.746509582909219e+03     6.747022959623475e+03     6.747536203368598e+03     6.748049476239923e+03     6.750102562641355e+03
   27800           -7.67044750e+04            2.99469514e+00            9.97334548e-01            1.00332590e+00     6.816953161567973e+03     6.817287104166218e+03     6.817621245348949e+03     6.817955234588584e+03     6.818289260452902e+03     6.819625359337832e+03
   28000           -7.67056211e+04            3.73894676e+00            9.96631352e-01            1.00411199e+00     6.856097772630628e+03     6.856522648436399e+03     6.856947745754839e+03     6.857372685416620e+03     6.857797657645622e+03     6.859497542660616e+03
   28200           -7.67236035e+04            1.53656678e+00            9.98835955e-01            1.00191023e+00     6.914252571779870e+03     6.914399561606410e+03     6.914546778707536e+03     6.914693842983756e+03     6.914840934916003e+03     6.915429298052136e+03
   28400           -7.66726946e+04            4.72076566e+00            9.95648112e-01            1.00509307e+00     6.867174193140990e+03     6.867721778638135e+03     6.868269597225547e+03     6.868817257318638e+03     6.869364947030405e+03     6.871555700919820e+03
   28600           -7.66974573e+04            1.90427695e+00            9.98486929e-01            1.00229697e+00     6.833047059479173e+03     6.833241759498575e+03     6.833436686219059e+03     6.833631439996930e+03     6.833826235273142e+03     6.834605411067109e+03
   28800           -7.66337211e+04            4.29053116e+00            9.96052666e-01            1.00463663e+00     6.779904695534855e+03     6.780399878157526e+03     6.780895260368312e+03     6.781390488809665e+03     6.781885754828133e+03     6.783866814121410e+03
   29000           -7.64639667e+04            2.96382700e+00            9.97414577e-01            1.00334446e+00     6.877222798709437e+03     6.877549737582327e+03     6.877876902839678e+03     6.878203892825305e+03     6.878530926034264e+03     6.879839053359092e+03
   29200           -7.68646982e+04            2.19793466e+00            9.98149658e-01            1.00254705e+00     6.763869094106449e+03     6.764102074928069e+03     6.764335270275774e+03     6.764568312451981e+03     6.764801386645429e+03     6.765733679184411e+03
   29400           -7.66973534e+04            3.34090245e+00            9.97029514e-01            1.00371378e+00     6.820170333074204e+03     6.820544012991163e+03     6.820917869687532e+03     6.821291578810597e+03     6.821665329152717e+03     6.823160325231230e+03
   29600           -7.66966341e+04            3.73904537e+00            9.96620221e-01            1.00410097e+00     6.924167487406434e+03     6.924593421233050e+03     6.925019585667739e+03     6.925445593708522e+03     6.925871630987520e+03     6.927575774568605e+03
   29800           -7.65554506e+04            1.63987058e+00            9.98739558e-01            1.00202054e+00     6.835332389787842e+03     6.835492847451836e+03     6.835653552624330e+03     6.835814083750514e+03     6.835974650200919e+03     6.836616910613997e+03
   30000           -7.65281823e+04            2.18116956e+00            9.98188166e-01            1.00255211e+00     6.883101772156978e+03     6.883330620312119e+03     6.883559693259651e+03     6.883788613436876e+03     6.884017562316898e+03     6.884933352476818e+03
   30200           -7.64751194e+04            2.28710757e+00            9.98045694e-01            1.00262143e+00     6.795107538887892e+03     6.795354183091838e+03     6.795601024506248e+03     6.795847717993581e+03     6.796094445916128e+03     6.797081352944365e+03
   30400           -7.66937692e+04            3.45122608e+00            9.96931943e-01            1.00383702e+00     6.887116502270397e+03     6.887503903389625e+03     6.887891490763014e+03     6.888278940066882e+03     6.888666420495438e+03     6.890216338720478e+03
   30600           -7.66841955e+04            1.58206599e+00            9.98790510e-01            1.00195582e+00     6.878810394370254e+03     6.878964394458602e+03     6.879118598430367e+03     6.879272655448627e+03     6.879426744148465e+03     6.880043093926676e+03
   30800           -7.65740492e+04            1.05596378e+00            9.99306657e-01            1.00141935e+00     6.863001896998295e+03     6.863090773042239e+03     6.863179835582293e+03     6.863268771726087e+03     6.863357731380554e+03     6.863713565762812e+03
   31000           -7.68532304e+04            3.97489652e+00            9.96399590e-01            1.00435233e+00     6.785028470005254e+03     6.785482953014403e+03     6.785937617931635e+03     6.786392142249498e+03     6.786846701374737e+03     6.788664932744219e+03
   31200           -7.66782200e+04            3.98002810e+00            9.96348280e-01            1.00431092e+00     6.811137660915311e+03     6.811594633046417e+03     6.812051758724074e+03     6.812508757820662e+03     6.812965791774753e+03     6.814793922634194e+03
   31400           -7.67719167e+04            1.43974674e+00            9.98930757e-01            1.00181132e+00     6.785309991664994e+03     6.785445680528209e+03     6.785581563617880e+03     6.785717299025408e+03     6.785853069797105e+03     6.786396147929216e+03
   31600           -7.66517219e+04            2.98351426e+00            9.97414906e-01            1.00338430e+00     6.801604713887899e+03     6.801932910631217e+03     6.802261335682624e+03     6.802589598039426e+03     6.802917894033542e+03     6.804231074179188e+03
   31800           -7.65427468e+04            2.94090827e+00            9.97421962e-01            1.00330590e+00     6.834820505554254e+03     6.835146149793057e+03     6.835472008701320e+03     6.835797701988845e+03     6.836123436313220e+03     6.837426367072186e+03
   32000           -7.66614601e+04            3.23577716e+00            9.97155542e-01            1.00362961e+00     6.707518995795201e+03     6.707879503384535e+03     6.708240290601540e+03     6.708600888059470e+03     6.708961520542266e+03     6.710404045289332e+03
   32200           -7.65945764e+04            5.17786917e+00            9.95176844e-01            1.00553618e+00     6.775223090571267e+03     6.775827597655360e+03     6.776432300354862e+03     6.777036849510800e+03     6.777641437566392e+03     6.780059784561518e+03
   32400           -7.65349393e+04            1.82075448e+00            9.98553714e-01            1.00219659e+00     6.826471859556844e+03     6.826657752844490e+03     6.826843910821837e+03     6.827029876989583e+03     6.827215884460767e+03     6.827959909364691e+03
   32600           -7.66611003e+04            6.87526748e-01            9.99652054e-01            1.00102757e+00     6.871962136525864e+03     6.872006695713263e+03     6.872051496712957e+03     6.872096135553656e+03     6.872140803552293e+03     6.872319470578725e+03
   32800           -7.65361503e+04            2.09019915e+00            9.98263530e-01            1.00244540e+00     6.910865214750856e+03     6.911083785199283e+03     6.911302590733290e+03     6.911521224976494e+03     6.911739896712476e+03     6.912614578674096e+03
   33000           -7.66827930e+04            7.41493449e+00            9.92927750e-01            1.00776246e+00     6.783918565254784e+03     6.784806373051009e+03     6.785694374300058e+03     6.786582228986153e+03     6.787470118479718e+03     6.791021671704651e+03
   33200           -7.70020060e+04            4.73761974e+00            9.95652520e-01            1.00513140e+00     6.811242489518551e+03     6.811789670985489e+03     6.812337101552996e+03     6.812884361365864e+03     6.813431653895303e+03     6.815620818272056e+03
   33400           -7.68648969e+04            2.13722011e+00            9.98233344e-01            1.00250937e+00     6.817922244154325e+03     6.818144427216816e+03     6.818366840212320e+03     6.818589098375929e+03     6.818811385037352e+03     6.819700525920378e+03
   33600           -7.68506391e+04            3.72883358e+00            9.96617283e-01            1.00407751e+00     6.825925499727567e+03     6.826348073708157e+03     6.826770853854229e+03     6.827193485147814e+03     6.827616148599403e+03     6.829306797471238e+03
   33800           -7.68493188e+04            3.31941098e+00            9.97034527e-01            1.00367568e+00     6.857072407164269e+03     6.857444535571620e+03     6.857816856747771e+03     6.858189039921514e+03     6.858561252541442e+03     6.860050097918615e+03
   34000           -7.69358610e+04            5.03378681e+00            9.95341127e-01            1.00541241e+00     6.771661416219061e+03     6.772248010212185e+03     6.772834831169246e+03     6.773421491268312e+03     6.774008183380558e+03     6.776354950542055e+03
   34200           -7.67150007e+04            1.61247258e+00            9.98749330e-01            1.00197544e+00     6.801414017359401e+03     6.801571110898498e+03     6.801728442477315e+03     6.801885611340247e+03     6.802042810878140e+03     6.802671604396878e+03
   34400           -7.68973453e+04            1.58146970e+00            9.98783290e-01            1.00194738e+00     6.793623246154154e+03     6.793777148161645e+03     6.793931270406357e+03     6.794085235959589e+03     6.794239234106169e+03     6.794855222058183e+03
   34600           -7.65189573e+04            2.42195423e+00            9.97970931e-01            1.00281674e+00     6.864999998869787e+03     6.865257039806795e+03     6.865514348991016e+03     6.865771470278273e+03     6.866028629085100e+03     6.867057259300412e+03
   34800           -7.67079960e+04            1.62633542e+00            9.98721867e-01            1.00197567e+00     6.795402947133269e+03     6.795563957067327e+03     6.795725152129452e+03     6.795886201428204e+03     6.796047287851215e+03     6.796691628569160e+03
   35000           -7.66292092e+04            2.35066412e+00            9.97992389e-01            1.00269533e+00     6.848059764047982e+03     6.848313571162909e+03     6.848567601307900e+03     6.848821465659607e+03     6.849075367847691e+03     6.850090971647401e+03
   35200           -7.65362448e+04            5.36420069e+00            9.95004287e-01            1.00573656e+00     6.827429523732578e+03     6.828055710881489e+03     6.828682110256497e+03     6.829308358859873e+03     6.829934638999958e+03     6.832439754267338e+03
   35400           -7.66945393e+04            3.77423284e+00            9.96589437e-01            1.00414062e+00     6.827259573218339e+03     6.827687640098688e+03     6.828115872046433e+03     6.828543973991133e+03     6.828972109246817e+03     6.830684645275294e+03
   35600           -7.65764868e+04            1.36858926e+00            9.99003851e-01            1.00174205e+00     6.789390413868814e+03     6.789516423845905e+03     6.789642652710094e+03     6.789768733257968e+03     6.789894841011394e+03     6.790399268153974e+03
   35800           -7.67635411e+04            3.41952080e+00            9.96961258e-01            1.00380289e+00     6.798524266380386e+03     6.798907309514471e+03     6.799290552744461e+03     6.799673649086661e+03     6.800056778293289e+03     6.801589290206194e+03
   36000           -7.65967934e+04            2.60486619e+00            9.97759697e-01            1.00297132e+00     6.804351665577458e+03     6.804635101802151e+03     6.804918736957819e+03     6.805202222458993e+03     6.805485742887115e+03     6.806619820196772e+03
   36200           -7.63956417e+04            5.58104290e+00            9.94793203e-01            1.00595937e+00     6.791340110508091e+03     6.791995160519293e+03     6.792650417478569e+03     6.793305525344157e+03     6.793960665354308e+03     6.796581220200525e+03
   36400           -7.66078406e+04            2.95387094e+00            9.97420842e-01            1.00333079e+00     6.836475226995981e+03     6.836799189307135e+03     6.837123374059913e+03     6.837447389387174e+03     6.837771445445303e+03     6.839067663894627e+03
   36600           -7.66665880e+04            1.23002519e+00            9.99124611e-01            1.00158553e+00     6.734286403158377e+03     6.734397730241547e+03     6.734509254078173e+03     6.734620636683914e+03     6.734732049893861e+03     6.735177696629346e+03
   36800           -7.67738178e+04            3.53006115e+00            9.96815859e-01            1.00387840e+00     6.867171419084869e+03     6.867571141513707e+03     6.867971076568900e+03     6.868370858821302e+03     6.868770673440799e+03     6.870369927796730e+03
   37000           -7.66659500e+04            1.88753800e+00            9.98476387e-01            1.00225284e+00     6.880843995302739e+03     6.881036995419763e+03     6.881230243600867e+03     6.881423321022665e+03     6.881616431131539e+03     6.882388866960338e+03
   37200           -7.68072067e+04            5.25573258e+00            9.95119092e-01            1.00563442e+00     6.829335486157396e+03     6.829946440884181e+03     6.830557632596277e+03     6.831168654609615e+03     6.831779712711890e+03     6.834223939266384e+03
   37400           -7.69488964e+04            3.59238961e+00            9.96734971e-01            1.00392208e+00     6.755682964637709e+03     6.756091273230273e+03     6.756499738729760e+03     6.756908097969742e+03     6.757316477814212e+03     6.758949990990714e+03
   37600           -7.67862434e+04            5.06815036e+00            9.95272884e-01            1.00541257e+00     6.761426490653010e+03     6.762019651881980e+03     6.762613004195086e+03     6.763206211427138e+03     6.763799452656484e+03     6.766172414659958e+03
   37800           -7.66853536e+04            6.98427595e-01            9.99660263e-01            1.00105762e+00     6.842151095632414e+03     6.842198230236021e+03     6.842245594817445e+03     6.842292790411785e+03     6.842340023664683e+03     6.842528951696952e+03
   38000           -7.66578379e+04            2.19078626e+00            9.98192864e-01            1.00257611e+00     6.764988014565916e+03     6.765218518006390e+03     6.765449242884857e+03     6.765679800619965e+03     6.765910397747582e+03     6.766832780929249e+03
   38200           -7.66671994e+04            1.46160652e+00            9.98905821e-01            1.00183011e+00     6.799208795646538e+03     6.799348793758462e+03     6.799489006698158e+03     6.799629061579067e+03     6.799769151629625e+03     6.800329507612711e+03
   38400           -7.67308571e+04            1.56454428e+00            9.98805503e-01            1.00193575e+00     6.800423354381788e+03     6.800574958703540e+03     6.800726802675003e+03     6.800878469053098e+03     6.801030174955131e+03     6.801636995528470e+03
   38600           -7.67599115e+04            2.00636470e+00            9.98351515e-01            1.00236568e+00     6.801114120988752e+03     6.801323157694903e+03     6.801532395428900e+03     6.801741491507581e+03     6.801950616294279e+03     6.802787111599807e+03
   38800           -7.67518347e+04            1.11051156e+00            9.99261767e-01            1.00148362e+00     6.914572404874501e+03     6.914667007576916e+03     6.914761788292370e+03     6.914856443255274e+03     6.914951124240891e+03     6.915329843607279e+03
   39000           -7.66048583e+04            1.34860368e+00            9.99004602e-01            1.00170276e+00     6.850636108708008e+03     6.850761205463158e+03     6.850886538247780e+03     6.851011715423235e+03     6.851136919171197e+03     6.851637729634387e+03
   39200           -7.66857446e+04            2.15560336e+00            9.98202376e-01            1.00251512e+00     6.860360147949569e+03     6.860583799297392e+03     6.860807678376809e+03     6.861031407468658e+03     6.861255162171061e+03     6.862150176392553e+03
   39400           -7.67468153e+04            2.08397995e+00            9.98272225e-01            1.00244167e+00     6.909014883465738e+03     6.909233999415135e+03     6.909453314994466e+03     6.909672480113933e+03     6.909891680797325e+03     6.910768478128911e+03
   39600           -7.68406695e+04            1.30048806e+00            9.99049998e-01            1.00165189e+00     6.803487062505420e+03     6.803607744024204e+03     6.803728616403100e+03     6.803849351668756e+03     6.803970116379522e+03     6.804453170253624e+03
   39800           -7.67509319e+04            2.22932562e+00            9.98126231e-01            1.00258646e+00     6.784242619487378e+03     6.784477790444913e+03     6.784713174614250e+03     6.784948406073397e+03     6.785183669690548e+03     6.786124719893716e+03
   40000           -7.67266796e+04            3.18550014e+00            9.97190948e-01            1.00356433e+00     6.886850027586419e+03     6.887203768075635e+03     6.887557748026382e+03     6.887911558710388e+03     6.888265403803845e+03     6.889680780021273e+03
   40200           -7.68637716e+04            3.29610700e+00            9.97086545e-01            1.00368127e+00     6.804472519225662e+03     6.804839626264677e+03     6.805206980340246e+03     6.805574164957147e+03     6.805941381547629e+03     6.807410243869595e+03
   40400           -7.66901981e+04            4.75124503e+00            9.95573010e-01            1.00507852e+00     6.821150416644555e+03     6.821703947888176e+03     6.822257655053940e+03     6.822811232821513e+03     6.823364839936349e+03     6.825579263228144e+03
   40600           -7.67302166e+04            4.71742820e+00            9.95675221e-01            1.00511373e+00     6.817202104438909e+03     6.817748971448304e+03     6.818296080965966e+03     6.818843013104205e+03     6.819389984968750e+03     6.821577865498590e+03
   40800           -7.65681783e+04            4.74759339e+00            9.95601107e-01            1.00509955e+00     6.826602939355782e+03     6.827153144305317e+03     6.827703511299410e+03     6.828253762150120e+03     6.828804038127443e+03     6.831005136899103e+03
   41000           -7.65247949e+04            3.39896613e+00            9.96984185e-01            1.00378470e+00     6.771826683474174e+03     6.772207738720688e+03     6.772589029372391e+03     6.772970150970175e+03     6.773351308326042e+03     6.774875933177909e+03
   41200           -7.66187941e+04            2.39159025e+00            9.97934134e-01            1.00271887e+00     6.831642124914501e+03     6.831900757748062e+03     6.832159535806403e+03     6.832418194518555e+03     6.832676885667995e+03     6.833711646421487e+03
   41400           -7.66015165e+04            5.95012047e+00            9.94426981e-01            1.00633159e+00     6.722765689950223e+03     6.723467896454319e+03     6.724170320408768e+03     6.724872589272202e+03     6.725574890410507e+03     6.728384090870790e+03
   41600           -7.65422539e+04            6.48906046e+00            9.93900410e-01            1.00688343e+00     6.767470565906882e+03     6.768236029290016e+03     6.769001694178916e+03     6.769767211707325e+03     6.770532761779078e+03     6.773594957651275e+03
   41800           -7.65060792e+04            1.03063490e+00            9.99276682e-01            1.00133859e+00     6.806905688023918e+03     6.806994888048883e+03     6.807084222010769e+03     6.807173453054187e+03     6.807262709723071e+03     6.807619731422225e+03
   42000           -7.65283726e+04            2.94928562e+00            9.97413984e-01            1.00331469e+00     6.779744536617601e+03     6.780070704071032e+03     6.780397071990756e+03     6.780723286676069e+03     6.781049538292605e+03     6.782354539967610e+03
   42200           -7.67548489e+04            4.65982713e+00            9.95683860e-01            1.00500666e+00     6.821400090675030e+03     6.821941701980561e+03     6.822483516261460e+03     6.823025188374771e+03     6.823566889145325e+03     6.825733687615621e+03
   42400           -7.67479417e+04            6.01547578e+00            9.94394230e-01            1.00642999e+00     6.840921649521176e+03     6.841626485742770e+03     6.842331542219507e+03     6.843036455477233e+03     6.843741392574178e+03     6.846561135627179e+03
   42600           -7.68367644e+04            3.24929586e+00            9.97136774e-01            1.00363786e+00     6.824626352961801e+03     6.824986280922315e+03     6.825346395943481e+03     6.825706374989099e+03     6.826066384036116e+03     6.827506415110432e+03
   42800           -7.65226474e+04            8.05679458e-01            9.99546822e-01            1.00115875e+00     6.801634783412062e+03     6.801696203139557e+03     6.801757828288769e+03     6.801819300975338e+03     6.801880808491032e+03     6.802126833570002e+03
   43000           -7.66854011e+04            2.70928526e+00            9.97671185e-01            1.00309181e+00     6.798899100591013e+03     6.799194269716422e+03     6.799489648128724e+03     6.799784872504234e+03     6.800080131302637e+03     6.801261162014260e+03
   43200           -7.69783782e+04            1.31002875e+00            9.99057450e-01            1.00167847e+00     6.847089891592685e+03     6.847210614252330e+03     6.847331571238857e+03     6.847452351500860e+03     6.847573173247016e+03     6.848056454901345e+03
   43400           -7.66907787e+04            2.39533459e+00            9.97957257e-01            1.00274961e+00     6.789788766249233e+03     6.790047402228101e+03     6.790306209741215e+03     6.790564880072036e+03     6.790823585942140e+03     6.791858405635046e+03
   43600           -7.69259214e+04            3.73649952e+00            9.96638806e-01            1.00411459e+00     6.794621227746323e+03     6.795043382135380e+03     6.795465755952182e+03     6.795887972190011e+03     6.796310222016568e+03     6.797999216286814e+03
   43800           -7.67085664e+04            3.64284955e+00            9.96721755e-01            1.00401009e+00     6.863814445810618e+03     6.864229082828079e+03     6.864643861987741e+03     6.865058526200288e+03     6.865473221555306e+03     6.867131997299995e+03
   44000           -7.67684317e+04            3.59601320e+00            9.96789185e-01            1.00398396e+00     6.859695472339946e+03     6.860101043510525e+03     6.860506823036052e+03     6.860912446603052e+03     6.861318106237986e+03     6.862940740136028e+03
   44200           -7.66607176e+04            5.65024870e+00            9.94741248e-01            1.00604607e+00     6.779691615532338e+03     6.780355542017813e+03     6.781019657096268e+03     6.781683622551568e+03     6.782347626506311e+03     6.785003637480285e+03
   44400           -7.66950031e+04            2.86321406e+00            9.97470702e-01            1.00319903e+00     6.764387077111684e+03     6.764702487959353e+03     6.765018057825749e+03     6.765333509719229e+03     6.765648988824245e+03     6.766910900536807e+03
   44600           -7.66003236e+04            3.12420470e+00            9.97260545e-01            1.00351135e+00     6.795486363022624e+03     6.795832043649046e+03     6.796177920957235e+03     6.796523656180258e+03     6.796869422126966e+03     6.798252481231309e+03
   44800           -7.65462735e+04            5.55137989e+00            9.94825002e-01            1.00593185e+00     6.792941546791945e+03     6.793590804918190e+03     6.794240312452663e+03     6.794889661147632e+03     6.795539034037261e+03     6.798136521282576e+03
   45000           -7.66875737e+04            7.27967123e+00            9.93093163e-01            1.00765771e+00     6.785694030936923e+03     6.786558961185566e+03     6.787424093862956e+03     6.788289075843390e+03     6.789154091983116e+03     6.792614153029309e+03
   45200           -7.66708960e+04            6.36008644e+00            9.94010488e-01            1.00673523e+00     6.774387042667449e+03     6.775140061503704e+03     6.775893344005121e+03     6.776646436058818e+03     6.777399568803994e+03     6.780412094940539e+03
   45400           -7.66224433e+04            1.09425612e+00            9.99277217e-01            1.00146654e+00     6.868811560182966e+03     6.868903325278283e+03     6.868995275531535e+03     6.869087078561517e+03     6.869178919550629e+03     6.869546278918292e+03
   45600           -7.62455191e+04            2.55073935e+00            9.97826142e-01            1.00292954e+00     6.831573180047096e+03     6.831849887224698e+03     6.832126870155838e+03     6.832403657798691e+03     6.832680485231230e+03     6.833787790415364e+03
   45800           -7.65151221e+04            2.02513321e+00            9.98336890e-01            1.00238862e+00     6.723842257770209e+03     6.724050936000754e+03     6.724259807970874e+03     6.724468533260007e+03     6.724677293532935e+03     6.725512329295662e+03
   46000           -7.65693461e+04            3.92514636e+00            9.96436971e-01            1.00429008e+00     6.805623994820809e+03     6.806071986530330e+03     6.806520223376673e+03     6.806968303278009e+03     6.807416407724989e+03     6.809208820629167e+03
   46200           -7.66928729e+04            1.68964324e+00            9.98682761e-01            1.00206331e+00     6.890350296746486e+03     6.890516759848584e+03     6.890683405799668e+03     6.890849909154903e+03     6.891016448422049e+03     6.891682600097611e+03
   46400           -7.65299889e+04            1.33442589e+00            9.99009025e-01            1.00167879e+00     6.821737624687666e+03     6.821863499250060e+03     6.821989558429743e+03     6.822115481897858e+03     6.822241435825121e+03     6.822745246962576e+03
   46600           -7.67177193e+04            9.20642013e-01            9.99441318e-01            1.00128327e+00     6.890529149835414e+03     6.890600497033455e+03     6.890672030309426e+03     6.890743415515407e+03     6.890814839071628e+03     6.891100528307841e+03
   46800           -7.67048178e+04            2.66110485e+00            9.97713503e-01            1.00303770e+00     6.806831990213841e+03     6.807120196335245e+03     6.807408622908933e+03     6.807696883159006e+03     6.807985182697415e+03     6.809138375180990e+03
   47000           -7.67609122e+04            2.93902600e+00            9.97447370e-01            1.00332768e+00     6.795309382413910e+03     6.795632555810439e+03     6.795955955137406e+03     6.796279197110754e+03     6.796602470522518e+03     6.797895558631128e+03
   47200           -7.67645031e+04            2.18748671e+00            9.98142061e-01            1.00251847e+00     6.827049289552534e+03     6.827282264702035e+03     6.827515417207436e+03     6.827748430794354e+03     6.827981479232053e+03     6.828913668911571e+03
   47400           -7.65632717e+04            3.71534537e+00            9.96627714e-01            1.00406093e+00     6.818462077128471e+03     6.818887095479510e+03     6.819312291353723e+03     6.819737352668972e+03     6.820162445803201e+03     6.821862814477931e+03
   47600           -7.66227646e+04            3.51825766e+00            9.96853535e-01            1.00389265e+00     6.804626572499951e+03     6.805023862273714e+03     6.805421366988754e+03     6.805818709007698e+03     6.806216089538734e+03     6.807805606577516e+03
   47800           -7.66193209e+04            1.61890211e+00            9.98705387e-01            1.00194424e+00     6.723185398297754e+03     6.723349499772284e+03     6.723513819778460e+03     6.723677984534844e+03     6.723842181507290e+03     6.724498964716826e+03
   48000           -7.66575577e+04            2.21048195e+00            9.98169433e-01            1.00259207e+00     6.799307507430811e+03     6.799539515850770e+03     6.799771783658513e+03     6.800003864573155e+03     6.800235985020136e+03     6.801164462609460e+03
   48200           -7.67281520e+04            1.94387713e+00            9.98413928e-01            1.00230307e+00     6.801994182049877e+03     6.802195082177967e+03     6.802396195583577e+03     6.802597141185981e+03     6.802798128982136e+03     6.803602075914396e+03
   48400           -7.65599255e+04            2.06047990e+00            9.98273582e-01            1.00239592e+00     6.817160969539016e+03     6.817379471251358e+03     6.817598214566906e+03     6.817816778942350e+03     6.818035383892358e+03     6.818909798245701e+03
   48600           -7.67148255e+04            3.40928792e+00            9.96943180e-01            1.00376414e+00     6.814366178236619e+03     6.814751155423313e+03     6.815136301025828e+03     6.815521309408760e+03     6.815906354480877e+03     6.817446530725135e+03
   48800           -7.65560007e+04            2.86919351e+00            9.97478648e-01            1.00321902e+00     6.724605744845064e+03     6.724922213349317e+03     6.725238860198166e+03     6.725555379783045e+03     6.725871926672058e+03     6.727138108499053e+03
   49000           -7.64738138e+04            2.72421870e+00            9.97615603e-01            1.00306588e+00     6.758771560150438e+03     6.759069250393435e+03     6.759367106414736e+03     6.759664828943805e+03     6.759962586714205e+03     6.761153613277972e+03
   49200           -7.65676922e+04            3.95659882e+00            9.96393636e-01            1.00430957e+00     6.790301317245490e+03     6.790755318372912e+03     6.791209524826469e+03     6.791663578172563e+03     6.792117666621838e+03     6.793934015998186e+03
   49400           -7.64582854e+04            3.34671345e+00            9.97027201e-01            1.00372311e+00     6.933641400431735e+03     6.934018705649023e+03     6.934396239828548e+03     6.934773617007038e+03     6.935151024348263e+03     6.936660648264791e+03
   49600           -7.66249539e+04            1.30775947e+00            9.99011214e-01            1.00162757e+00     6.790450586529932e+03     6.790575332502802e+03     6.790700264798531e+03     6.790825060074716e+03     6.790949886254457e+03     6.791449185978981e+03
   49800           -7.65834572e+04            1.99582972e+00            9.98338656e-01            1.00233165e+00     6.766867227688774e+03     6.767078036830627e+03     6.767289041369840e+03     6.767499903602988e+03     6.767710797079279e+03     6.768554366469783e+03
   50000           -7.67960033e+04            2.27767948e+00            9.98092950e-01            1.00264999e+00     6.799802304767338e+03     6.800045024003641e+03     6.800287975484891e+03     6.800530762106900e+03     6.800773582925910e+03     6.801744861084482e+03
