#This file was generated on Wed Apr 26 23:52:47 2023
#Using the somd command, of the molecular library Sire version <2023.1.3> 
#For more information visit: https://github.com/openbiosim/sire
#
#General information on simulation parameters:
#Simulation used 25000 moves, 2 cycles and 200 ps of simulation time
#Generating lambda is		 0.00000
#Alchemical array is		 (0.0, 0.125, 0.25, 0.375, 0.5, 1.0)
#Generating temperature is 	25°C
#Energy was saved every 200 steps 
#
#
#   [step]      [potential kcal/mol]       [gradient kcal/mol]      [forward Metropolis]     [backward Metropolis]                   [u_kl]
#   [step]      [potential kcal/mol]       [gradient kcal/mol]      [forward Metropolis]     [backward Metropolis]                   [u_kl]
     200           -1.33516237e+05            4.36635532e+00            9.95643163e-01            1.00437590e+00     2.420126049423895e+04     2.420144699390319e+04     2.420163423267579e+04     2.420182095200822e+04     2.420200777242958e+04     2.420275505062020e+04
     400           -1.29884601e+05            1.53746158e+01            9.84742970e-01            1.01549341e+00     2.408847750439564e+04     2.409003332598243e+04     2.409159003647247e+04     2.409314612831826e+04     2.409470233785759e+04     2.410092717131954e+04
     600           -1.27204493e+05            6.62392856e+00            9.93397961e-01            1.00664592e+00     2.420268078950569e+04     2.420314914267344e+04     2.420361837892578e+04     2.420408700511359e+04     2.420455574499022e+04     2.420643070047474e+04
     800           -1.25693501e+05            7.96248969e+00            9.92069127e-01            1.00799427e+00     2.407446589655647e+04     2.407509836059724e+04     2.407573164261803e+04     2.407636434935002e+04     2.407699716806002e+04     2.407952843956357e+04
    1000           -1.24648019e+05            6.27934011e+00            9.93740334e-01            1.00629910e+00     2.409495562077901e+04     2.409537257770142e+04     2.409579035273825e+04     2.409620756728686e+04     2.409662488454483e+04     2.409829414831065e+04
    1200           -1.23649339e+05            7.69545867e+00            9.92334076e-01            1.00772514e+00     2.421645679412218e+04     2.421704618011050e+04     2.421763642319058e+04     2.421822608866768e+04     2.421881585479462e+04     2.422117491546705e+04
    1400           -1.23512789e+05            8.20112713e+00            9.91832410e-01            1.00823485e+00     2.419955483442308e+04     2.420022452085720e+04     2.420089514649560e+04     2.420156512948844e+04     2.420223522907122e+04     2.420491562371936e+04
    1600           -1.23187699e+05            7.83300200e+00            9.92197596e-01            1.00786376e+00     2.413128830238284e+04     2.413190240643669e+04     2.413251734139231e+04     2.413313167189447e+04     2.413374613001978e+04     2.413620395765672e+04
    1800           -1.22934306e+05            1.16524757e+01            9.88415151e-01            1.01172063e+00     2.424476453241806e+04     2.424586181310608e+04     2.424696000059246e+04     2.424805758655749e+04     2.424915527240172e+04     2.425354601238537e+04
    2000           -1.22825972e+05            8.38882982e+00            9.91646258e-01            1.00842411e+00     2.425748865813659e+04     2.425817283598738e+04     2.425885792266170e+04     2.425954239910749e+04     2.426022698057029e+04     2.426296530300398e+04
    2200           -1.22655416e+05            9.90432150e+00            9.90144565e-01            1.00995353e+00     2.431342909744121e+04     2.431429738155554e+04     2.431516652314395e+04     2.431603507913917e+04     2.431690374108316e+04     2.432037838472511e+04
    2400           -1.22758535e+05            6.43166263e+00            9.93588976e-01            1.00645239e+00     2.423682266852977e+04     2.423727334136953e+04     2.423772490102464e+04     2.423817584954550e+04     2.423862691188437e+04     2.424043115523897e+04
    2600           -1.22530487e+05            1.37947375e+01            9.86299974e-01            1.01389032e+00     2.429128385391957e+04     2.429264445819864e+04     2.429400592245490e+04     2.429536678700739e+04     2.429672776572290e+04     2.430217167752624e+04
    2800           -1.22511505e+05            6.06015756e+00            9.93958168e-01            1.00607856e+00     2.432181913351904e+04     2.432221242993743e+04     2.432260661083234e+04     2.432300017922422e+04     2.432339386216144e+04     2.432496859080383e+04
    3000           -1.22331815e+05            8.42441633e+00            9.91610970e-01            1.00846000e+00     2.408688168355735e+04     2.408757233059414e+04     2.408826387200338e+04     2.408895480475124e+04     2.408964584679553e+04     2.409241001003372e+04
    3200           -1.22532878e+05            1.23150915e+01            9.87760429e-01            1.01239123e+00     2.416569305614980e+04     2.416687372308242e+04     2.416805529108730e+04     2.416923624647845e+04     2.417041731177352e+04     2.417514156739723e+04
    3400           -1.22474482e+05            7.91365974e+00            9.92117571e-01            1.00794506e+00     2.416193563961302e+04     2.416255443831610e+04     2.416317416375275e+04     2.416379325905861e+04     2.416441246657994e+04     2.416688929354686e+04
    3600           -1.22567163e+05            9.90968133e+00            9.90139258e-01            1.00995894e+00     2.425290165941982e+04     2.425377073251249e+04     2.425464062067285e+04     2.425550995251650e+04     2.425637938483191e+04     2.425985711024400e+04
    3800           -1.22702452e+05            2.15550445e+01            9.78675605e-01            1.02178903e+00     2.419096429213437e+04     2.419329011427888e+04     2.419561692577037e+04     2.419794306306840e+04     2.420026932159367e+04     2.420957435105297e+04
    4000           -1.22390654e+05            7.14100225e+00            9.92884434e-01            1.00716656e+00     2.419503913485757e+04     2.419557395501692e+04     2.419610976319702e+04     2.419664493819903e+04     2.419718020728657e+04     2.419932127971556e+04
    4200           -1.22461445e+05            1.22034208e+01            9.87870739e-01            1.01227819e+00     2.422414918469581e+04     2.422531371010706e+04     2.422647906588242e+04     2.422764384235145e+04     2.422880872947232e+04     2.423346827424883e+04
    4400           -1.22296060e+05            5.77567427e+00            9.94240973e-01            1.00579239e+00     2.411640280843130e+04     2.411676314482297e+04     2.411712424560195e+04     2.411748479868079e+04     2.411784546357486e+04     2.411928811871841e+04
    4600           -1.22798830e+05            1.02292238e+01            9.89822917e-01            1.01028172e+00     2.414096905957596e+04     2.414187338822361e+04     2.414277852474925e+04     2.414368310358474e+04     2.414458778604212e+04     2.414820651250827e+04
    4800           -1.22600768e+05            5.04429101e+00            9.94968410e-01            1.00505703e+00     2.429056899564389e+04     2.429082718055551e+04     2.429108621640863e+04     2.429134466166098e+04     2.429160321868055e+04     2.429263744171721e+04
    5000           -1.22421709e+05            4.78321541e+00            9.95228206e-01            1.00479467e+00     2.434041455132840e+04     2.434064453503757e+04     2.434087537513055e+04     2.434110561786831e+04     2.434133597487212e+04     2.434225739841584e+04
    5200           -1.22566805e+05            5.82723278e+00            9.94189713e-01            1.00584424e+00     2.425174618097560e+04     2.425210814137918e+04     2.425247092696443e+04     2.425283312949358e+04     2.425319544731556e+04     2.425464471365552e+04
    5400           -1.22440225e+05            7.60604284e+00            9.92422810e-01            1.00763504e+00     2.412510801525733e+04     2.412569865230281e+04     2.412629007719848e+04     2.412688092968052e+04     2.412747190248588e+04     2.412983578971443e+04
    5600           -1.22541191e+05            9.42220150e+00            9.90622048e-01            1.00946673e+00     2.409974025332133e+04     2.410056493736844e+04     2.410139051904382e+04     2.410221547613377e+04     2.410304055203150e+04     2.410634085074166e+04
    5800           -1.22679187e+05            3.80973972e+00            9.96197508e-01            1.00381701e+00     2.414815384797155e+04     2.414827634107476e+04     2.414839976116543e+04     2.414852254137202e+04     2.414864544028633e+04     2.414913703260110e+04
    6000           -1.22466917e+05            8.16633784e+00            9.91866916e-01            1.00819977e+00     2.420953820773168e+04     2.421018863573414e+04     2.421083992860349e+04     2.421149062134419e+04     2.421214142713524e+04     2.421474464653879e+04
    6200           -1.22400689e+05            4.97440144e+00            9.95037950e-01            1.00498679e+00     2.435411941636625e+04     2.435436954097420e+04     2.435462057072571e+04     2.435487097039047e+04     2.435512149046256e+04     2.435612356455886e+04
    6400           -1.22526742e+05            3.89991349e+00            9.96107681e-01            1.00390753e+00     2.412433066042991e+04     2.412445509176225e+04     2.412458030957075e+04     2.412470496704000e+04     2.412482973730347e+04     2.412532881417703e+04
    6600           -1.22633004e+05            4.89177397e+00            9.95120171e-01            1.00490376e+00     2.414451242860774e+04     2.414476210993272e+04     2.414501265974185e+04     2.414526260819990e+04     2.414551266957537e+04     2.414651291054300e+04
    6800           -1.22449984e+05            9.35038840e+00            9.90693191e-01            1.00939424e+00     2.415854880457009e+04     2.415935865689623e+04     2.416016934511242e+04     2.416097945770975e+04     2.416178967673227e+04     2.416503054889445e+04
    7000           -1.22556503e+05            8.12485301e+00            9.91908064e-01            1.00815795e+00     2.427036684105925e+04     2.427100837537512e+04     2.427165079750400e+04     2.427229262018433e+04     2.427293454781015e+04     2.427550225456106e+04
    7200           -1.22516836e+05            8.48146175e+00            9.91554404e-01            1.00851753e+00     2.416081103853697e+04     2.416150484396041e+04     2.416219958045454e+04     2.416289367531318e+04     2.416358788881289e+04     2.416636473908881e+04
    7400           -1.22622969e+05            7.59786632e+00            9.92430925e-01            1.00762680e+00     2.409505232030353e+04     2.409563408902024e+04     2.409621671384895e+04     2.409679876811507e+04     2.409738091884321e+04     2.409970951738289e+04
    7600           -1.22561593e+05            8.01360679e+00            9.92018417e-01            1.00804580e+00     2.421410259680125e+04     2.421473732762209e+04     2.421537295987664e+04     2.421600798403994e+04     2.421664311441188e+04     2.421918363202250e+04
    7800           -1.22392645e+05            1.09250192e+01            9.89134442e-01            1.01098492e+00     2.430130149064145e+04     2.430229292014901e+04     2.430328519564265e+04     2.430427684834623e+04     2.430526863574505e+04     2.430923578084865e+04
    8000           -1.22627090e+05            5.77733662e+00            9.94239320e-01            1.00579406e+00     2.417721613252606e+04     2.417757552802530e+04     2.417793574873309e+04     2.417829540258512e+04     2.417865516091632e+04     2.418009418930658e+04
    8200           -1.22771562e+05            4.46704951e+00            9.95542913e-01            1.00447704e+00     2.415368400208790e+04     2.415387518275203e+04     2.415406717086402e+04     2.415425859561018e+04     2.415445012830416e+04     2.415521625452043e+04
    8400           -1.22455475e+05            8.17259920e+00            9.91860706e-01            1.00820609e+00     2.412949699929693e+04     2.413015157849308e+04     2.413080700156950e+04     2.413146181664223e+04     2.413211675743876e+04     2.413473651558059e+04
    8600           -1.22573966e+05            6.58459909e+00            9.93437032e-01            1.00660633e+00     2.421100073615473e+04     2.421146233582118e+04     2.421192478275812e+04     2.421238664572662e+04     2.421284861720113e+04     2.421469649824753e+04
    8800           -1.22689800e+05            1.11425477e+01            9.88919301e-01            1.01120486e+00     2.433729572352704e+04     2.433831756101050e+04     2.433934022038394e+04     2.434036230863760e+04     2.434138450467422e+04     2.434547328582139e+04
    9000           -1.22577529e+05            7.03093241e+00            9.92993727e-01            1.00705571e+00     2.411533098935679e+04     2.411585042308917e+04     2.411637075929173e+04     2.411689046940211e+04     2.411741029743575e+04     2.411948960551471e+04
    9200           -1.22548114e+05            8.40650876e+00            9.91628727e-01            1.00844194e+00     2.415185015737161e+04     2.415254376961806e+04     2.415323811186553e+04     2.415393193744700e+04     2.415462586556160e+04     2.415740157375159e+04
    9400           -1.22598380e+05            5.37347482e+00            9.94640936e-01            1.00538794e+00     2.425503602020655e+04     2.425534173082140e+04     2.425564830506056e+04     2.425595428134630e+04     2.425626036990436e+04     2.425748471960218e+04
    9600           -1.22643785e+05            6.61370546e+00            9.93408117e-01            1.00663562e+00     2.415762932481944e+04     2.415809164501122e+04     2.415855479700683e+04     2.415901735849863e+04     2.415948003821576e+04     2.416133075161208e+04
    9800           -1.22541393e+05            5.26118700e+00            9.94752629e-01            1.00527505e+00     2.431265005730329e+04     2.431294165179336e+04     2.431323419857374e+04     2.431352609729910e+04     2.431381811187662e+04     2.431498616644995e+04
   10000           -1.22644746e+05            7.15326935e+00            9.92872254e-01            1.00717892e+00     2.430515056294807e+04     2.430567719258893e+04     2.430620454298903e+04     2.430673135353584e+04     2.430725828458403e+04     2.430936600622000e+04
   10200           -1.22620121e+05            6.54121890e+00            9.93480128e-01            1.00656266e+00     2.436213321007482e+04     2.436258809341948e+04     2.436304378187019e+04     2.436349889341578e+04     2.436395412275880e+04     2.436577503544278e+04
   10400           -1.22662006e+05            1.22926931e+01            9.87782553e-01            1.01236856e+00     2.440343727360788e+04     2.440459805136280e+04     2.440575957214205e+04     2.440692055466827e+04     2.440808164993718e+04     2.441272602626646e+04
   10600           -1.22733516e+05            4.76127919e+00            9.95250038e-01            1.00477263e+00     2.434264669183297e+04     2.434287337383969e+04     2.434310081956763e+04     2.434332772721616e+04     2.434355474067383e+04     2.434446278951468e+04
   10800           -1.22611226e+05            5.49131867e+00            9.94523731e-01            1.00550642e+00     2.425306117592055e+04     2.425338756292458e+04     2.425371484782272e+04     2.425404151283099e+04     2.425436829279681e+04     2.425567540967307e+04
   11000           -1.22539865e+05            5.73078169e+00            9.94285608e-01            1.00574723e+00     2.424844131158564e+04     2.424879977806681e+04     2.424915896380477e+04     2.424951764302282e+04     2.424987642151067e+04     2.425131153143571e+04
   11200           -1.22571772e+05            9.25399831e+00            9.90788688e-01            1.00929695e+00     2.433394259047785e+04     2.433473435566403e+04     2.433552696897201e+04     2.433631898304067e+04     2.433711111473136e+04     2.434027963898486e+04
   11400           -1.22510929e+05            5.09920782e+00            9.94913771e-01            1.00511223e+00     2.415642993033900e+04     2.415670516249721e+04     2.415698124292955e+04     2.415725674557073e+04     2.415753235221316e+04     2.415863477408731e+04
   11600           -1.22473900e+05            9.34309426e+00            9.90700417e-01            1.00938688e+00     2.412298922249380e+04     2.412380353087126e+04     2.412461860431707e+04     2.412543313077066e+04     2.412624776842415e+04     2.412950631435451e+04
   11800           -1.22479158e+05            4.43606156e+00            9.95573763e-01            1.00444592e+00     2.417577733296968e+04     2.417597438154699e+04     2.417617221739201e+04     2.417636950188959e+04     2.417656689320251e+04     2.417735645343534e+04
   12000           -1.22752010e+05            6.46497056e+00            9.93555882e-01            1.00648591e+00     2.433670551270042e+04     2.433714154644241e+04     2.433757848042331e+04     2.433801479093215e+04     2.433845121843423e+04     2.434019692416805e+04
   12200           -1.22650874e+05            4.97911548e+00            9.95033260e-01            1.00499153e+00     2.416562714850924e+04     2.416587686918230e+04     2.416612744610179e+04     2.416637742883190e+04     2.416662752375582e+04     2.416762789900241e+04
   12400           -1.22895862e+05            8.04392097e+00            9.91988345e-01            1.00807636e+00     2.427908188713490e+04     2.427971430743318e+04     2.428034755088197e+04     2.428098023301730e+04     2.428161301662702e+04     2.428414414611915e+04
   12600           -1.22800588e+05            1.32762250e+01            9.86811515e-01            1.01336475e+00     2.428218659366058e+04     2.428348286070013e+04     2.428477990446627e+04     2.428607638091816e+04     2.428737297812834e+04     2.429255936259609e+04
   12800           -1.22580994e+05            8.28963693e+00            9.91744627e-01            1.00832409e+00     2.437026655235087e+04     2.437093007267934e+04     2.437159450086953e+04     2.437225832343985e+04     2.437292224872178e+04     2.437557794509269e+04
   13000           -1.22383089e+05            5.23581495e+00            9.94777868e-01            1.00524955e+00     2.423538671827800e+04     2.423567885663664e+04     2.423597184639681e+04     2.423626424399763e+04     2.423655675368100e+04     2.423772678908401e+04
   13200           -1.22344879e+05            6.61657117e+00            9.93405270e-01            1.00663851e+00     2.428164973932033e+04     2.428211093808500e+04     2.428257302299293e+04     2.428303449070825e+04     2.428349607523305e+04     2.428534241114577e+04
   13400           -1.22379450e+05            5.68875262e+00            9.94327398e-01            1.00570496e+00     2.420971104747160e+04     2.421005642596660e+04     2.421040267605819e+04     2.421074834079183e+04     2.421109410642771e+04     2.421247716538382e+04
   13600           -1.22657008e+05            4.86521845e+00            9.95146598e-01            1.00487707e+00     2.424910041276307e+04     2.424934849094447e+04     2.424959739607286e+04     2.424984573198333e+04     2.425009417261080e+04     2.425108793245853e+04
   13800           -1.22677474e+05            1.71970083e+01            9.82950016e-01            1.01734573e+00     2.425579016461474e+04     2.425757874287030e+04     2.425936812492661e+04     2.426115694171157e+04     2.426294586872902e+04     2.427010157284329e+04
   14000           -1.22539413e+05            8.51058613e+00            9.91525526e-01            1.00854690e+00     2.431292208293781e+04     2.431361578626200e+04     2.431431032281182e+04     2.431500427102938e+04     2.431569833477801e+04     2.431847458661820e+04
   14200           -1.22581589e+05            6.39913709e+00            9.93621294e-01            1.00641966e+00     2.415861948434028e+04     2.415904766076107e+04     2.415947667936252e+04     2.415990511372548e+04     2.416033365878335e+04     2.416204783322642e+04
   14400           -1.22505217e+05            1.01390529e+01            9.89912174e-01            1.01019063e+00     2.424375139567782e+04     2.424464280965244e+04     2.424553507332002e+04     2.424642675999696e+04     2.424731854988956e+04     2.425088570410129e+04
   14600           -1.22454427e+05            3.74475599e+00            9.96262247e-01            1.00375178e+00     2.432807180638699e+04     2.432817406446593e+04     2.432827713182973e+04     2.432837963162053e+04     2.432848224102588e+04     2.432889267566478e+04
   14800           -1.22461165e+05            4.98147179e+00            9.95030915e-01            1.00499390e+00     2.425884498723311e+04     2.425911213499810e+04     2.425938011293601e+04     2.425964749099245e+04     2.425991499335871e+04     2.426098499948431e+04
   15000           -1.22560861e+05            6.33956958e+00            9.93680483e-01            1.00635971e+00     2.413975630316630e+04     2.414018333786613e+04     2.414061125203031e+04     2.414103855123466e+04     2.414146596917510e+04     2.414317563518389e+04
   15200           -1.22067211e+05            7.25384009e+00            9.92772406e-01            1.00728021e+00     2.425623239347440e+04     2.425677175015367e+04     2.425731193829327e+04     2.425785154558182e+04     2.425839126410556e+04     2.426055013473671e+04
   15400           -1.22275995e+05            9.28978006e+00            9.90753237e-01            1.00933306e+00     2.421545002352469e+04     2.421624863152155e+04     2.421704804330123e+04     2.421784690791095e+04     2.421864587090636e+04     2.422184171828803e+04
   15600           -1.22150080e+05            6.33116441e+00            9.93688835e-01            1.00635125e+00     2.415119673920161e+04     2.415163641495399e+04     2.415207691720232e+04     2.415251684262878e+04     2.415295687826345e+04     2.415471701732530e+04
   15800           -1.22432300e+05            7.58677005e+00            9.92441937e-01            1.00761562e+00     2.429318940790222e+04     2.429376941598272e+04     2.429435026547921e+04     2.429493053929178e+04     2.429551091799291e+04     2.429783242808361e+04
   16000           -1.22279623e+05            8.21761604e+00            9.91816056e-01            1.00825147e+00     2.432071859268500e+04     2.432138103270125e+04     2.432204436108607e+04     2.432270708172951e+04     2.432336991275068e+04     2.432602123281636e+04
   16200           -1.22336552e+05            6.73270335e+00            9.93289911e-01            1.00675542e+00     2.419521918031367e+04     2.419568497502360e+04     2.419615156709729e+04     2.419661759187830e+04     2.419708373081201e+04     2.419894828131036e+04
   16400           -1.22273833e+05            7.39839887e+00            9.92628902e-01            1.00742583e+00     2.420110326149191e+04     2.420165906402572e+04     2.420221572147973e+04     2.420277178701559e+04     2.420332796334512e+04     2.420555266519833e+04
   16600           -1.22328723e+05            7.69552535e+00            9.92334009e-01            1.00772521e+00     2.420154413578847e+04     2.420213037368623e+04     2.420271758091810e+04     2.420330411981325e+04     2.420389078242830e+04     2.420623742906813e+04
   16800           -1.22266091e+05            7.00631357e+00            9.93018173e-01            1.00703092e+00     2.410996484813530e+04     2.411047828592440e+04     2.411099256355832e+04     2.411150624441564e+04     2.411202004457379e+04     2.411407524101228e+04
   17000           -1.22425243e+05            5.52070981e+00            9.94494501e-01            1.00553598e+00     2.426595159885722e+04     2.426627162743408e+04     2.426659249786005e+04     2.426691278339029e+04     2.426723318009057e+04     2.426851476132392e+04
   17200           -1.22685377e+05            5.88059024e+00            9.94136667e-01            1.00589791e+00     2.419009702417132e+04     2.419046835364113e+04     2.419084049431645e+04     2.419121207862037e+04     2.419158376477490e+04     2.419307050537847e+04
   17400           -1.22302082e+05            7.48475607e+00            9.92543185e-01            1.00751284e+00     2.421568255713483e+04     2.421624682156015e+04     2.421681199333941e+04     2.421737653965823e+04     2.421794120203044e+04     2.422019984692606e+04
   17600           -1.22211703e+05            6.31397310e+00            9.93705918e-01            1.00633395e+00     2.412479517768329e+04     2.412521875618182e+04     2.412564323934300e+04     2.412606710519881e+04     2.412649108241432e+04     2.412818698714534e+04
   17800           -1.22624347e+05            6.19039106e+00            9.93828730e-01            1.00620959e+00     2.414127131169517e+04     2.414169079313412e+04     2.414211111560969e+04     2.414253083597999e+04     2.414295067866477e+04     2.414463004563436e+04
   18000           -1.22525633e+05            9.91136996e+00            9.90137586e-01            1.00996065e+00     2.423582560036376e+04     2.423669433220720e+04     2.423756390463923e+04     2.423843290530749e+04     2.423930200841554e+04     2.424277841646732e+04
   18200           -1.22772736e+05            6.79531478e+00            9.93227721e-01            1.00681846e+00     2.417039592333752e+04     2.417088901253178e+04     2.417138297415005e+04     2.417187632572284e+04     2.417236979450984e+04     2.417434366568217e+04
   18400           -1.22588140e+05            1.02336268e+01            9.89818559e-01            1.01028617e+00     2.417366530182742e+04     2.417458282722519e+04     2.417550124189362e+04     2.417641906986517e+04     2.417733699391047e+04     2.418100868599352e+04
   18600           -1.22493689e+05            8.18303226e+00            9.91850358e-01            1.00821660e+00     2.418655769759739e+04     2.418720772366512e+04     2.418785864830801e+04     2.418850894208082e+04     2.418915935873269e+04     2.419176101986800e+04
   18800           -1.22268518e+05            9.44887652e+00            9.90595624e-01            1.00949366e+00     2.419152357738197e+04     2.419234714551167e+04     2.419317148543048e+04     2.419399527952195e+04     2.419481918137835e+04     2.419811478537474e+04
   19000           -1.22260105e+05            1.13754289e+01            9.88689027e-01            1.01144038e+00     2.420694245343055e+04     2.420799137824361e+04     2.420904116209294e+04     2.421009038090712e+04     2.421113969159529e+04     2.421533692976003e+04
   19200           -1.22185265e+05            5.27888771e+00            9.94735021e-01            1.00529285e+00     2.412988072523504e+04     2.413017784644607e+04     2.413047583207893e+04     2.413077320510552e+04     2.413107070016622e+04     2.413226067509741e+04
   19400           -1.22510645e+05            7.47730159e+00            9.92550584e-01            1.00750533e+00     2.417968808327143e+04     2.418026445889301e+04     2.418084171640736e+04     2.418141835918039e+04     2.418199511980742e+04     2.418430215634341e+04
   19600           -1.22392598e+05            8.91254470e+00            9.91127054e-01            1.00895238e+00     2.413044820405476e+04     2.413119654606015e+04     2.413194580234333e+04     2.413269442765637e+04     2.413344317008357e+04     2.413643813611239e+04
   19800           -1.22595211e+05            5.89531314e+00            9.94122030e-01            1.00591272e+00     2.431084634671962e+04     2.431121333867222e+04     2.431158117483066e+04     2.431194843835145e+04     2.431231580382852e+04     2.431378526093741e+04
   20000           -1.22231640e+05            1.25244388e+01            9.87553666e-01            1.01260320e+00     2.420228253828589e+04     2.420348277479839e+04     2.420468392821426e+04     2.420588448994870e+04     2.420708514253114e+04     2.421188774677639e+04
   20200           -1.22254914e+05            5.60092874e+00            9.94414727e-01            1.00561664e+00     2.411157205966517e+04     2.411191078293348e+04     2.411225039428661e+04     2.411258938003125e+04     2.411292848825171e+04     2.411428491683824e+04
   20400           -1.22144964e+05            4.76668147e+00            9.95244661e-01            1.00477806e+00     2.423971610095690e+04     2.423993956084668e+04     2.424016386003167e+04     2.424038757441317e+04     2.424061140064947e+04     2.424150670034204e+04
   20600           -1.22295177e+05            4.21561593e+00            9.95793257e-01            1.00422451e+00     2.421808027347432e+04     2.421824047373483e+04     2.421840147352767e+04     2.421856191005381e+04     2.421872245697597e+04     2.421936464047763e+04
   20800           -1.22442571e+05            1.03821705e+01            9.89671538e-01            1.01043625e+00     2.423840406420008e+04     2.423932447232034e+04     2.424024561397822e+04     2.424116622282164e+04     2.424208694353108e+04     2.424576982286208e+04
   21000           -1.22775777e+05            5.02514121e+00            9.94987464e-01            1.00503779e+00     2.421953970819230e+04     2.421980827917082e+04     2.422007768381407e+04     2.422034650200204e+04     2.422061543461060e+04     2.422169116102890e+04
   21200           -1.22574692e+05            3.27266215e+00            9.96732687e-01            1.00327802e+00     2.415287878214152e+04     2.415292119169118e+04     2.415296448558595e+04     2.415300718187691e+04     2.415304998277230e+04     2.415322118340308e+04
   21400           -1.22717260e+05            5.73257757e+00            9.94283822e-01            1.00574904e+00     2.428867159839524e+04     2.428902580719678e+04     2.428938080344824e+04     2.428973526027820e+04     2.429008981519478e+04     2.429150803199431e+04
   21600           -1.22653000e+05            4.91008106e+00            9.95101954e-01            1.00492216e+00     2.429355524993049e+04     2.429380495429725e+04     2.429405543704243e+04     2.429430536711757e+04     2.429455540768077e+04     2.429555556543105e+04
   21800           -1.22724653e+05            5.53644735e+00            9.94478851e-01            1.00555180e+00     2.415163664243021e+04     2.415196422179495e+04     2.415229266260050e+04     2.415262049028695e+04     2.415294844041785e+04     2.415426023840547e+04
   22000           -1.22627429e+05            1.84839090e+01            9.81685871e-01            1.01865579e+00     2.411725252745602e+04     2.411921533143169e+04     2.412117909592683e+04     2.412314221304576e+04     2.412510544312094e+04     2.413295835878587e+04
   22200           -1.22566118e+05            1.22665882e+01            9.87808340e-01            1.01234213e+00     2.429805671954677e+04     2.429921416564992e+04     2.430037246934365e+04     2.430153018645400e+04     2.430268800948922e+04     2.430731929943168e+04
   22400           -1.22418530e+05            5.10606406e+00            9.94906950e-01            1.00511912e+00     2.423006483014035e+04     2.423034589238462e+04     2.423062782915276e+04     2.423090915652461e+04     2.423119060005422e+04     2.423231636996810e+04
   22600           -1.22431138e+05            8.20895094e+00            9.91824650e-01            1.00824274e+00     2.415493619407884e+04     2.415558989665155e+04     2.415624453278610e+04     2.415689852807849e+04     2.415755264063438e+04     2.416016908718992e+04
   22800           -1.22514382e+05            2.18497690e+01            9.78387208e-01            1.02209022e+00     2.417604613615451e+04     2.417842495916902e+04     2.418080463571179e+04     2.418318371853227e+04     2.418556291412381e+04     2.419507969209310e+04
   23000           -1.22539383e+05            6.00262161e+00            9.94015358e-01            1.00602067e+00     2.421866923285285e+04     2.421905097411499e+04     2.421943347575293e+04     2.421981543499636e+04     2.422019750380432e+04     2.422172577475579e+04
   23200           -1.22389771e+05            9.26799847e+00            9.90774817e-01            1.00931108e+00     2.424282260892775e+04     2.424360674073575e+04     2.424439180305587e+04     2.424517625731424e+04     2.424596080780841e+04     2.424909900668907e+04
   23400           -1.22347613e+05            7.68938725e+00            9.92340100e-01            1.00771903e+00     2.420098709323833e+04     2.420158468220205e+04     2.420218314386159e+04     2.420278100170063e+04     2.420337897186997e+04     2.420577085050162e+04
   23600           -1.22287219e+05            1.41935578e+01            9.85906696e-01            1.01429476e+00     2.433746680275474e+04     2.433887120187079e+04     2.434027646298621e+04     2.434168112653806e+04     2.434308590300436e+04     2.434870500325397e+04
   23800           -1.22549707e+05            5.71678526e+00            9.94299524e-01            1.00573316e+00     2.433108423630360e+04     2.433142096009523e+04     2.433175859426363e+04     2.433209559200631e+04     2.433243271203331e+04     2.433378118776302e+04
   24000           -1.22434271e+05            1.02943997e+01            9.89758406e-01            1.01034757e+00     2.411852648229212e+04     2.411945394212800e+04     2.412038234929875e+04     2.412131011039864e+04     2.412223798783600e+04     2.412594949337988e+04
   24200           -1.22472568e+05            6.16296382e+00            9.93855988e-01            1.00618199e+00     2.433182043627787e+04     2.433221870286556e+04     2.433261778489729e+04     2.433301629742829e+04     2.433341491896674e+04     2.433500940165560e+04
   24400           -1.22432935e+05            3.68810207e+00            9.96318691e-01            1.00369491e+00     2.426018362498607e+04     2.426027175317798e+04     2.426036082649439e+04     2.426044927592654e+04     2.426053782814876e+04     2.426089203131146e+04
   24600           -1.22364586e+05            5.95313596e+00            9.94064549e-01            1.00597089e+00     2.425850039341572e+04     2.425888014162329e+04     2.425926077313348e+04     2.425964080659521e+04     2.426002094523108e+04     2.426154149704644e+04
   24800           -1.22554911e+05            7.42635510e+00            9.92601152e-01            1.00745400e+00     2.417171511824724e+04     2.417227684688024e+04     2.417283949636839e+04     2.417340149904319e+04     2.417396362693922e+04     2.417621213563119e+04
   25000           -1.22685984e+05            9.06019373e+00            9.90980726e-01            1.00910136e+00     2.431660555427537e+04     2.431736481293355e+04     2.431812498616225e+04     2.431888455999858e+04     2.431964422948601e+04     2.432268290469666e+04
   25200           -1.22777927e+05            5.42637874e+00            9.94588317e-01            1.00544113e+00     2.425459129897259e+04     2.425490332789284e+04     2.425521612436663e+04     2.425552838974106e+04     2.425584075500850e+04     2.425709021104441e+04
   25400           -1.22694250e+05            6.54068221e+00            9.93480661e-01            1.00656212e+00     2.424760960766679e+04     2.424806868902846e+04     2.424852857954656e+04     2.424898792220023e+04     2.424944736136972e+04     2.425128511507266e+04
   25600           -1.22584096e+05            6.83056044e+00            9.93192715e-01            1.00685394e+00     2.435166636464844e+04     2.435214994545121e+04     2.435263441492425e+04     2.435311826185571e+04     2.435360222915565e+04     2.435553809366287e+04
   25800           -1.22671954e+05            5.32608153e+00            9.94688077e-01            1.00534029e+00     2.422791391050714e+04     2.422820583113671e+04     2.422849855984739e+04     2.422879072343085e+04     2.422908299553376e+04     2.423025208056037e+04
   26000           -1.22625620e+05            6.46759923e+00            9.93553271e-01            1.00648856e+00     2.423886997131009e+04     2.423931867076753e+04     2.423976819980049e+04     2.424021714729660e+04     2.424066620764743e+04     2.424246244398476e+04
   26200           -1.22899491e+05            1.00052212e+01            9.90044665e-01            1.01005544e+00     2.418882164264657e+04     2.418971083061208e+04     2.419060085740684e+04     2.419149031740638e+04     2.419237987671002e+04     2.419593811077346e+04
   26400           -1.22520176e+05            3.91559426e+00            9.96092062e-01            1.00392327e+00     2.412995643789150e+04     2.413007683912857e+04     2.413019802044963e+04     2.413031863748897e+04     2.413043937158722e+04     2.413092230528294e+04
   26600           -1.22699520e+05            4.35061872e+00            9.95658832e-01            1.00436010e+00     2.420017275514544e+04     2.420034829260885e+04     2.420052457294425e+04     2.420070030580801e+04     2.420087615719579e+04     2.420157955924614e+04
   26800           -1.22609950e+05            8.88358598e+00            9.91155756e-01            1.00892316e+00     2.431432969261326e+04     2.431508533465869e+04     2.431584177567489e+04     2.431659765458167e+04     2.431735364327849e+04     2.432037759394371e+04
   27000           -1.22777005e+05            6.83965472e+00            9.93183682e-01            1.00686310e+00     2.423829803182284e+04     2.423877924515224e+04     2.423926130789978e+04     2.423974277288136e+04     2.424022435473072e+04     2.424215067763859e+04
   27200           -1.22550423e+05            6.78304181e+00            9.93239911e-01            1.00680610e+00     2.421792227462716e+04     2.421841342702905e+04     2.421890548787213e+04     2.421939693597024e+04     2.421988849104762e+04     2.422185470746807e+04
   27400           -1.22356656e+05            5.65706573e+00            9.94358905e-01            1.00567310e+00     2.413929773803047e+04     2.413964338275870e+04     2.413998994800157e+04     2.414033589097692e+04     2.414068194369750e+04     2.414206614936453e+04
   27600           -1.22518231e+05            8.53499441e+00            9.91501325e-01            1.00857152e+00     2.423250251335971e+04     2.423320838400239e+04     2.423391505925828e+04     2.423462117406108e+04     2.423532739574450e+04     2.423815227812929e+04
   27800           -1.22643848e+05            4.46360440e+00            9.95546343e-01            1.00447358e+00     2.421691693379345e+04     2.421710127806274e+04     2.421728644670122e+04     2.421747103534294e+04     2.421765573695827e+04     2.421839454012310e+04
   28000           -1.22619538e+05            7.66616792e+00            9.92363142e-01            1.00769563e+00     2.429047581631886e+04     2.429107144572938e+04     2.429166797640335e+04     2.429226391554318e+04     2.429285994988419e+04     2.429524408344951e+04
   28200           -1.22960189e+05            5.64453300e+00            9.94371367e-01            1.00566049e+00     2.412447735297657e+04     2.412482018541116e+04     2.412516385659136e+04     2.412550694041540e+04     2.412585013766297e+04     2.412722292234937e+04
   28400           -1.22857255e+05            8.19225141e+00            9.91841214e-01            1.00822590e+00     2.418706273987774e+04     2.418772297607587e+04     2.418838407899583e+04     2.418904458644181e+04     2.418970520373122e+04     2.419234766758471e+04
   28600           -1.22627637e+05            3.55471114e+00            9.96451599e-01            1.00356104e+00     2.419266982931156e+04     2.419274823723426e+04     2.419282754318550e+04     2.419290624340471e+04     2.419298504949903e+04     2.419330026968651e+04
   28800           -1.22392351e+05            8.29340659e+00            9.91740889e-01            1.00832789e+00     2.431444821105026e+04     2.431511158592227e+04     2.431577585654672e+04     2.431643951415307e+04     2.431710328338310e+04     2.431975835571594e+04
   29000           -1.22527571e+05            8.03094961e+00            9.92001212e-01            1.00806328e+00     2.415984830123418e+04     2.416048436725003e+04     2.416112127696991e+04     2.416175758838334e+04     2.416239401876408e+04     2.416493973629399e+04
   29200           -1.22570603e+05            6.15252008e+00            9.93866368e-01            1.00617149e+00     2.415790548895266e+04     2.415830670055828e+04     2.415870873134767e+04     2.415911020082592e+04     2.415951177305237e+04     2.416111805715207e+04
   29400           -1.22504820e+05            5.63012662e+00            9.94385693e-01            1.00564601e+00     2.415024291742257e+04     2.415057679348010e+04     2.415091148736532e+04     2.415124560065276e+04     2.415157982966309e+04     2.415291674190360e+04
   29600           -1.22561739e+05            1.16062831e+01            9.88460810e-01            1.01167390e+00     2.419309887573849e+04     2.419418974473858e+04     2.419528140709986e+04     2.419637251541736e+04     2.419746373025562e+04     2.420182858477275e+04
   29800           -1.22582486e+05            4.09634720e+00            9.95912031e-01            1.00410475e+00     2.429795995466099e+04     2.429810273056323e+04     2.429824633470882e+04     2.429838935976129e+04     2.429853249579786e+04     2.429910503693473e+04
   30000           -1.22497067e+05            4.64267054e+00            9.95368090e-01            1.00465346e+00     2.403323323699542e+04     2.403345262155112e+04     2.403367285034552e+04     2.403389249871892e+04     2.403411225400848e+04     2.403499127102154e+04
   30200           -1.22502252e+05            5.25174994e+00            9.94762016e-01            1.00526556e+00     2.414749464687774e+04     2.414779750773940e+04     2.414810128060276e+04     2.414840441681812e+04     2.414870767477067e+04     2.414992070266361e+04
   30400           -1.22588631e+05            5.54643683e+00            9.94468916e-01            1.00556185e+00     2.411120123044052e+04     2.411153282298539e+04     2.411186533630477e+04     2.411219724914807e+04     2.411252925760849e+04     2.411385728477646e+04
   30600           -1.22732238e+05            8.20166706e+00            9.91831875e-01            1.00823539e+00     2.410492523277381e+04     2.410558253235942e+04     2.410624067586113e+04     2.410689824181943e+04     2.410755591279791e+04     2.411018659282201e+04
   30800           -1.22565603e+05            6.39481320e+00            9.93625590e-01            1.00641530e+00     2.427174752178052e+04     2.427217239908222e+04     2.427259811488760e+04     2.427302324793781e+04     2.427344849135380e+04     2.427514946092708e+04
   31000           -1.22520056e+05            8.96235110e+00            9.91077691e-01            1.00900263e+00     2.412027316041510e+04     2.412102957558784e+04     2.412178690549238e+04     2.412254360202002e+04     2.412330041693875e+04     2.412632767346241e+04
   31200           -1.22569024e+05            1.73115602e+01            9.82837424e-01            1.01746227e+00     2.423887378413187e+04     2.424067931997775e+04     2.424248553463649e+04     2.424429123029862e+04     2.424609704712528e+04     2.425332031011869e+04
   31400           -1.22365710e+05            2.34233069e+01            9.76848889e-01            1.02369979e+00     2.429809253770052e+04     2.430065834656446e+04     2.430322509669370e+04     2.430579118608589e+04     2.430835740377556e+04     2.431862226985060e+04
   31600           -1.22563046e+05            7.91416187e+00            9.92117073e-01            1.00794556e+00     2.413700086185732e+04     2.413763207492830e+04     2.413826410372412e+04     2.413889555720798e+04     2.413952712390798e+04     2.414205338595864e+04
   31800           -1.22506166e+05            7.71764702e+00            9.92312058e-01            1.00774750e+00     2.413028171339601e+04     2.413087942430508e+04     2.413147805769721e+04     2.413207607042565e+04     2.413267419071023e+04     2.413506666802445e+04
   32000           -1.22540118e+05            5.45627019e+00            9.94558588e-01            1.00547118e+00     2.418757204542160e+04     2.418788634485473e+04     2.418820138706725e+04     2.418851590941227e+04     2.418883053219243e+04     2.419008901896327e+04
   32200           -1.22485666e+05            9.37392341e+00            9.90669875e-01            1.00941800e+00     2.421217635061961e+04     2.421298170749455e+04     2.421378789766683e+04     2.421459350910379e+04     2.421539923012823e+04     2.421862210963685e+04
   32400           -1.22547369e+05            8.79380131e+00            9.91244751e-01            1.00883258e+00     2.420321015522586e+04     2.420392948897943e+04     2.420464957818024e+04     2.420536913304015e+04     2.420608879361006e+04     2.420896743199426e+04
   32600           -1.22872994e+05            6.96088192e+00            9.93063289e-01            1.00698517e+00     2.414697478929499e+04     2.414748545589459e+04     2.414799694826728e+04     2.414850784834433e+04     2.414901886947465e+04     2.415106294965432e+04
   32800           -1.22678339e+05            4.34633674e+00            9.95663095e-01            1.00435580e+00     2.434202145867450e+04     2.434220395444618e+04     2.434238725895909e+04     2.434257000067426e+04     2.434275284874405e+04     2.434348423881361e+04
   33000           -1.22435088e+05            7.58438374e+00            9.92444305e-01            1.00761322e+00     2.421444102743260e+04     2.421502215019252e+04     2.421560419419291e+04     2.421618559856837e+04     2.421676712395298e+04     2.421909322047337e+04
   33200           -1.22614577e+05            9.55398935e+00            9.90491505e-01            1.00959977e+00     2.426195532280762e+04     2.426278245641639e+04     2.426361044723340e+04     2.426443783212604e+04     2.426526533685736e+04     2.426857535090710e+04
   33400           -1.22481286e+05            6.38921763e+00            9.93631150e-01            1.00640967e+00     2.414469703454434e+04     2.414513641213474e+04     2.414557661450057e+04     2.414601623206925e+04     2.414645596586794e+04     2.414821489719154e+04
   33600           -1.22767609e+05            9.67764354e+00            9.90369034e-01            1.00972462e+00     2.403710557131208e+04     2.403794025185652e+04     2.403877572956758e+04     2.403961064775597e+04     2.404044567449181e+04     2.404378577767154e+04
   33800           -1.22725688e+05            5.60037109e+00            9.94415282e-01            1.00561608e+00     2.418857349437465e+04     2.418889901125559e+04     2.418922536774539e+04     2.418955113195561e+04     2.418987701213298e+04     2.419118052989130e+04
   34000           -1.22704751e+05            9.47981461e+00            9.90564977e-01            1.00952489e+00     2.416818306693718e+04     2.416900184570727e+04     2.416982150886428e+04     2.417064056592237e+04     2.417145973381596e+04     2.417473640069473e+04
   34200           -1.22466862e+05            1.61081337e+01            9.84020908e-01            1.01623857e+00     2.431997923116439e+04     2.432163647398185e+04     2.432329461883042e+04     2.432495212064138e+04     2.432660975187293e+04     2.433324027258148e+04
   34400           -1.22654661e+05            5.99015529e+00            9.94027750e-01            1.00600813e+00     2.416725809513473e+04     2.416763134999314e+04     2.416800551380352e+04     2.416837905578882e+04     2.416875271090886e+04     2.417024732668299e+04
   34600           -1.22656727e+05            1.43143931e+01            9.85787571e-01            1.01441733e+00     2.419680531740271e+04     2.419823081955540e+04     2.419965727421347e+04     2.420108306701024e+04     2.420250898468065e+04     2.420821265195860e+04
   34800           -1.22561074e+05            5.66228136e+00            9.94353719e-01            1.00567834e+00     2.413031334903508e+04     2.413065234731970e+04     2.413099224162558e+04     2.413133152024635e+04     2.413167091185212e+04     2.413302847466915e+04
   35000           -1.22736187e+05            5.08677329e+00            9.94926142e-01            1.00509973e+00     2.425085700694275e+04     2.425112939269241e+04     2.425140255194570e+04     2.425167518103947e+04     2.425194790716685e+04     2.425303880739094e+04
   35200           -1.22851850e+05            8.95853767e+00            9.91081470e-01            1.00899879e+00     2.409009362153555e+04     2.409084961823095e+04     2.409160643867724e+04     2.409236265897628e+04     2.409311900592680e+04     2.409614439031805e+04
   35400           -1.22640902e+05            7.14291108e+00            9.92882539e-01            1.00716848e+00     2.418520773073139e+04     2.418572688878929e+04     2.418624688679656e+04     2.418676632879021e+04     2.418728586247104e+04     2.418936399421069e+04
   35600           -1.22708322e+05            1.40435450e+01            9.86054606e-01            1.01414262e+00     2.408636169371181e+04     2.408775398532061e+04     2.408914717845273e+04     2.409053975271725e+04     2.409193243946762e+04     2.409750318522342e+04
   35800           -1.22783676e+05            7.57428413e+00            9.92454328e-01            1.00760304e+00     2.412829919198262e+04     2.412888098143735e+04     2.412946358445730e+04     2.413004560992574e+04     2.413062775052960e+04     2.413295630907657e+04
   36000           -1.22854913e+05            5.43649282e+00            9.94578258e-01            1.00545130e+00     2.416560140956164e+04     2.416591040116502e+04     2.416622035699773e+04     2.416652967226383e+04     2.416683909379083e+04     2.416807677802002e+04
   36200           -1.22309431e+05            8.55671415e+00            9.91479790e-01            1.00859343e+00     2.423568258559863e+04     2.423639024135972e+04     2.423709875379737e+04     2.423780665555399e+04     2.423851468046758e+04     2.424134677533652e+04
   36400           -1.22285281e+05            5.81352815e+00            9.94203338e-01            1.00583046e+00     2.411160915358135e+04     2.411197319208633e+04     2.411233813287931e+04     2.411270246305871e+04     2.411306690035143e+04     2.411452464712151e+04
   36600           -1.22448245e+05            1.23378287e+01            9.87737970e-01            1.01241425e+00     2.412738028186176e+04     2.412856948583991e+04     2.412975963728736e+04     2.413094914663810e+04     2.413213876962016e+04     2.413689725737856e+04
   36800           -1.22576720e+05            6.02786251e+00            9.93990269e-01            1.00604607e+00     2.426059901304906e+04     2.426099172700528e+04     2.426138524408418e+04     2.426177819510113e+04     2.426217125740310e+04     2.426374350175714e+04
   37000           -1.22327073e+05            9.28387130e+00            9.90759091e-01            1.00932710e+00     2.414971165156958e+04     2.415051437404667e+04     2.415131795471770e+04     2.415212094135877e+04     2.415292403932521e+04     2.415613642708083e+04
   37200           -1.22486949e+05            4.31033000e+00            9.95698946e-01            1.00431963e+00     2.426284952641391e+04     2.426302329119893e+04     2.426319793115299e+04     2.426337197005877e+04     2.426354611919144e+04     2.426424271196898e+04
   37400           -1.22662458e+05            8.17785901e+00            9.91855489e-01            1.00821139e+00     2.420768580611224e+04     2.420834536093822e+04     2.420900579079883e+04     2.420966561067221e+04     2.421032554675319e+04     2.421296528739413e+04
   37600           -1.22495788e+05            3.20310853e+00            9.96802016e-01            1.00320824e+00     2.421260378396225e+04     2.421263607307007e+04     2.421266918957590e+04     2.421270172337890e+04     2.421273437159495e+04     2.421286495922765e+04
   37800           -1.22626995e+05            6.23323058e+00            9.93786156e-01            1.00625270e+00     2.431750729381674e+04     2.431792069201061e+04     2.431833489316886e+04     2.431874853723762e+04     2.431916228644212e+04     2.432081727906749e+04
   38000           -1.22693781e+05            8.39070771e+00            9.91644396e-01            1.00842601e+00     2.425498067824652e+04     2.425566042061623e+04     2.425634104484286e+04     2.425702106277120e+04     2.425770119207418e+04     2.426042170590183e+04
   38200           -1.22351741e+05            5.92938582e+00            9.94088158e-01            1.00594700e+00     2.415609851516736e+04     2.415648020540824e+04     2.415686278607873e+04     2.415724474952861e+04     2.415762682902255e+04     2.415915514287774e+04
   38400           -1.22390971e+05            4.12993495e+00            9.95878582e-01            1.00413847e+00     2.417138287948317e+04     2.417153761137935e+04     2.417169322193040e+04     2.417184821551683e+04     2.417200332912180e+04     2.417262377876042e+04
   38600           -1.22505045e+05            7.41496129e+00            9.92612462e-01            1.00744252e+00     2.420054501896539e+04     2.420111227324496e+04     2.420168032219701e+04     2.420224782683635e+04     2.420281543101100e+04     2.420508584305660e+04
   38800           -1.22239726e+05            4.73278103e+00            9.95278401e-01            1.00474400e+00     2.412486876709219e+04     2.412508724908819e+04     2.412530664995299e+04     2.412552543789247e+04     2.412574432867050e+04     2.412661989024880e+04
   39000           -1.22236194e+05            1.19410969e+01            9.88129915e-01            1.01201268e+00     2.425535767580544e+04     2.425648904144356e+04     2.425762131065707e+04     2.425875295837370e+04     2.425988472030112e+04     2.426441176479680e+04
   39200           -1.22080389e+05            6.24071376e+00            9.93778719e-01            1.00626023e+00     2.419923070000768e+04     2.419964528368693e+04     2.420006078514174e+04     2.420047565624696e+04     2.420089064308485e+04     2.420255058616203e+04
   39400           -1.22048780e+05            9.85354822e+00            9.90194839e-01            1.00990225e+00     2.419376301308434e+04     2.419463000391546e+04     2.419549783537101e+04     2.419636509359357e+04     2.419723245518712e+04     2.420070189728990e+04
   39600           -1.22152909e+05            7.46119797e+00            9.92566568e-01            1.00748910e+00     2.413441125084055e+04     2.413497260156416e+04     2.413553486836375e+04     2.413609650127788e+04     2.413665825340304e+04     2.413890525596554e+04
   39800           -1.21957717e+05            5.61941440e+00            9.94396345e-01            1.00563523e+00     2.420536898725427e+04     2.420570377166148e+04     2.420603941902988e+04     2.420637445826747e+04     2.420670961691172e+04     2.420805024656918e+04
   40000           -1.22469691e+05            3.67329042e+00            9.96333448e-01            1.00368005e+00     2.411108684668618e+04     2.411117942956125e+04     2.411127295317293e+04     2.411136581871719e+04     2.411145881089068e+04     2.411183077509518e+04
   40200           -1.22269930e+05            4.84133911e+00            9.95170361e-01            1.00485308e+00     2.391425871712583e+04     2.391450936763178e+04     2.391476092544687e+04     2.391501187417147e+04     2.391526292782048e+04     2.391626713851513e+04
   40400           -1.22316066e+05            5.40480005e+00            9.94609780e-01            1.00541943e+00     2.417518807494921e+04     2.417549133236473e+04     2.417579541847760e+04     2.417609893343643e+04     2.417640255439780e+04     2.417761703384639e+04
   40600           -1.22276267e+05            1.04565942e+01            9.89597886e-01            1.01051146e+00     2.411399463754798e+04     2.411493941524030e+04     2.411588500579889e+04     2.411683004086726e+04     2.411777517751739e+04     2.412155571748679e+04
   40800           -1.22237118e+05            5.63176737e+00            9.94384061e-01            1.00564766e+00     2.428190656803697e+04     2.428224911445686e+04     2.428259250421933e+04     2.428293530987765e+04     2.428327822525432e+04     2.428464988247166e+04
   41000           -1.22285889e+05            5.54069056e+00            9.94474631e-01            1.00555607e+00     2.412817950457559e+04     2.412850538098090e+04     2.412883212530282e+04     2.412915829881132e+04     2.412948456506586e+04     2.413078962555614e+04
   41200           -1.22768154e+05            4.68014879e+00            9.95330786e-01            1.00469112e+00     2.406216868292366e+04     2.406239809388415e+04     2.406262826684833e+04     2.406285791884808e+04     2.406308766520883e+04     2.406400664749399e+04
   41400           -1.22622481e+05            6.24793862e+00            9.93771539e-01            1.00626750e+00     2.412207839156554e+04     2.412249937723985e+04     2.412292122287940e+04     2.412334247185666e+04     2.412376383278514e+04     2.412544927400474e+04
   41600           -1.22676732e+05            9.83036190e+00            9.90217798e-01            1.00987884e+00     2.419060909867799e+04     2.419146756036930e+04     2.419232686718644e+04     2.419318558775027e+04     2.419404441919738e+04     2.419747973971677e+04
   41800           -1.22657069e+05            3.96023968e+00            9.96047592e-01            1.00396809e+00     2.422471883112212e+04     2.422483848118942e+04     2.422495895411152e+04     2.422507885252854e+04     2.422519886080654e+04     2.422567889049097e+04
   42000           -1.22449368e+05            7.38883437e+00            9.92638396e-01            1.00741620e+00     2.422412087852441e+04     2.422467403957700e+04     2.422522809665683e+04     2.422578153052935e+04     2.422633508250845e+04     2.422854928649250e+04
   42200           -1.22593782e+05            8.47794663e+00            9.91557890e-01            1.00851399e+00     2.434223228952216e+04     2.434292160796796e+04     2.434361172518140e+04     2.434430128482455e+04     2.434499094999454e+04     2.434774961046692e+04
   42400           -1.22695225e+05            1.27720096e+01            9.87309206e-01            1.01285392e+00     2.405199581352254e+04     2.405323573639802e+04     2.405447656301318e+04     2.405571678519467e+04     2.405695711048728e+04     2.406191840745202e+04
   42600           -1.22447686e+05            1.51602926e+01            9.84954046e-01            1.01527579e+00     2.428811617970993e+04     2.428963660474362e+04     2.429115784141593e+04     2.429267849692366e+04     2.429419927074557e+04     2.430028236178121e+04
   42800           -1.22702975e+05            1.42606589e+01            9.85840543e-01            1.01436283e+00     2.401383836530657e+04     2.401525928217239e+04     2.401668110451630e+04     2.401810230825027e+04     2.401952362307064e+04     2.402520888083470e+04
   43000           -1.22446884e+05            1.56733102e+01            9.84448877e-01            1.01579678e+00     2.437906533243948e+04     2.438065815967191e+04     2.438225181566741e+04     2.438384489453143e+04     2.438543808337758e+04     2.439181083431569e+04
   43200           -1.22441828e+05            5.38260688e+00            9.94631853e-01            1.00539712e+00     2.406275909458084e+04     2.406305735287281e+04     2.406335646629705e+04     2.406365499960467e+04     2.406395363588918e+04     2.406514817719751e+04
   43400           -1.22285634e+05            1.61451255e+01            9.83984508e-01            1.01627616e+00     2.412190356896180e+04     2.412355117750999e+04     2.412519962348951e+04     2.412684748655219e+04     2.412849546104179e+04     2.413508735312178e+04
   43600           -1.22472479e+05            6.02178903e+00            9.93996306e-01            1.00603996e+00     2.417910967455931e+04     2.417949504783772e+04     2.417988134382622e+04     2.418026700148620e+04     2.418065277859000e+04     2.418219588262070e+04
   43800           -1.22152428e+05            2.04545094e+01            9.79753265e-01            1.02066514e+00     2.437773268063076e+04     2.437991980942545e+04     2.438210777108137e+04     2.438429515004820e+04     2.438648264160539e+04     2.439523260258003e+04
   44000           -1.22284783e+05            7.31792225e+00            9.92708789e-01            1.00734476e+00     2.420578873336293e+04     2.420633529898214e+04     2.420688270475384e+04     2.420742951263564e+04     2.420797644063801e+04     2.421016414791310e+04
   44200           -1.22529497e+05            6.64779185e+00            9.93374256e-01            1.00666994e+00     2.418342805128537e+04     2.418388603331829e+04     2.418434478772875e+04     2.418480299896137e+04     2.418526131575146e+04     2.418709458021756e+04
   44400           -1.22717118e+05            4.49042463e+00            9.95519642e-01            1.00450052e+00     2.436296438461709e+04     2.436315894150983e+04     2.436335440397626e+04     2.436354926167601e+04     2.436374422147421e+04     2.436452405833132e+04
   44600           -1.22390542e+05            4.98901487e+00            9.95023410e-01            1.00500148e+00     2.417564524336455e+04     2.417591702245070e+04     2.417618974914057e+04     2.417646182976886e+04     2.417673402684148e+04     2.417782281031842e+04
   44800           -1.22647782e+05            1.89925078e+01            9.81186713e-01            1.01917401e+00     2.405256745875141e+04     2.405457336259897e+04     2.405658011337351e+04     2.405858627438653e+04     2.406059254793762e+04     2.406861763712382e+04
   45000           -1.22403958e+05            7.46579383e+00            9.92562006e-01            1.00749373e+00     2.410982755085995e+04     2.411040108186280e+04     2.411097550697225e+04     2.411154934580076e+04     2.411212327852401e+04     2.411441900618807e+04
   45200           -1.22787639e+05            1.08573614e+01            9.89201367e-01            1.01091652e+00     2.400629666302337e+04     2.400729557094900e+04     2.400829537953770e+04     2.400929458630635e+04     2.401029389544534e+04     2.401429112786732e+04
   45400           -1.22749287e+05            7.36190819e+00            9.92665124e-01            1.00738907e+00     2.417331800926757e+04     2.417388023343823e+04     2.417444331922295e+04     2.417500582679236e+04     2.417556843409162e+04     2.417781885891567e+04
   45600           -1.22322112e+05            5.20359727e+00            9.94809918e-01            1.00521716e+00     2.405982050812522e+04     2.406009977620053e+04     2.406037983617340e+04     2.406065934408595e+04     2.406093895770064e+04     2.406205740727607e+04
   45800           -1.22589394e+05            5.04900913e+00            9.94963716e-01            1.00506178e+00     2.422718321041332e+04     2.422744905537442e+04     2.422771575994829e+04     2.422798187420428e+04     2.422824809689274e+04     2.422931298337216e+04
   46000           -1.22441452e+05            7.64217657e+00            9.92386951e-01            1.00767145e+00     2.409549052507718e+04     2.409608848121269e+04     2.409668728211857e+04     2.409728550038690e+04     2.409788382728631e+04     2.410027712949545e+04
   46200           -1.22385937e+05            6.10271041e+00            9.93915873e-01            1.00612137e+00     2.413377966485934e+04     2.413416694875600e+04     2.413455511099986e+04     2.413494267429715e+04     2.413533034511142e+04     2.413688102536349e+04
   46400           -1.22546449e+05            3.89391493e+00            9.96113657e-01            1.00390151e+00     2.420122509263395e+04     2.420133754571163e+04     2.420145078023538e+04     2.420156347934356e+04     2.420167627674072e+04     2.420212746084749e+04
   46600           -1.22957651e+05            6.22096455e+00            9.93798346e-01            1.00624035e+00     2.422284640298258e+04     2.422326263872177e+04     2.422367969554147e+04     2.422409618397682e+04     2.422451277868801e+04     2.422617915439344e+04
   46800           -1.23040485e+05            7.49031592e+00            9.92537667e-01            1.00751844e+00     2.419331639504138e+04     2.419390016971179e+04     2.419448468034824e+04     2.419506863642640e+04     2.419565271767465e+04     2.419798904030793e+04
   47000           -1.22964456e+05            1.11345061e+01            9.88927253e-01            1.01119673e+00     2.407489391492517e+04     2.407591693102000e+04     2.407694076044111e+04     2.407796400794454e+04     2.407898737327004e+04     2.408308083161492e+04
   47200           -1.22620746e+05            7.68166041e+00            9.92347768e-01            1.00771124e+00     2.411978828271938e+04     2.412039367227460e+04     2.412099987287702e+04     2.412160551228591e+04     2.412221125681243e+04     2.412463423090549e+04
   47400           -1.22780582e+05            5.90186236e+00            9.94115519e-01            1.00591931e+00     2.417132091431125e+04     2.417168922011122e+04     2.417205834959039e+04     2.417242691911152e+04     2.417279558863581e+04     2.417427026296037e+04
   47600           -1.22648677e+05            5.38638332e+00            9.94628097e-01            1.00540092e+00     2.413214270418621e+04     2.413244908511254e+04     2.413275632423878e+04     2.413306298705079e+04     2.413336974933607e+04     2.413459679448593e+04
   47800           -1.22688798e+05            4.56915574e+00            9.95441267e-01            1.00457961e+00     2.416763713327207e+04     2.416784280209171e+04     2.416804929889780e+04     2.416825521923897e+04     2.416846124886239e+04     2.416928536445271e+04
   48000           -1.22849820e+05            5.24142348e+00            9.94772289e-01            1.00525518e+00     2.416389983610402e+04     2.416419249809413e+04     2.416448600639592e+04     2.416477890325501e+04     2.416507192704660e+04     2.416624401798918e+04
   48200           -1.22842201e+05            7.02654554e+00            9.92998083e-01            1.00705129e+00     2.414299206923580e+04     2.414350723311081e+04     2.414402327840367e+04     2.414453872682379e+04     2.414505428038152e+04     2.414711649152725e+04
   48400           -1.22576845e+05            4.76850303e+00            9.95242848e-01            1.00477989e+00     2.401353339528317e+04     2.401376709426293e+04     2.401400163237064e+04     2.401423559544382e+04     2.401446966342704e+04     2.401540593157091e+04
   48600           -1.22838589e+05            6.44962745e+00            9.93571127e-01            1.00647047e+00     2.416670128191238e+04     2.416713497768124e+04     2.416756948327263e+04     2.416800341889203e+04     2.416843746600863e+04     2.417017365010487e+04
   48800           -1.22691609e+05            6.92964137e+00            9.93094313e-01            1.00695371e+00     2.411271391180425e+04     2.411321665277780e+04     2.411372021154019e+04     2.411422321358544e+04     2.411472631485125e+04     2.411673871789824e+04
   49000           -1.22851193e+05            5.29174537e+00            9.94722231e-01            1.00530577e+00     2.401252740535828e+04     2.401282272888838e+04     2.401311889516667e+04     2.401341447890002e+04     2.401371017142872e+04     2.401489293749916e+04
   49200           -1.22685178e+05            6.12179454e+00            9.93896905e-01            1.00614057e+00     2.413714406120972e+04     2.413754196537542e+04     2.413794067894547e+04     2.413833884704740e+04     2.413873711041211e+04     2.414033015961450e+04
   49400           -1.22262249e+05            1.13217134e+01            9.88742136e-01            1.01138605e+00     2.414322974579402e+04     2.414428875275329e+04     2.414534861389796e+04     2.414640787896359e+04     2.414746725825196e+04     2.415170477070991e+04
   49600           -1.22392868e+05            1.25474304e+01            9.87530960e-01            1.01262648e+00     2.422532197677618e+04     2.422652645686253e+04     2.422773181490479e+04     2.422893657011284e+04     2.423014143609383e+04     2.423496089541148e+04
   49800           -1.22638133e+05            3.62820362e+00            9.96378370e-01            1.00363479e+00     2.400942902625983e+04     2.400952659160513e+04     2.400962499402033e+04     2.400972282390130e+04     2.400982075770923e+04     2.401021248915864e+04
   50000           -1.22572009e+05            7.26712691e+00            9.92759215e-01            1.00729360e+00     2.406772918058444e+04     2.406827285622710e+04     2.406881747396247e+04     2.406936144065956e+04     2.406990552899013e+04     2.407208187739582e+04
