#This file was generated on Sun Sep  3 12:00:27 2023
#Using the somd command, of the molecular library Sire version <2023.1.3> 
#For more information visit: https://github.com/openbiosim/sire
#
#General information on simulation parameters:
#Simulation used 25000 moves, 2 cycles and 200 ps of simulation time
#Generating lambda is		 0.25000
#Alchemical array is		 (0.0, 0.125, 0.25, 0.375, 0.5, 1.0)
#Generating temperature is 	25°C
#Energy was saved every 200 steps 
#
#
#   [step]      [potential kcal/mol]       [gradient kcal/mol]      [forward Metropolis]     [backward Metropolis]                   [u_kl]
     200           -1.27639989e+05            2.24626650e+00            9.98219823e-01            1.00271445e+00     1.010510411324526e+04     1.010531600015119e+04     1.010552821470674e+04     1.010574017376264e+04     1.010595219613874e+04     1.010680027903222e+04
     400           -1.23689961e+05            1.00938789e+00            9.99459660e-01            1.00147938e+00     1.007561102094693e+04     1.007566547625198e+04     1.007572027027346e+04     1.007577481059345e+04     1.007582940943957e+04     1.007604779793222e+04
     600           -1.21181554e+05            1.66380323e+00            9.98786843e-01            1.00211595e+00     1.004776952136239e+04     1.004790713282174e+04     1.004804512708111e+04     1.004818283961820e+04     1.004832061452672e+04     1.004887170769106e+04
     800           -1.19866667e+05            1.50556824e+00            9.98950206e-01            1.00196272e+00     1.007125067590173e+04     1.007137143659652e+04     1.007149256362550e+04     1.007161341639295e+04     1.007173433179773e+04     1.007221798769373e+04
    1000           -1.18805793e+05            2.26531397e+00            9.98204431e-01            1.00273718e+00     9.995605505859909e+03     9.995817357500437e+03     9.996029515090047e+03     9.996241443672616e+03     9.996453425104111e+03     9.997301344348314e+03
    1200           -1.17972574e+05            1.96341411e+00            9.98493141e-01            1.00242176e+00     1.004573432056944e+04     1.004591129127999e+04     1.004608856457926e+04     1.004626559170839e+04     1.004644268449730e+04     1.004715104842516e+04
    1400           -1.17467787e+05            1.93622366e+00            9.98505288e-01            1.00237944e+00     1.011580939892295e+04     1.011597994995078e+04     1.011615078645184e+04     1.011632140571910e+04     1.011649207680776e+04     1.011717475469258e+04
    1600           -1.17388423e+05            2.91145976e+00            9.97535397e-01            1.00336091e+00     9.980002951750170e+03     9.980299295404326e+03     9.980595959327227e+03     9.980892369813235e+03     9.981188844963141e+03     9.982374738176111e+03
    1800           -1.17163958e+05            4.39501918e+00            9.96067107e-01            1.00486117e+00     1.009313974968055e+04     1.009361842506378e+04     1.009409744004460e+04     1.009457618846736e+04     1.009505500324625e+04     1.009697025681196e+04
    2000           -1.17161994e+05            1.07436647e+00            9.99406414e-01            1.00155618e+00     1.009044935867170e+04     1.009051129238525e+04     1.009057355948046e+04     1.009063555536759e+04     1.009069762323386e+04     1.009094588779602e+04
    2200           -1.17081644e+05            2.77565932e+00            9.97690129e-01            1.00324403e+00     1.016747727124809e+04     1.016775408681833e+04     1.016803129398679e+04     1.016830820435385e+04     1.016858518450909e+04     1.016969309777009e+04
    2400           -1.17200443e+05            4.31656745e+00            9.96137743e-01            1.00477476e+00     9.980844456509083e+03     9.981317755828175e+03     9.981791375030687e+03     9.982264731573910e+03     9.982738158635639e+03     9.984631860762192e+03
    2600           -1.17058468e+05            1.91678446e+00            9.98527550e-01            1.00236282e+00     1.010197669260700e+04     1.010214762127829e+04     1.010231887410441e+04     1.010248987383504e+04     1.010266093665962e+04     1.010334518071223e+04
    2800           -1.17378332e+05            2.02624632e+00            9.98401978e-01            1.00245620e+00     9.987216897655744e+03     9.987402512296760e+03     9.987588408226216e+03     9.987774083056658e+03     9.987959813606623e+03     9.988702729557504e+03
    3000           -1.17186745e+05            2.83147739e+00            9.97658902e-01            1.00332463e+00     1.010761096933789e+04     1.010789067292951e+04     1.010817071934170e+04     1.010845050730196e+04     1.010873035566042e+04     1.010984974198294e+04
    3200           -1.17346452e+05            3.74166403e+00            9.96737213e-01            1.00422410e+00     1.010593547226180e+04     1.010633198804215e+04     1.010672878783210e+04     1.010712535608941e+04     1.010752198614487e+04     1.010910850002794e+04
    3400           -1.17050875e+05            2.24283299e+00            9.98229490e-01            1.00271727e+00     1.014173208566341e+04     1.014194217455226e+04     1.014215257795093e+04     1.014236272509368e+04     1.014257294090150e+04     1.014341379613958e+04
    3600           -1.17278779e+05            1.79734570e+00            9.98637980e-01            1.00223424e+00     1.007696552774651e+04     1.007712371560685e+04     1.007728217802891e+04     1.007744041576761e+04     1.007759871378987e+04     1.007823189983323e+04
    3800           -1.16988075e+05            1.89182359e+00            9.98594699e-01            1.00238019e+00     1.011878179554631e+04     1.011894734654664e+04     1.011911319203794e+04     1.011927880989640e+04     1.011944448349484e+04     1.012010717144337e+04
    4000           -1.17070485e+05            2.01178600e+00            9.98493937e-01            1.00251954e+00     1.011895086543632e+04     1.011912664931966e+04     1.011930279392762e+04     1.011947867629112e+04     1.011965461526939e+04     1.012035836510246e+04
    4200           -1.16922363e+05            3.04075910e+00            9.97412333e-01            1.00349660e+00     1.003866396893157e+04     1.003897632394628e+04     1.003928898281619e+04     1.003960140168089e+04     1.003991388142665e+04     1.004116379392172e+04
    4400           -1.17139068e+05            2.24689308e+00            9.98200472e-01            1.00269627e+00     1.014673569177429e+04     1.014694943008615e+04     1.014716355168639e+04     1.014737738212170e+04     1.014759128155662e+04     1.014844687133894e+04
    4600           -1.17094060e+05            5.10654614e+00            9.95354524e-01            1.00557226e+00     1.013239971142329e+04     1.013296972478083e+04     1.013353998014182e+04     1.013411003133041e+04     1.013468013994252e+04     1.013696056846174e+04
    4800           -1.17203821e+05            2.52775992e+00            9.97961469e-01            1.00301946e+00     1.009521904327480e+04     1.009546335799957e+04     1.009570805672662e+04     1.009595247702566e+04     1.009619695725803e+04     1.009717487124126e+04
    5000           -1.16834239e+05            5.38426837e+00            9.95082563e-01            1.00585605e+00     1.008721688489867e+04     1.008781673245968e+04     1.008841696237714e+04     1.008901691213319e+04     1.008961692345833e+04     1.009201696201799e+04
    5200           -1.16999811e+05            6.19870004e+00            9.94303644e-01            1.00670715e+00     1.002477969957142e+04     1.002548152217049e+04     1.002618373760440e+04     1.002688568004625e+04     1.002758767594339e+04     1.003039565231536e+04
    5400           -1.17033290e+05            2.74855543e+00            9.97670231e-01            1.00316964e+00     1.011484623055810e+04     1.011512108197592e+04     1.011539626125842e+04     1.011567117124846e+04     1.011594615393561e+04     1.011704607731312e+04
    5600           -1.17133522e+05            3.90825680e+00            9.96500415e-01            1.00432010e+00     1.002131588052809e+04     1.002173796400951e+04     1.002216033321208e+04     1.002258247390943e+04     1.002300467411072e+04     1.002469346769336e+04
    5800           -1.17057215e+05            2.43639550e+00            9.98023141e-01            1.00289817e+00     1.007246490191127e+04     1.007270270372662e+04     1.007294088759973e+04     1.007317878260788e+04     1.007341674526553e+04     1.007436858861979e+04
    6000           -1.17052759e+05            3.76981765e+00            9.96669360e-01            1.00421228e+00     1.005928149174574e+04     1.005968599291130e+04     1.006009083043059e+04     1.006049542169087e+04     1.006090006728275e+04     1.006251864281977e+04
    6200           -1.17006027e+05            1.69609218e+00            9.98799381e-01            1.00219325e+00     1.008567397190833e+04     1.008581325823239e+04     1.008595284356376e+04     1.008609218410348e+04     1.008623159008793e+04     1.008678920826752e+04
    6400           -1.17198230e+05            3.27735975e+00            9.97184801e-01            1.00374254e+00     1.007563348811440e+04     1.007596953173047e+04     1.007630595172601e+04     1.007664210610607e+04     1.007697831440104e+04     1.007832314068767e+04
    6600           -1.16676257e+05            3.89017207e+00            9.96561344e-01            1.00434518e+00     1.006933508343275e+04     1.006975043444077e+04     1.007016608161247e+04     1.007058149483215e+04     1.007099696755281e+04     1.007265885167286e+04
    6800           -1.16896445e+05            9.25065054e+00            9.91211919e-01            1.00972133e+00     1.001488609466756e+04     1.001597587732396e+04     1.001706595915792e+04     1.001815579867533e+04     1.001924570216116e+04     1.002360530965475e+04
    7000           -1.16989747e+05            2.75875881e+00            9.97659025e-01            1.00317884e+00     1.000928308006957e+04     1.000955964421197e+04     1.000983650671350e+04     1.001011313600454e+04     1.001038982386609e+04     1.001149656766261e+04
    7200           -1.16898124e+05            1.67690633e+00            9.98783137e-01            1.00213849e+00     1.002013401687488e+04     1.002027260385580e+04     1.002041153965218e+04     1.002055020912004e+04     1.002068894192211e+04     1.002124386696933e+04
    7400           -1.16834209e+05            5.58411544e+00            9.94868063e-01            1.00604126e+00     1.015080471075761e+04     1.015143261900640e+04     1.015206085186105e+04     1.015268884166119e+04     1.015331688671106e+04     1.015582906266451e+04
    7600           -1.17119949e+05            4.67435945e+00            9.95791368e-01            1.00514439e+00     1.012056634621290e+04     1.012108068131822e+04     1.012159534957221e+04     1.012210976493047e+04     1.012262424005890e+04     1.012468213390489e+04
    7800           -1.17199088e+05            2.48219508e+00            9.97985768e-01            1.00295248e+00     1.003846009369904e+04     1.003869895679539e+04     1.003893813049158e+04     1.003917706420651e+04     1.003941605656215e+04     1.004037201942526e+04
    8000           -1.17211421e+05            3.69173143e+00            9.96751764e-01            1.00413848e+00     9.957585286355381e+03     9.957978545262536e+03     9.958372112896683e+03     9.958765446646721e+03     9.959158835813105e+03     9.960732385270829e+03
    8200           -1.17318884e+05            6.58859735e+00            9.93885879e-01            1.00706918e+00     1.003589208447129e+04     1.003664636274818e+04     1.003740107422617e+04     1.003815547624564e+04     1.003890994249393e+04     1.004192780051656e+04
    8400           -1.17102470e+05            6.15142450e+00            9.94335320e-01            1.00664404e+00     1.012844402096166e+04     1.012914129110634e+04     1.012983893961984e+04     1.013053631771906e+04     1.013123375176174e+04     1.013402348256182e+04
    8600           -1.17242092e+05            9.97417724e+00            9.90562320e-01            1.01052082e+00     1.009111307380123e+04     1.009228525000288e+04     1.009345777534856e+04     1.009463003729680e+04     1.009580236107212e+04     1.010049164834301e+04
    8800           -1.17055163e+05            7.21716520e+00            9.93263558e-01            1.00770463e+00     1.008147330310402e+04     1.008230455187631e+04     1.008313610579717e+04     1.008396742900989e+04     1.008479880666958e+04     1.008812431023515e+04
    9000           -1.17095689e+05            7.63102220e+00            9.92838504e-01            1.00810747e+00     1.019906544146710e+04     1.019994920487422e+04     1.020083335204766e+04     1.020171721266136e+04     1.020260113846476e+04     1.020613683546243e+04
    9200           -1.16940063e+05            7.95871101e+00            9.92485424e-01            1.00840963e+00     1.010777447443821e+04     1.010870447219842e+04     1.010963482013617e+04     1.011056489457640e+04     1.011149503710652e+04     1.011521559977484e+04
    9400           -1.17011158e+05            5.54877859e+00            9.94847138e-01            1.00594900e+00     1.007464692721958e+04     1.007527470803003e+04     1.007590274402258e+04     1.007653056983812e+04     1.007715845281580e+04     1.007966997841203e+04
    9600           -1.17195329e+05            7.25234021e+00            9.93214473e-01            1.00772572e+00     1.012241570566700e+04     1.012325186820674e+04     1.012408832721184e+04     1.012492455280259e+04     1.012576083784354e+04     1.012910597002008e+04
    9800           -1.17014798e+05            5.58391769e+00            9.94834355e-01            1.00600677e+00     1.009437295595609e+04     1.009500521041202e+04     1.009563779570767e+04     1.009627012895459e+04     1.009690252227598e+04     1.009943208859586e+04
   10000           -1.17193826e+05            3.86870366e+00            9.96564323e-01            1.00430505e+00     1.010110313718239e+04     1.010151820597926e+04     1.010193358801946e+04     1.010234873007429e+04     1.010276393007013e+04     1.010442472295787e+04
   10200           -1.17201159e+05            4.11314655e+00            9.96303565e-01            1.00453325e+00     1.001487719214741e+04     1.001532562322245e+04     1.001577434006045e+04     1.001622283068014e+04     1.001667137936630e+04     1.001846556658519e+04
   10400           -1.17099413e+05            4.41953118e+00            9.96053231e-01            1.00489643e+00     1.016759976647771e+04     1.016808374726553e+04     1.016856807957504e+04     1.016905213999329e+04     1.016953626638216e+04     1.017147276628662e+04
   10600           -1.16929744e+05            8.55816758e+00            9.91907314e-01            1.00903126e+00     1.016275049533796e+04     1.016375482877450e+04     1.016475945991302e+04     1.016576385762050e+04     1.016676831361077e+04     1.017078613188357e+04
   10800           -1.16997854e+05            1.20202003e+01            9.88480608e-01            1.01253202e+00     1.015031679088653e+04     1.015175066206018e+04     1.015318481140981e+04     1.015461872336940e+04     1.015605270354004e+04     1.016178861619354e+04
   11000           -1.16904190e+05            6.60345360e+00            9.93828693e-01            1.00704115e+00     1.002417872986417e+04     1.002493725419226e+04     1.002569610627151e+04     1.002645471325875e+04     1.002721337675996e+04     1.003024802365576e+04
   11200           -1.16928089e+05            9.01323909e+00            9.91442812e-01            1.00947709e+00     1.008928188049450e+04     1.009034030292321e+04     1.009139901360903e+04     1.009245750077267e+04     1.009351604330179e+04     1.009775020610908e+04
   11400           -1.16884744e+05            6.10099945e+00            9.94390927e-01            1.00659881e+00     1.016877230260584e+04     1.016946420953748e+04     1.017015640145546e+04     1.017084837873860e+04     1.017154040639390e+04     1.017430851018195e+04
   11600           -1.17273682e+05            6.91837184e+00            9.93552833e-01            1.00739592e+00     1.006917345258648e+04     1.006996968331091e+04     1.007076629061494e+04     1.007156261477113e+04     1.007235900481448e+04     1.007554455704249e+04
   11800           -1.17378387e+05            7.31429693e+00            9.93134911e-01            1.00776986e+00     1.009921944873252e+04     1.010006734242297e+04     1.010091556437835e+04     1.010176352715504e+04     1.010261155598019e+04     1.010600366322786e+04
   12000           -1.17113389e+05            1.13540671e+01            9.89117954e-01            1.01183594e+00     1.001194591142390e+04     1.001329903854926e+04     1.001465244849240e+04     1.001600563194916e+04     1.001735887486282e+04     1.002277183830175e+04
   12200           -1.17226284e+05            9.72243098e+00            9.90771060e-01            1.01022499e+00     9.990329275477572e+03     9.991475963158753e+03     9.992622994747770e+03     9.993769759965497e+03     9.994916589962029e+03     9.999503904446487e+03
   12400           -1.17141219e+05            7.38324287e+00            9.93091179e-01            1.00786445e+00     1.009017998134271e+04     1.009103373609516e+04     1.009188781483816e+04     1.009274164833978e+04     1.009359553920070e+04     1.009701109705869e+04
   12600           -1.17257773e+05            4.27389308e+00            9.96199247e-01            1.00475104e+00     1.005087755804026e+04     1.005133967573577e+04     1.005180206809456e+04     1.005226424163187e+04     1.005272647182373e+04     1.005457538560719e+04
   12800           -1.17298617e+05            5.51172213e+00            9.94997175e-01            1.00602615e+00     1.009955552147608e+04     1.010017614281172e+04     1.010079713665866e+04     1.010141784168266e+04     1.010203861711576e+04     1.010452171275545e+04
   13000           -1.17051436e+05            4.73363201e+00            9.95749805e-01            1.00522160e+00     1.017154482683059e+04     1.017206543026461e+04     1.017258636217563e+04     1.017310704485019e+04     1.017362778623714e+04     1.017571074564369e+04
   13200           -1.16978683e+05            4.36669938e+00            9.96122320e-01            1.00485995e+00     1.011486765362502e+04     1.011534390401298e+04     1.011582045848314e+04     1.011629676425672e+04     1.011677313629832e+04     1.011867861897161e+04
   13400           -1.17052958e+05            6.10977255e+00            9.94355708e-01            1.00658082e+00     1.011782016952983e+04     1.011851384549434e+04     1.011920791752263e+04     1.011990169913047e+04     1.012059554472129e+04     1.012337091991276e+04
   13600           -1.17165000e+05            9.96838218e+00            9.90509434e-01            1.01045515e+00     1.010461515389028e+04     1.010579642309077e+04     1.010697797947901e+04     1.010815929397765e+04     1.010934067636405e+04     1.011406619883783e+04
   13800           -1.17127801e+05            8.10731137e+00            9.92408317e-01            1.00863101e+00     1.004048514035159e+04     1.004142455728405e+04     1.004236426662853e+04     1.004330373677750e+04     1.004424327088068e+04     1.004800140140977e+04
   14000           -1.17155913e+05            7.85963607e+00            9.92619230e-01            1.00834576e+00     1.002679993971638e+04     1.002771366710113e+04     1.002862765045356e+04     1.002954142670982e+04     1.003045525784066e+04     1.003411057596494e+04
   14200           -1.17260578e+05            6.46360104e+00            9.94016740e-01            1.00695001e+00     1.009976866754660e+04     1.010050299833273e+04     1.010123768394716e+04     1.010197212358504e+04     1.010270661076171e+04     1.010564455397682e+04
   14400           -1.17325502e+05            8.46857361e+00            9.91991261e-01            1.00893585e+00     1.002108663614564e+04     1.002207895524850e+04     1.002307160224292e+04     1.002406400234341e+04     1.002505646029456e+04     1.002902628444347e+04
   14600           -1.17246841e+05            1.11488881e+01            9.89314771e-01            1.01162207e+00     1.004851804828182e+04     1.004984731750806e+04     1.005117687973773e+04     1.005250621125777e+04     1.005383560096152e+04     1.005915315364121e+04
   14800           -1.17231137e+05            1.89848555e+01            9.81624543e-01            1.01961319e+00     1.009816157381667e+04     1.010046511048912e+04     1.010276899132928e+04     1.010507261311377e+04     1.010737629491784e+04     1.011659101601902e+04
   15000           -1.17141734e+05            7.71549364e+00            9.92764422e-01            1.00820256e+00     9.972410796531207e+03     9.973305393781877e+03     9.974200354278195e+03     9.975095054067600e+03     9.975989809081340e+03     9.979568821631474e+03
   15200           -1.17239964e+05            7.59323542e+00            9.92879422e-01            1.00807283e+00     1.006989014497639e+04     1.007077137924247e+04     1.007165294719189e+04     1.007253426362441e+04     1.007341563876905e+04     1.007694113256170e+04
   15400           -1.17144582e+05            4.23199494e+00            9.96207831e-01            1.00467551e+00     1.026937340902337e+04     1.026983473642864e+04     1.027029635011959e+04     1.027075772646381e+04     1.027121916738689e+04     1.027306492575041e+04
   15600           -1.17006741e+05            7.36750157e+00            9.93128811e-01            1.00787091e+00     1.017066823496575e+04     1.017151431203964e+04     1.017236071128798e+04     1.017320688340959e+04     1.017405310163251e+04     1.017743796829926e+04
   15800           -1.16880547e+05            3.72746338e+00            9.96706923e-01            1.00416507e+00     1.012280513201134e+04     1.012320140532927e+04     1.012359797050065e+04     1.012399431161816e+04     1.012439070690637e+04     1.012597628180139e+04
   16000           -1.17013150e+05            5.26029133e+00            9.95245529e-01            1.00577136e+00     1.014329677590309e+04     1.014388401978466e+04     1.014447162898784e+04     1.014505895542999e+04     1.014564635090760e+04     1.014799592591212e+04
   16200           -1.17018833e+05            4.35876997e+00            9.96094531e-01            1.00481598e+00     1.007121017378878e+04     1.007168574260574e+04     1.007216168155934e+04     1.007263734576043e+04     1.007311307228743e+04     1.007501597078608e+04
   16400           -1.16907019e+05            4.48696022e+00            9.95960350e-01            1.00493824e+00     1.005549778551924e+04     1.005599128674811e+04     1.005648512654705e+04     1.005697871246034e+04     1.005747235710377e+04     1.005944692868831e+04
   16600           -1.17043168e+05            7.70534234e+00            9.92750140e-01            1.00816759e+00     1.013087972204117e+04     1.013177239252945e+04     1.013266532351368e+04     1.013355803914368e+04     1.013445081370265e+04     1.013802190536412e+04
   16800           -1.16869635e+05            3.46486679e+00            9.97017405e-01            1.00395046e+00     1.012739956679230e+04     1.012776371429102e+04     1.012812823870387e+04     1.012849248280345e+04     1.012885679058598e+04     1.013031401437966e+04
   17000           -1.16763112e+05            2.25603547e+00            9.98211677e-01            1.00272586e+00     1.013546910682085e+04     1.013568247375982e+04     1.013589618788634e+04     1.013610964767385e+04     1.013632316330773e+04     1.013717721979462e+04
   17200           -1.17018887e+05            1.99872833e+00            9.98432125e-01            1.00243130e+00     1.011087504770844e+04     1.011105655877959e+04     1.011123835018334e+04     1.011141992547604e+04     1.011160155378866e+04     1.011232805986888e+04
   17400           -1.17048250e+05            3.53930468e+00            9.96906848e-01            1.00398860e+00     1.012470281282026e+04     1.012507657749549e+04     1.012545064093905e+04     1.012582445917224e+04     1.012619834293491e+04     1.012769387304955e+04
   17600           -1.16867343e+05            2.24957845e+00            9.98226972e-01            1.00272827e+00     1.014895612617134e+04     1.014916426430173e+04     1.014937277337526e+04     1.014958102687092e+04     1.014978932953553e+04     1.015062253289971e+04
   17800           -1.16986041e+05            4.51752193e+00            9.95929149e-01            1.00496819e+00     1.013409766679326e+04     1.013459481390993e+04     1.013509224763787e+04     1.013558946187870e+04     1.013608672926640e+04     1.013807579173955e+04
   18000           -1.16862601e+05            2.16135118e+00            9.98304518e-01            1.00262923e+00     1.007107766224534e+04     1.007127553222862e+04     1.007147372639958e+04     1.007167167635072e+04     1.007186968338038e+04     1.007266170451543e+04
   18200           -1.16902000e+05            4.40899931e+00            9.96022442e-01            1.00484420e+00     1.013940353918234e+04     1.013988412766622e+04     1.014036508275014e+04     1.014084577454191e+04     1.014132652177308e+04     1.014324950436381e+04
   18400           -1.17043350e+05            3.57769769e+00            9.96857460e-01            1.00401595e+00     9.991684779049932e+03     9.992062660672565e+03     9.992440868478197e+03     9.992818824319571e+03     9.993196841951261e+03     9.994708904852590e+03
   18600           -1.17161038e+05            2.21059877e+00            9.98230572e-01            1.00265372e+00     1.006422618312555e+04     1.006443304806252e+04     1.006464025553630e+04     1.006484720414875e+04     1.006505421335392e+04     1.006588224358229e+04
   18800           -1.17155773e+05            3.58313796e+00            9.96860873e-01            1.00403031e+00     1.009879091485523e+04     1.009917382007204e+04     1.009955704068878e+04     1.009994000809840e+04     1.010032304135524e+04     1.010185516785524e+04
   19000           -1.16830149e+05            2.30797738e+00            9.98180010e-01            1.00279821e+00     1.021949169087474e+04     1.021970537680962e+04     1.021991934598942e+04     1.022013308880604e+04     1.022034689063302e+04     1.022120209039129e+04
   19200           -1.16870547e+05            2.33059501e+00            9.98098807e-01            1.00276199e+00     1.011480946988190e+04     1.011503156035142e+04     1.011525390824926e+04     1.011547604702374e+04     1.011569824171330e+04     1.011658701354471e+04
   19400           -1.16948425e+05            5.45845932e+00            9.94965308e-01            1.00588677e+00     1.020983099756213e+04     1.021044532949171e+04     1.021106000435535e+04     1.021167440525056e+04     1.021228887698463e+04     1.021474675640713e+04
   19600           -1.16977473e+05            1.74598760e+00            9.98719069e-01            1.00221267e+00     1.006947510010277e+04     1.006962338740193e+04     1.006977198133720e+04     1.006992032399119e+04     1.007006873413078e+04     1.007066236815879e+04
   19800           -1.17033996e+05            4.30167671e+00            9.96164854e-01            1.00477218e+00     1.007622175583810e+04     1.007669082536339e+04     1.007716021572197e+04     1.007762936915647e+04     1.007809857617469e+04     1.007997539651129e+04
   20000           -1.16817262e+05            3.83837350e+00            9.96594043e-01            1.00427408e+00     1.012324252706120e+04     1.012365464666647e+04     1.012406711394020e+04     1.012447932763044e+04     1.012489159635795e+04     1.012654066565470e+04
   20200           -1.16957254e+05            1.91335527e+00            9.98560088e-01            1.00238861e+00     1.008319611257533e+04     1.008336416835937e+04     1.008353260581585e+04     1.008370076141220e+04     1.008386897936145e+04     1.008454184614757e+04
   20400           -1.17159180e+05            1.40669043e+00            9.99040742e-01            1.00185538e+00     1.012180254898829e+04     1.012190626238827e+04     1.012201032435580e+04     1.012211413447996e+04     1.012221799848803e+04     1.012263344798778e+04
   20600           -1.17165086e+05            3.44124319e+00            9.97001820e-01            1.00388734e+00     9.994289068911316e+03     9.994647277787255e+03     9.995005784398039e+03     9.995364045621463e+03     9.995722373475075e+03     9.997155678038835e+03
   20800           -1.17014933e+05            2.98888104e+00            9.97457516e-01            1.00343794e+00     1.016441177072330e+04     1.016471684628511e+04     1.016502219660878e+04     1.016532731842237e+04     1.016563250289493e+04     1.016685323506656e+04
   21000           -1.17163277e+05            3.31819863e+00            9.97121834e-01            1.00376114e+00     1.004325731226979e+04     1.004360544787862e+04     1.004395389990297e+04     1.004430211705606e+04     1.004465038768684e+04     1.004604346310388e+04
   21200           -1.17127519e+05            3.03505536e+00            9.97423487e-01            1.00349637e+00     1.018030897161419e+04     1.018061712719533e+04     1.018092561348775e+04     1.018123384933063e+04     1.018154214419725e+04     1.018277531678031e+04
   21400           -1.17166515e+05            3.42123333e+00            9.97031015e-01            1.00387656e+00     9.995379318694699e+03     9.995737051355150e+03     9.996095115599088e+03     9.996452932087075e+03     9.996810805604850e+03     9.998242292515002e+03
   21600           -1.16996548e+05            2.57885405e+00            9.97851596e-01            1.00301152e+00     1.001990863937267e+04     1.002015999893511e+04     1.002041167751475e+04     1.002066310607275e+04     1.002091459737177e+04     1.002192055537086e+04
   21800           -1.17169852e+05            1.49970885e+00            9.98950657e-01            1.00195143e+00     1.016401345521557e+04     1.016413068749956e+04     1.016424826805837e+04     1.016436559310778e+04     1.016448297530487e+04     1.016495249539418e+04
   22000           -1.17056516e+05            1.78133131e+00            9.98700975e-01            1.00226535e+00     1.010372039599892e+04     1.010387187199902e+04     1.010402372131692e+04     1.010417530044186e+04     1.010432693765734e+04     1.010493347931576e+04
   22200           -1.16776345e+05            3.52093262e+00            9.96969930e-01            1.00401524e+00     1.004442739104733e+04     1.004479564133768e+04     1.004516420813615e+04     1.004553252035597e+04     1.004590089850463e+04     1.004737440596193e+04
   22400           -1.17065224e+05            2.31616024e+00            9.98145441e-01            1.00277990e+00     1.016023035920297e+04     1.016045144517892e+04     1.016067288750951e+04     1.016089405378162e+04     1.016111528719599e+04     1.016200021518900e+04
   22600           -1.16959992e+05            2.34458890e+00            9.98095300e-01            1.00278654e+00     1.011390711387092e+04     1.011413022705759e+04     1.011435365463161e+04     1.011457683953644e+04     1.011480008355916e+04     1.011569305324740e+04
   22800           -1.16921648e+05            4.93395497e+00            9.95542023e-01            1.00541457e+00     1.023283579855968e+04     1.023337796460720e+04     1.023392042696179e+04     1.023446266116809e+04     1.023500495096239e+04     1.023717410336510e+04
   23000           -1.17374512e+05            5.06245754e+00            9.95396116e-01            1.00552561e+00     1.012085738523789e+04     1.012141934531348e+04     1.012198160476079e+04     1.012254363228351e+04     1.012310571679961e+04     1.012535404836133e+04
   23200           -1.17388298e+05            2.91809049e+00            9.97520783e-01            1.00335952e+00     1.019322202829588e+04     1.019351713222561e+04     1.019381253765679e+04     1.019410770228527e+04     1.019440292942562e+04     1.019558383055536e+04
   23400           -1.17456590e+05            5.44537711e+00            9.94984630e-01            1.00587998e+00     1.009923696172327e+04     1.009985166005276e+04     1.010046670055464e+04     1.010108146521785e+04     1.010169630193638e+04     1.010415564214948e+04
   23600           -1.17177557e+05            3.50206943e+00            9.96937725e-01            1.00394493e+00     1.003318498371437e+04     1.003355550736293e+04     1.003392634674895e+04     1.003429693083565e+04     1.003466758232242e+04     1.003615018093048e+04
   23800           -1.16989701e+05            4.64448402e+00            9.95829171e-01            1.00512249e+00     1.015114209918599e+04     1.015165413956948e+04     1.015216654153485e+04     1.015267866596336e+04     1.015319085688857e+04     1.015523961459115e+04
   24000           -1.16752936e+05            3.96207771e+00            9.96521394e-01            1.00444935e+00     1.012515666734213e+04     1.012557863530357e+04     1.012600091335108e+04     1.012642293852549e+04     1.012684503084749e+04     1.012853339435286e+04
   24200           -1.16833145e+05            4.89568288e+00            9.95588650e-01            1.00538470e+00     1.010141687826567e+04     1.010195889395040e+04     1.010250119894068e+04     1.010304327292558e+04     1.010358540668333e+04     1.010575393510098e+04
   24400           -1.16665869e+05            6.41378093e+00            9.94079851e-01            1.00691361e+00     1.019546027596990e+04     1.019619171288751e+04     1.019692350320562e+04     1.019765502387039e+04     1.019838660884669e+04     1.020131294172348e+04
   24600           -1.17027415e+05            6.06796891e+00            9.94398460e-01            1.00653994e+00     1.018397765166611e+04     1.018466814999183e+04     1.018535904567769e+04     1.018604964192341e+04     1.018674030737728e+04     1.018950296308845e+04
   24800           -1.16967673e+05            3.55739822e+00            9.96906193e-01            1.00402427e+00     1.019455687971819e+04     1.019493214709942e+04     1.019530775631551e+04     1.019568310001450e+04     1.019605850937066e+04     1.019756013902313e+04
   25000           -1.16876910e+05            3.97452233e+00            9.96500765e-01            1.00445356e+00     1.005451431952681e+04     1.005493875470805e+04     1.005536348027911e+04     1.005578795325221e+04     1.005621249990181e+04     1.005791068027682e+04
   25200           -1.17029322e+05            2.63079965e+00            9.97809014e-01            1.00307292e+00     1.013931123897989e+04     1.013957065969170e+04     1.013983044881966e+04     1.014008996656645e+04     1.014034954462785e+04     1.014138785027581e+04
   25400           -1.16960760e+05            6.36209668e+00            9.94061327e-01            1.00679077e+00     1.008891311484038e+04     1.008964267333599e+04     1.009037257303023e+04     1.009110221267432e+04     1.009183191435684e+04     1.009475071387329e+04
   25600           -1.17068665e+05            6.61783239e+00            9.93840735e-01            1.00708232e+00     1.012740613146843e+04     1.012816315052354e+04     1.012892051161663e+04     1.012967760670032e+04     1.013043476746993e+04     1.013346340347143e+04
   25800           -1.17177955e+05            7.85900012e+00            9.92646947e-01            1.00837264e+00     1.011876890933129e+04     1.011967654279568e+04     1.012058452288905e+04     1.012149222734464e+04     1.012240000268910e+04     1.012603109604691e+04
   26000           -1.17103365e+05            1.49306615e+01            9.85654109e-01            1.01553091e+00     1.000898201252371e+04     1.001077427918603e+04     1.001256687335758e+04     1.001435921150023e+04     1.001615161323005e+04     1.002332121393640e+04
   26200           -1.17079058e+05            8.85400359e+00            9.91617454e-01            1.00933342e+00     1.016671623457927e+04     1.016775425384419e+04     1.016879259023852e+04     1.016983067962318e+04     1.017086883010984e+04     1.017502142564040e+04
   26400           -1.16955922e+05            1.14235492e+01            9.89089298e-01            1.01194724e+00     1.019640117746292e+04     1.019776019241648e+04     1.019911960411188e+04     1.020047872085481e+04     1.020183790415998e+04     1.020727463085704e+04
   26600           -1.16817414e+05            5.68625084e+00            9.94763892e-01            1.00614142e+00     1.009119782558746e+04     1.009184050383878e+04     1.009248349884912e+04     1.009312624278822e+04     1.009376905086261e+04     1.009634027613775e+04
   26800           -1.17164584e+05            3.75552738e+00            9.96701302e-01            1.00421577e+00     1.009105274260257e+04     1.009145262518333e+04     1.009185282285637e+04     1.009225279232699e+04     1.009265281120626e+04     1.009425287980995e+04
   27000           -1.16968630e+05            4.65968835e+00            9.95789140e-01            1.00511265e+00     1.012095709398940e+04     1.012146748457793e+04     1.012197821905936e+04     1.012248869611994e+04     1.012299923236786e+04     1.012504137074632e+04
   27200           -1.17242290e+05            4.03682184e+00            9.96404209e-01            1.00448138e+00     1.011649330719616e+04     1.011693119498923e+04     1.011736936763423e+04     1.011780730464106e+04     1.011824530653739e+04     1.011999730587862e+04
   27400           -1.17143959e+05            6.94921496e+00            9.93549917e-01            1.00745511e+00     1.001353530940031e+04     1.001433104560844e+04     1.001512712461922e+04     1.001592294165696e+04     1.001671882119462e+04     1.001990233298894e+04
   27600           -1.17149493e+05            2.80975936e+00            9.97664673e-01            1.00328685e+00     1.009582343836603e+04     1.009610286020342e+04     1.009638265138890e+04     1.009666215636934e+04     1.009694173163380e+04     1.009806002490157e+04
   27800           -1.17314983e+05            4.82327823e+00            9.95650321e-01            1.00530139e+00     1.016612262119535e+04     1.016665363707464e+04     1.016718500081953e+04     1.016771610699889e+04     1.016824727117937e+04     1.017037192116340e+04
   28000           -1.17389753e+05            3.04902972e+00            9.97361153e-01            1.00346170e+00     1.012092512962196e+04     1.012124081248342e+04     1.012155676959596e+04     1.012187251267079e+04     1.012218830946974e+04     1.012345148931753e+04
   28200           -1.17482081e+05            5.66373559e+00            9.94802865e-01            1.00613553e+00     1.010560925793019e+04     1.010624846498473e+04     1.010688804130970e+04     1.010752733880153e+04     1.010816670127846e+04     1.011072414462672e+04
   28400           -1.17404120e+05            4.59086658e+00            9.95848257e-01            1.00503398e+00     1.011586209486088e+04     1.011636819833932e+04     1.011687467107624e+04     1.011738087674433e+04     1.011788713952076e+04     1.011991218418065e+04
   28600           -1.17221382e+05            4.34779062e+00            9.96107272e-01            1.00480677e+00     1.011496352805174e+04     1.011544058444407e+04     1.011591792033862e+04     1.011639502402855e+04     1.011687219123396e+04     1.011878085441619e+04
   28800           -1.17208929e+05            2.77028046e+00            9.97741278e-01            1.00328467e+00     1.017618256832629e+04     1.017645159907189e+04     1.017672099922531e+04     1.017699012136862e+04     1.017725930793228e+04     1.017833604753828e+04
   29000           -1.17051761e+05            1.00513255e+01            9.90472044e-01            1.01058464e+00     1.013384599577436e+04     1.013502888698638e+04     1.013621204936689e+04     1.013739498745421e+04     1.013857798714758e+04     1.014330997852080e+04
   29200           -1.17250396e+05            6.31713741e+00            9.94175140e-01            1.00681550e+00     1.012402999440383e+04     1.012474733385852e+04     1.012546502307854e+04     1.012618245589423e+04     1.012689994538034e+04     1.012976989635685e+04
   29400           -1.17258993e+05            9.54051247e+00            9.90983541e-01            1.01007408e+00     1.011410085698793e+04     1.011522028167618e+04     1.011634003169614e+04     1.011745953352656e+04     1.011857909454731e+04     1.012305733210668e+04
   29600           -1.17124531e+05            1.23660892e+01            9.88126721e-01            1.01286996e+00     1.022550717582972e+04     1.022698722064863e+04     1.022846760079075e+04     1.022994771392975e+04     1.023142789554264e+04     1.023734861525557e+04
   29800           -1.17141105e+05            3.75430697e+00            9.96723967e-01            1.00423615e+00     1.013642668107125e+04     1.013682347787075e+04     1.013722061056696e+04     1.013761748802581e+04     1.013801442586381e+04     1.013960217065638e+04
   30000           -1.16782977e+05            6.77770984e+00            9.93684534e-01            1.00724605e+00     1.014612364677169e+04     1.014690193631149e+04     1.014768054172020e+04     1.014845890024767e+04     1.014923732048649e+04     1.015235099420130e+04
   30200           -1.17159217e+05            1.40328539e+01            9.86520928e-01            1.01460053e+00     1.017753804464166e+04     1.017922161106922e+04     1.018090558980980e+04     1.018258927149677e+04     1.018427301638224e+04     1.019100798812281e+04
   30400           -1.17185258e+05            8.51063165e+00            9.91971254e-01            1.00900038e+00     1.007605598872703e+04     1.007705006494865e+04     1.007804447573776e+04     1.007903863685859e+04     1.008003285540779e+04     1.008400972208856e+04
   30600           -1.17567472e+05            9.00871026e+00            9.91462933e-01            1.00948844e+00     1.008500195711497e+04     1.008605846958881e+04     1.008711534150585e+04     1.008817194024778e+04     1.008922860363298e+04     1.009345525015099e+04
   30800           -1.17272004e+05            6.30369826e+00            9.94171765e-01            1.00678503e+00     1.014659529959681e+04     1.014731455596850e+04     1.014803417820245e+04     1.014875351223465e+04     1.014947291866549e+04     1.015235053773417e+04
   31000           -1.17010049e+05            9.09772733e+00            9.91379641e-01            1.00958335e+00     1.017342731423012e+04     1.017449509247530e+04     1.017556316430042e+04     1.017663098209119e+04     1.017769887389824e+04     1.018197043356636e+04
   31200           -1.17173240e+05            6.60163858e+00            9.93839280e-01            1.00704822e+00     1.013391258254117e+04     1.013466902148573e+04     1.013542576643015e+04     1.013618227727489e+04     1.013693884412543e+04     1.013996510570970e+04
   31400           -1.17461256e+05            5.94473446e+00            9.94523360e-01            1.00641829e+00     1.007707553059411e+04     1.007774699995558e+04     1.007841878155077e+04     1.007909033447309e+04     1.007976193815419e+04     1.008244834571427e+04
   31600           -1.17227906e+05            7.69711086e+00            9.92800667e-01            1.00820230e+00     1.007865827403328e+04     1.007955239035552e+04     1.008044684595874e+04     1.008134104577351e+04     1.008223530505937e+04     1.008581233608547e+04
   31800           -1.17085730e+05            7.81936002e+00            9.92689696e-01            1.00833612e+00     1.006905357447555e+04     1.006995978377235e+04     1.007086630059237e+04     1.007177257871105e+04     1.007267891550928e+04     1.007630425654301e+04
   32000           -1.16965497e+05            9.19008318e+00            9.91299690e-01            1.00968842e+00     1.014849060358557e+04     1.014956913639269e+04     1.015064801981643e+04     1.015172664955905e+04     1.015280533401149e+04     1.015712006443740e+04
   32200           -1.16780076e+05            7.74201079e+00            9.92754024e-01            1.00824547e+00     1.006517508602460e+04     1.006606967157299e+04     1.006696457823545e+04     1.006785924194047e+04     1.006875396244845e+04     1.007233283887231e+04
   32400           -1.17044087e+05            6.61283070e+00            9.93827005e-01            1.00705833e+00     1.007220451990062e+04     1.007296458498885e+04     1.007372494847204e+04     1.007448506823724e+04     1.007524525347739e+04     1.007828598705416e+04
   32600           -1.16884344e+05            4.22631646e+00            9.96214303e-01            1.00467063e+00     1.013692239056080e+04     1.013738085847392e+04     1.013783964403919e+04     1.013829818665571e+04     1.013875678802623e+04     1.014059118549167e+04
   32800           -1.17046128e+05            1.13201822e+01            9.89213204e-01            1.01186480e+00     1.010420461953324e+04     1.010554603317997e+04     1.010688777887915e+04     1.010822927497610e+04     1.010957082856644e+04     1.011493703759963e+04
   33000           -1.17096578e+05            7.46495905e+00            9.93010413e-01            1.00794720e+00     1.017390705923831e+04     1.017477009874062e+04     1.017563348734215e+04     1.017649661901122e+04     1.017735980829645e+04     1.018081255735459e+04
   33200           -1.17104470e+05            9.36394522e+00            9.91103188e-01            1.00983936e+00     1.014638677355673e+04     1.014749002488690e+04     1.014859363347080e+04     1.014969696468389e+04     1.015080036372533e+04     1.015521395389393e+04
   33400           -1.17102422e+05            8.29033851e+00            9.92248838e-01            1.00883815e+00     1.013422964471747e+04     1.013518916478850e+04     1.013614901893715e+04     1.013710861936660e+04     1.013806827935227e+04     1.014190691398707e+04
   33600           -1.17086344e+05            7.21435920e+00            9.93268335e-01            1.00770382e+00     1.014069512432134e+04     1.014152612785451e+04     1.014235750481898e+04     1.014318860859649e+04     1.014401977243204e+04     1.014734442054273e+04
   33800           -1.16933866e+05            1.13226306e+01            9.89212410e-01            1.01186895e+00     1.006896289374349e+04     1.007030628357532e+04     1.007165004717301e+04     1.007299353179867e+04     1.007433708028631e+04     1.007971126682914e+04
   34000           -1.16709612e+05            7.59043754e+00            9.92869694e-01            1.00805731e+00     1.016259547492333e+04     1.016347535083863e+04     1.016435555376135e+04     1.016523550537760e+04     1.016611551817351e+04     1.016963556142370e+04
   34200           -1.16652621e+05            6.94930956e+00            9.93513510e-01            1.00741838e+00     9.982372803161168e+03     9.983173773943896e+03     9.983975068773920e+03     9.984776096202047e+03     9.985577195861724e+03     9.988781588562279e+03
   34400           -1.16997762e+05            4.37864183e+00            9.96067215e-01            1.00482836e+00     1.011529028455068e+04     1.011576879752812e+04     1.011624759121153e+04     1.011672614552600e+04     1.011720476834426e+04     1.011911925213783e+04
   34600           -1.16750761e+05            3.97222060e+00            9.96494830e-01            1.00444295e+00     1.008367760720483e+04     1.008410226302416e+04     1.008452723432707e+04     1.008495197283542e+04     1.008537676332050e+04     1.008707591943616e+04
   34800           -1.16861195e+05            2.63610808e+00            9.97775027e-01            1.00304940e+00     1.016298695347478e+04     1.016324607455009e+04     1.016350545353162e+04     1.016376462175592e+04     1.016402384685711e+04     1.016506074023943e+04
   35000           -1.16728698e+05            3.54854356e+00            9.96876578e-01            1.00397666e+00     1.013646870649799e+04     1.013684513711122e+04     1.013722191556018e+04     1.013759843989042e+04     1.013797501983853e+04     1.013948133317908e+04
   35200           -1.17051076e+05            3.43522792e+00            9.97005000e-01            1.00387846e+00     1.010644002890298e+04     1.010680073248114e+04     1.010716177466224e+04     1.010752255206402e+04     1.010788339520661e+04     1.010932676151024e+04
   35400           -1.17019437e+05            2.69519671e+00            9.97736194e-01            1.00312891e+00     1.003666039249844e+04     1.003692693020226e+04     1.003719372570179e+04     1.003746029687864e+04     1.003772693394116e+04     1.003879347538387e+04
   35600           -1.16814017e+05            4.21587672e+00            9.96314753e-01            1.00475095e+00     1.017384154833649e+04     1.017429230048623e+04     1.017474344122927e+04     1.017519430337441e+04     1.017564522388995e+04     1.017744889944340e+04
   35800           -1.16666515e+05            4.05947188e+00            9.96351443e-01            1.00447369e+00     1.006734826342845e+04     1.006779148911707e+04     1.006823502998161e+04     1.006867833316935e+04     1.006912169155977e+04     1.007089511969110e+04
   36000           -1.16965637e+05            4.46518200e+00            9.96031323e-01            1.00496608e+00     1.016746851996862e+04     1.016795370863050e+04     1.016843927499510e+04     1.016892456189929e+04     1.016940991159313e+04     1.017135130321764e+04
   36200           -1.17077040e+05            2.32559104e+00            9.98159145e-01            1.00281258e+00     1.012491368143482e+04     1.012513154162646e+04     1.012534977147982e+04     1.012556772122478e+04     1.012578573652499e+04     1.012665779161516e+04
   36400           -1.17051221e+05            3.80834212e+00            9.96688464e-01            1.00430891e+00     1.009578368895004e+04     1.009618488791320e+04     1.009658642104658e+04     1.009698770242321e+04     1.009738904268399e+04     1.009899439641794e+04
   36600           -1.16960424e+05            2.41756589e+00            9.98051839e-01            1.00288924e+00     1.010619918043373e+04     1.010643094085093e+04     1.010666303412708e+04     1.010689488072062e+04     1.010712678273789e+04     1.010805438504205e+04
   36800           -1.17079975e+05            2.09201707e+00            9.98366499e-01            1.00255245e+00     1.011465557143306e+04     1.011484816505534e+04     1.011504114256043e+04     1.011523384246620e+04     1.011542660163959e+04     1.011619763184611e+04
   37000           -1.17133509e+05            3.59644223e+00            9.96892427e-01            1.00408881e+00     1.000768142154442e+04     1.000805535952704e+04     1.000842961100987e+04     1.000880362675671e+04     1.000917769736422e+04     1.001067397318401e+04
   37200           -1.17111655e+05            2.71433668e+00            9.97700178e-01            1.00313109e+00     1.005760101039491e+04     1.005787264924961e+04     1.005814455319726e+04     1.005841625324058e+04     1.005868800285310e+04     1.005977499531130e+04
   37400           -1.17099775e+05            3.77543239e+00            9.96648862e-01            1.00420291e+00     1.003233807944777e+04     1.003274663465657e+04     1.003315546515591e+04     1.003356406833437e+04     1.003397273365430e+04     1.003560738786083e+04
   37600           -1.16939747e+05            6.60996786e+00            9.93871069e-01            1.00709721e+00     1.011373959274286e+04     1.011449693648915e+04     1.011525456221985e+04     1.011601195940948e+04     1.011676941666163e+04     1.011979924058041e+04
   37800           -1.17066730e+05            3.91983603e+00            9.96545030e-01            1.00438832e+00     1.005770969200091e+04     1.005813054336581e+04     1.005855169102284e+04     1.005897259210098e+04     1.005939356046887e+04     1.006107742893683e+04
   38000           -1.16967658e+05            3.84214496e+00            9.96645283e-01            1.00433330e+00     1.015683060092539e+04     1.015723788193063e+04     1.015764557650942e+04     1.015805296878962e+04     1.015846042717727e+04     1.016009025342914e+04
   38200           -1.16940694e+05            1.44717003e+00            9.99028344e-01            1.00192406e+00     1.007556238103855e+04     1.007567310103129e+04     1.007578413240048e+04     1.007589492320295e+04     1.007600577302848e+04     1.007644916501841e+04
   38400           -1.17046245e+05            2.18210572e+00            9.98258383e-01            1.00262451e+00     1.012459059308927e+04     1.012479373812319e+04     1.012499723886357e+04     1.012520047085568e+04     1.012540376561205e+04     1.012621693813482e+04
   38600           -1.17154035e+05            1.73921144e+00            9.98747140e-01            1.00222725e+00     9.949839946120062e+03     9.949985479105180e+03     9.950131375622697e+03     9.950276987276322e+03     9.950422670065302e+03     9.951005394010539e+03
   38800           -1.16956623e+05            2.92151335e+00            9.97555775e-01            1.00340158e+00     1.015289829375032e+04     1.015319375160272e+04     1.015348952090626e+04     1.015378502956785e+04     1.015408061018245e+04     1.015526292661457e+04
   39000           -1.16939824e+05            2.83560487e+00            9.97640932e-01            1.00331484e+00     1.012910604673954e+04     1.012938880230180e+04     1.012967185188906e+04     1.012995467005469e+04     1.013023754700957e+04     1.013136904727961e+04
   39200           -1.16982484e+05            3.41086366e+00            9.97024367e-01            1.00384905e+00     1.002300992516829e+04     1.002336719146554e+04     1.002372477147507e+04     1.002408211251966e+04     1.002443951045309e+04     1.002586909573788e+04
   39400           -1.17202426e+05            3.93993254e+00            9.96512900e-01            1.00439631e+00     1.006826349019537e+04     1.006868653076048e+04     1.006910992952621e+04     1.006953305739750e+04     1.006995624834967e+04     1.007164900650398e+04
   39600           -1.17175885e+05            3.57227367e+00            9.96866654e-01            1.00401432e+00     1.007975990570770e+04     1.008013947431825e+04     1.008051938461729e+04     1.008089903879856e+04     1.008127875225529e+04     1.008279759880287e+04
   39800           -1.16976944e+05            1.00705138e+00            9.99415180e-01            1.00143013e+00     1.006374207228904e+04     1.006380160666171e+04     1.006386141563494e+04     1.006392099723884e+04     1.006398064118565e+04     1.006421921008225e+04
   40000           -1.17073768e+05            1.03551564e+00            9.99419011e-01            1.00149098e+00     1.009191510639061e+04     1.009197289168901e+04     1.009203097669368e+04     1.009208882234364e+04     1.009214672995428e+04     1.009237835351795e+04
   40200           -1.17190135e+05            6.21661408e+00            9.94305048e-01            1.00674464e+00     1.016946698926320e+04     1.017016863592119e+04     1.017087064045420e+04     1.017157239327461e+04     1.017227419696935e+04     1.017508140467550e+04
   40400           -1.17359874e+05            1.78756260e+00            9.98673704e-01            1.00225048e+00     1.007351408075335e+04     1.007366728886890e+04     1.007382080566963e+04     1.007397408610877e+04     1.007412742352001e+04     1.007474076628667e+04
   40600           -1.17109956e+05            2.86351036e+00            9.97580493e-01            1.00331005e+00     1.013142280092824e+04     1.013171398770002e+04     1.013200545711335e+04     1.013229669171814e+04     1.013258799090329e+04     1.013375318087834e+04
   40800           -1.17187063e+05            1.33573420e+00            9.99121677e-01            1.00179437e+00     1.004604380706346e+04     1.004613946653659e+04     1.004623545969306e+04     1.004633119131783e+04     1.004642698772908e+04     1.004681016839470e+04
   41000           -1.17505524e+05            3.32929687e+00            9.97159101e-01            1.00382093e+00     1.008371788290149e+04     1.008406197535974e+04     1.008440635522379e+04     1.008475050320022e+04     1.008509471197323e+04     1.008647154104496e+04
   41200           -1.17294728e+05            4.52228217e+00            9.95891200e-01            1.00493946e+00     1.006529966587603e+04     1.006579917984695e+04     1.006629900764366e+04     1.006679859325256e+04     1.006729823736309e+04     1.006929680885015e+04
   41400           -1.17192120e+05            3.08703951e+00            9.97349044e-01            1.00352580e+00     1.012856960598429e+04     1.012889024060471e+04     1.012921115312931e+04     1.012953182075456e+04     1.012985256104445e+04     1.013113551610461e+04
   41600           -1.17091269e+05            1.82420259e+00            9.98682605e-01            1.00233286e+00     1.002089289343857e+04     1.002104733827893e+04     1.002120214871570e+04     1.002135669053730e+04     1.002151129188488e+04     1.002212969033119e+04
   41800           -1.17112990e+05            5.87812867e+00            9.94577943e-01            1.00633946e+00     1.018094627099057e+04     1.018161214606055e+04     1.018227837671155e+04     1.018294434987674e+04     1.018361037841338e+04     1.018627448583618e+04
   42000           -1.17199091e+05            6.12219391e+00            9.94397200e-01            1.00664783e+00     1.001505590512022e+04     1.001574643119524e+04     1.001643739749080e+04     1.001712804141402e+04     1.001781875590055e+04     1.002058160668088e+04
   42200           -1.17210663e+05            1.44997068e+00            9.98968692e-01            1.00186985e+00     1.002720578466481e+04     1.002732006736238e+04     1.002743471579376e+04     1.002754908160787e+04     1.002766351647461e+04     1.002812124828441e+04
   42400           -1.17371677e+05            7.93502102e-01            9.99666711e-01            1.00125445e+00     9.984556919704826e+03     9.984587219929334e+03     9.984617858768717e+03     9.984648247026173e+03     9.984678692140727e+03     9.984800464576627e+03
   42600           -1.17052098e+05            2.44258583e+00            9.98053495e-01            1.00294109e+00     1.008953672275400e+04     1.008976596708991e+04     1.008999553599285e+04     1.009022486118041e+04     1.009045424358762e+04     1.009137176442124e+04
   42800           -1.17126273e+05            4.19288187e+00            9.96260943e-01            1.00465048e+00     1.010632137354028e+04     1.010677618264691e+04     1.010723135677346e+04     1.010768625441616e+04     1.010814121737251e+04     1.010996106120474e+04
   43000           -1.17064390e+05            2.04448266e+00            9.98350241e-01            1.00244082e+00     1.011638357440350e+04     1.011657483081627e+04     1.011676637181810e+04     1.011695769813331e+04     1.011714907524986e+04     1.011791457609622e+04
   43200           -1.16903935e+05            1.90116232e+00            9.98488657e-01            1.00229246e+00     1.007252581500695e+04     1.007270046819938e+04     1.007287542171339e+04     1.007305013504190e+04     1.007322491029010e+04     1.007392400557324e+04
   43400           -1.17097783e+05            1.35596443e+00            9.99050878e-01            1.00176391e+00     1.007934941486682e+04     1.007945216539633e+04     1.007955522764282e+04     1.007965805444917e+04     1.007976093661471e+04     1.008017245836261e+04
   43600           -1.17003600e+05            1.87979104e+00            9.98539095e-01            1.00230025e+00     1.021207530321219e+04     1.021224276658474e+04     1.021241054286011e+04     1.021257807316072e+04     1.021274566554921e+04     1.021341602788623e+04
   43800           -1.17102030e+05            3.02806827e+00            9.97411836e-01            1.00347063e+00     1.015832583474505e+04     1.015863453379565e+04     1.015894352090621e+04     1.015925229660650e+04     1.015956111948864e+04     1.016079640423223e+04
   44000           -1.16983577e+05            6.56200963e+00            9.93931559e-01            1.00706191e+00     1.007161742527819e+04     1.007236591653782e+04     1.007311475271788e+04     1.007386332097929e+04     1.007461195506215e+04     1.007760648484611e+04
   44200           -1.17191465e+05            8.17186466e+00            9.92320582e-01            1.00867206e+00     1.008645442078352e+04     1.008740464068593e+04     1.008835529169256e+04     1.008930564181830e+04     1.009025605118663e+04     1.009405768158975e+04
   44400           -1.17024552e+05            2.99058199e+00            9.97478376e-01            1.00346234e+00     1.001260472033353e+04     1.001290816217370e+04     1.001321197493311e+04     1.001351549555158e+04     1.001381908939477e+04     1.001503345845601e+04
   44600           -1.17036605e+05            2.87686312e+00            9.97559219e-01            1.00331545e+00     1.018142322281483e+04     1.018171315345305e+04     1.018200344488758e+04     1.018229346893888e+04     1.018258355304823e+04     1.018374388328164e+04
   44800           -1.17305888e+05            2.50379282e+00            9.97947534e-01            1.00295737e+00     9.975762168901912e+03     9.976004215188266e+03     9.976246597051724e+03     9.976488729836828e+03     9.976730919246796e+03     9.977699669591681e+03
   45000           -1.17088931e+05            1.43963003e+00            9.99043537e-01            1.00192419e+00     1.011396546291328e+04     1.011407401268172e+04     1.011418290559630e+04     1.011429153643711e+04     1.011440023016154e+04     1.011483499740980e+04
   45200           -1.17057237e+05            2.74455762e+00            9.97719150e-01            1.00321080e+00     1.006612807114222e+04     1.006640140057137e+04     1.006667505442717e+04     1.006694845636828e+04     1.006722192026343e+04     1.006831576938463e+04
   45400           -1.17060910e+05            1.99526278e+00            9.98469161e-01            1.00246154e+00     1.007710646242246e+04     1.007728598817196e+04     1.007746583812706e+04     1.007764543650837e+04     1.007782509733881e+04     1.007854373225516e+04
   45600           -1.17190889e+05            3.88102724e+00            9.96540271e-01            1.00430557e+00     1.000375271367770e+04     1.000417108366243e+04     1.000458974823072e+04     1.000500817849304e+04     1.000542666919424e+04     1.000710062471079e+04
   45800           -1.17199647e+05            2.35306520e+00            9.98066771e-01            1.00277487e+00     1.000454357904141e+04     1.000476941289028e+04     1.000499553627171e+04     1.000522142075018e+04     1.000544737013907e+04     1.000635116123673e+04
   46000           -1.17008477e+05            1.53698618e+00            9.98870236e-01            1.00194546e+00     1.011851414819906e+04     1.011864384392164e+04     1.011877382224395e+04     1.011890355859546e+04     1.011903336396489e+04     1.011955257973072e+04
   46200           -1.17154167e+05            1.82759007e+00            9.98612820e-01            1.00226961e+00     9.966192524096681e+03     9.966351080552513e+03     9.966510006843309e+03     9.966668653923325e+03     9.966827366549582e+03     9.967462209002480e+03
   46400           -1.17347694e+05            1.48953748e+00            9.98863503e-01            1.00184363e+00     1.007845665280467e+04     1.007858020654227e+04     1.007870402818358e+04     1.007882763078706e+04     1.007895129264933e+04     1.007944593249398e+04
   46600           -1.17431254e+05            1.73461352e+00            9.98721328e-01            1.00219214e+00     9.972164915424255e+03     9.972313616611917e+03     9.972462644173746e+03     9.972611414148574e+03     9.972760249357165e+03     9.973355583290075e+03
   46800           -1.17382952e+05            2.46906161e+00            9.97997098e-01            1.00293752e+00     1.002753475210525e+04     1.002777275531364e+04     1.002801109064916e+04     1.002824917786235e+04     1.002848732192405e+04     1.002943989174284e+04
   47000           -1.16905911e+05            2.46965901e+00            9.97999877e-01            1.00294151e+00     1.011695957176341e+04     1.011719906799715e+04     1.011743888406950e+04     1.011767845357742e+04     1.011791808340737e+04     1.011887659505133e+04
   47200           -1.17215779e+05            2.55634214e+00            9.97859990e-01            1.00297480e+00     1.011024383782931e+04     1.011049705523663e+04     1.011075054306868e+04     1.011100381384166e+04     1.011125714213826e+04     1.011227044644721e+04
   47400           -1.17249070e+05            2.94540612e+00            9.97463488e-01            1.00335670e+00     9.997100877658868e+03     9.997404274318953e+03     9.997707991782456e+03     9.998011457380928e+03     9.998314986223073e+03     9.999529094787278e+03
   47600           -1.16951231e+05            2.84114651e+00            9.97607961e-01            1.00329280e+00     1.009014809546426e+04     1.009043411341923e+04     1.009072043246344e+04     1.009100652612552e+04     1.009129267184759e+04     1.009243724823092e+04
   47800           -1.17181949e+05            4.44934074e+00            9.96013072e-01            1.00491583e+00     1.007509173666434e+04     1.007557501697735e+04     1.007605860411761e+04     1.007654195233102e+04     1.007702536012007e+04     1.007895898357580e+04
   48000           -1.17198635e+05            2.41863873e+00            9.98050485e-01            1.00289003e+00     1.001950081328485e+04     1.001973297872104e+04     1.001996552452733e+04     1.002019779387496e+04     1.002043012345874e+04     1.002135943363262e+04
   48200           -1.17318812e+05            3.08330429e+00            9.97362381e-01            1.00353173e+00     1.003873448254315e+04     1.003905045644261e+04     1.003936672204318e+04     1.003968274911267e+04     1.003999883972155e+04     1.004126319689996e+04
   48400           -1.17086385e+05            3.34085442e+00            9.97111982e-01            1.00379670e+00     1.007628098135593e+04     1.007663175847399e+04     1.007698284926251e+04     1.007733369938090e+04     1.007768460777334e+04     1.007908823419074e+04
   48600           -1.17046360e+05            2.82734799e+00            9.97633418e-01            1.00329071e+00     9.959932087013614e+03     9.960215539452471e+03     9.960499302383632e+03     9.960782826101931e+03     9.961066407987506e+03     9.962200728961398e+03
   48800           -1.17219891e+05            1.89382929e+00            9.98546016e-01            1.00233534e+00     1.001212187285556e+04     1.001229110378631e+04     1.001246069834803e+04     1.001263002969572e+04     1.001279941771849e+04     1.001347696258143e+04
   49000           -1.17125627e+05            2.14904294e+00            9.98285887e-01            1.00258584e+00     1.012013734899356e+04     1.012033786893024e+04     1.012053873814238e+04     1.012073934618651e+04     1.012094001397649e+04     1.012174267895942e+04
   49200           -1.17081787e+05            4.46685565e+00            9.95966784e-01            1.00490433e+00     1.006805405827290e+04     1.006854195519442e+04     1.006903019554286e+04     1.006951818604175e+04     1.007000623076507e+04     1.007195840325725e+04
   49400           -1.17052058e+05            3.07822744e+00            9.97393981e-01            1.00355333e+00     1.009281375424301e+04     1.009312701871457e+04     1.009344066754686e+04     1.009375403172420e+04     1.009406746010436e+04     1.009532116596571e+04
   49600           -1.17162055e+05            2.96177442e+00            9.97524614e-01            1.00345103e+00     1.000657817386078e+04     1.000687819566135e+04     1.000717858606623e+04     1.000747868102618e+04     1.000777885236288e+04     1.000897953086499e+04
   49800           -1.17331802e+05            4.84361630e+00            9.95647943e-01            1.00533988e+00     1.008068850736526e+04     1.008122079326969e+04     1.008175343156802e+04     1.008228579183139e+04     1.008281822233567e+04     1.008494793730608e+04
   50000           -1.17377946e+05            2.57979751e+00            9.97895569e-01            1.00305761e+00     9.969275846962912e+03     9.969528405576617e+03     9.969781330876991e+03     9.970033987622677e+03     9.970286702790652e+03     9.971297558618391e+03
