#This file was generated on Sun Feb 23 11:41:14 2025
#Using the somd command, of the molecular library Sire version <2024.4.0.dev> 
#For more information visit: https://github.com/openbiosim/sire
#
#General information on simulation parameters:
#Simulation used 50000 moves, 1 cycles and 200 ps of simulation time
#Generating lambda is		 0.37500
#Alchemical array is		 (0.0, 0.125, 0.25, 0.375, 0.5, 1.0)
#Generating temperature is 	25°C
#Energy was saved every 200 steps 
#
#
#   [step]               [potential]                [gradient]      [forward Metropolis]     [backward Metropolis]                   [u_kl]
     200           -8.34789939e+04            4.70523332e+00            9.95315667e-01            1.00472626e+00     6.822129147864488e+03     6.822716681002872e+03     6.823304407788234e+03     6.823891986367608e+03     6.824479600731573e+03     6.826830053598657e+03
     400           -8.09340142e+04            2.42014129e+00            9.97592479e-01            1.00243281e+00     6.821382505252142e+03     6.821684358461618e+03     6.821986436266343e+03     6.822288355432807e+03     6.822590307038799e+03     6.823798108825456e+03
     600           -7.96638632e+04            2.45437278e+00            9.97557332e-01            1.00246613e+00     6.789149235398005e+03     6.789455345501929e+03     6.789761623406351e+03     6.790067766530025e+03     6.790373945390126e+03     6.791598655382249e+03
     800           -7.84071368e+04            3.89804407e+00            9.96119342e-01            1.00391553e+00     6.814731611807558e+03     6.815218235332391e+03     6.815705069180603e+03     6.816191740460402e+03     6.816678451364972e+03     6.818625290922386e+03
    1000           -7.76316855e+04            1.70802771e+00            9.98301846e-01            1.00171793e+00     6.869667759100225e+03     6.869880869291793e+03     6.870094155289008e+03     6.870307298931945e+03     6.870520480530651e+03     6.871373201961077e+03
    1200           -7.75394888e+04            5.86150716e+00            9.94165243e-01            1.00588844e+00     6.786717632421580e+03     6.787449683617241e+03     6.788181875249527e+03     6.788913940660305e+03     6.789646044836322e+03     6.792574457251066e+03
    1400           -7.72763725e+04            1.59857347e+00            9.98411985e-01            1.00160916e+00     6.758397561851081e+03     6.758596840880760e+03     6.758796319782318e+03     6.758995662701516e+03     6.759195031677966e+03     6.759992501504849e+03
    1600           -7.69996382e+04            3.73733311e+00            9.96278334e-01            1.00375308e+00     6.761266004728799e+03     6.761732807689829e+03     6.762199796071650e+03     6.762666636877925e+03     6.763133515917754e+03     6.765001027106710e+03
    1800           -7.69356444e+04            8.26664878e+00            9.91778552e-01            1.00831222e+00     6.825078561795402e+03     6.826111442710412e+03     6.827144545445751e+03     6.828177490670513e+03     6.829210468699031e+03     6.833342375602658e+03
    2000           -7.67445971e+04            2.31330931e+00            9.97698505e-01            1.00232517e+00     6.839819125366599e+03     6.840107496276441e+03     6.840396091981663e+03     6.840684521873437e+03     6.840972988473997e+03     6.842126851581396e+03
    2200           -7.66949442e+04            1.13508091e+00            9.98876817e-01            1.00114700e+00     6.783509722058222e+03     6.783650828437269e+03     6.783792142203479e+03     6.783933305368338e+03     6.784074501342319e+03     6.784639280626417e+03
    2400           -7.65275105e+04            1.10392957e+00            9.98907014e-01            1.00111490e+00     6.836574051387526e+03     6.836711464383729e+03     6.836849096879363e+03     6.836986572289602e+03     6.837124080779333e+03     6.837674110171140e+03
    2600           -7.67482468e+04            4.60282881e+00            9.95419063e-01            1.00462486e+00     6.749778976480418e+03     6.750353548248781e+03     6.750928301044062e+03     6.751502913535267e+03     6.752077560730143e+03     6.754376144979868e+03
    2800           -7.67106491e+04            5.67007527e+00            9.94356641e-01            1.00569697e+00     6.843870472267974e+03     6.844578722140991e+03     6.845287170260961e+03     6.845995476664822e+03     6.846703812755553e+03     6.849537153243132e+03
    3000           -7.68181734e+04            6.71529412e+00            9.93317219e-01            1.00674804e+00     6.825759489240976e+03     6.826598110421724e+03     6.827436928532161e+03     6.828275599418957e+03     6.829114304917201e+03     6.832469120593427e+03
    3200           -7.69171752e+04            2.83334811e+00            9.97180782e-01            1.00284754e+00     6.837539999926889e+03     6.837893251951844e+03     6.838246727801405e+03     6.838600038735894e+03     6.838953386616565e+03     6.840366773306241e+03
    3400           -7.68602694e+04            2.72391990e+00            9.97291752e-01            1.00273966e+00     6.831435587548473e+03     6.831775380104003e+03     6.832115365631451e+03     6.832455203731956e+03     6.832795077355317e+03     6.834154567162160e+03
    3600           -7.68855251e+04            3.21496767e+00            9.96802266e-01            1.00323229e+00     6.881946640710407e+03     6.882347809135259e+03     6.882749156057043e+03     6.883150360440853e+03     6.883551601627444e+03     6.885156562544481e+03
    3800           -7.69903221e+04            2.52162108e+00            9.97488204e-01            1.00253149e+00     6.823666949779240e+03     6.823981930136480e+03     6.824297158668318e+03     6.824612214698125e+03     6.824927304663199e+03     6.826187659547157e+03
    4000           -7.69216204e+04            1.93979780e+00            9.98070349e-01            1.00194998e+00     6.836225026028651e+03     6.836467229228929e+03     6.836709633911078e+03     6.836951891205115e+03     6.837194181396437e+03     6.838163336764223e+03
    4200           -7.66951937e+04            7.87069690e-01            9.99221370e-01            1.00079552e+00     6.755390122514712e+03     6.755488501476031e+03     6.755587052273281e+03     6.755685462626626e+03     6.755783911120554e+03     6.756177699726396e+03
    4400           -7.66591523e+04            2.20296148e+00            9.97809995e-01            1.00221597e+00     6.821065125979047e+03     6.821339520827170e+03     6.821614155196566e+03     6.821888621007418e+03     6.822163120767165e+03     6.823261115555284e+03
    4600           -7.66296554e+04            1.66496648e+00            9.98344346e-01            1.00167431e+00     6.820987926259892e+03     6.821195600291422e+03     6.821403458062065e+03     6.821611177778958e+03     6.821818929431324e+03     6.822649932602757e+03
    4800           -7.67541446e+04            1.83243725e+00            9.98180123e-01            1.00184504e+00     6.828095674656267e+03     6.828323862774152e+03     6.828552263984363e+03     6.828780503358174e+03     6.829008781027146e+03     6.829921887398025e+03
    5000           -7.68583988e+04            1.41864903e+00            9.98590735e-01            1.00142806e+00     6.848419113231484e+03     6.848595992540132e+03     6.848773060238646e+03     6.848949982724329e+03     6.849126940886697e+03     6.849834768541909e+03
    5200           -7.67514553e+04            1.69216055e+00            9.98316899e-01            1.00170125e+00     6.870868881936250e+03     6.871079871902093e+03     6.871291110610065e+03     6.871502169036326e+03     6.871713266269740e+03     6.872557650603228e+03
    5400           -7.67259821e+04            1.84825782e+00            9.98163941e-01            1.00186050e+00     6.822087842197901e+03     6.822318382110861e+03     6.822549138846906e+03     6.822779740950205e+03     6.823010375540919e+03     6.823932908883937e+03
    5600           -7.66403448e+04            3.29229159e+00            9.96721736e-01            1.00330639e+00     6.766230521832381e+03     6.766641673835937e+03     6.767053039723369e+03     6.767464243564752e+03     6.767875485771119e+03     6.769520449709858e+03
    5800           -7.68751645e+04            2.49784956e+00            9.97513571e-01            1.00250932e+00     6.834829481886522e+03     6.835141010345040e+03     6.835452757908707e+03     6.835764337361415e+03     6.836075957774431e+03     6.837322433662341e+03
    6000           -7.68489946e+04            2.04247176e+00            9.97970154e-01            1.00205514e+00     6.828136117526705e+03     6.828390916669821e+03     6.828645890250542e+03     6.828900722399035e+03     6.829155592373731e+03     6.830175067220756e+03
    6200           -7.67254575e+04            3.55820520e+00            9.96459885e-01            1.00357639e+00     6.835772559679913e+03     6.836216564861114e+03     6.836660766063961e+03     6.837104819389015e+03     6.837548907582395e+03     6.839325255484878e+03
    6400           -7.67265830e+04            3.12271335e+00            9.96891097e-01            1.00313659e+00     6.913084860314050e+03     6.913474443829998e+03     6.913864239324121e+03     6.914253879636370e+03     6.914643554030132e+03     6.916202247746213e+03
    6600           -7.69609321e+04            1.12878693e+00            9.98881940e-01            1.00113954e+00     6.801095659216588e+03     6.801236122816567e+03     6.801376794224876e+03     6.801517320483080e+03     6.801657875515020e+03     6.802220091813454e+03
    6800           -7.68081037e+04            3.02955724e+00            9.96986864e-01            1.00304606e+00     6.821480940687819e+03     6.821858864989312e+03     6.822237006110901e+03     6.822614987895274e+03     6.822993005019547e+03     6.824505069351274e+03
    7000           -7.66341388e+04            1.60826016e+00            9.98402790e-01            1.00161934e+00     6.872241807455854e+03     6.872442199532347e+03     6.872642757682856e+03     6.872843180281599e+03     6.873043639591277e+03     6.873845471726699e+03
    7200           -7.66538495e+04            1.04796693e+00            9.98963071e-01            1.00105903e+00     6.855163765404298e+03     6.855294253823689e+03     6.855424951476207e+03     6.855555501304091e+03     6.855686081464271e+03     6.856208397524244e+03
    7400           -7.67644900e+04            1.45073526e+00            9.98563005e-01            1.00146451e+00     6.860206372588814e+03     6.860387109683915e+03     6.860568045960898e+03     6.860748828500070e+03     6.860929648815973e+03     6.861652925043130e+03
    7600           -7.67682528e+04            4.66855429e+00            9.95353515e-01            1.00469076e+00     6.856694671745127e+03     6.857277405193331e+03     6.857860330630731e+03     6.858443121335130e+03     6.859025939227264e+03     6.861357206709399e+03
    7800           -7.67957123e+04            3.53803604e+00            9.96477606e-01            1.00355376e+00     6.787435003004951e+03     6.787876617690651e+03     6.788318421784782e+03     6.788760089364961e+03     6.789201786786730e+03     6.790968570568508e+03
    8000           -7.66689474e+04            6.63954130e-01            9.99347095e-01            1.00067502e+00     6.850219088129146e+03     6.850301141057280e+03     6.850383423111935e+03     6.850465540031847e+03     6.850547692070157e+03     6.850876296011166e+03
    8200           -7.64407548e+04            1.79369724e+00            9.98217649e-01            1.00180508e+00     6.864341479389234e+03     6.864565059131868e+03     6.864788806005913e+03     6.865012412754729e+03     6.865236058640665e+03     6.866130637892095e+03
    8400           -7.64079261e+04            3.09466132e+00            9.96922295e-01            1.00311170e+00     6.855585566794712e+03     6.855972006963302e+03     6.856358667679761e+03     6.856745169094100e+03     6.857131704487762e+03     6.858677842180814e+03
    8600           -7.65786463e+04            2.34029696e+00            9.97671901e-01            1.00235254e+00     6.815444369674700e+03     6.815736262569076e+03     6.816028357748824e+03     6.816320310132593e+03     6.816612291829999e+03     6.817780213985298e+03
    8800           -7.66274694e+04            1.45967793e+00            9.98550978e-01            1.00147036e+00     6.772661076779106e+03     6.772842892442543e+03     6.773024922163105e+03     6.773206801587948e+03     6.773388711534946e+03     6.774116346290787e+03
    9000           -7.65842638e+04            2.00783824e+00            9.98005350e-01            1.00202107e+00     6.789018366456157e+03     6.789268604527218e+03     6.789519035223704e+03     6.789769318892571e+03     6.790019638169797e+03     6.791020909883436e+03
    9200           -7.64382104e+04            2.56786912e+00            9.97444968e-01            1.00258076e+00     6.848682136841546e+03     6.849002496980427e+03     6.849323002538244e+03     6.849643389712058e+03     6.849963808901245e+03     6.851245480960945e+03
    9400           -7.67792417e+04            2.35994612e+00            9.97652598e-01            1.00237254e+00     6.868402195843080e+03     6.868696570286279e+03     6.868991146459269e+03     6.869285567299086e+03     6.869580026128318e+03     6.870757856413557e+03
    9600           -7.66812240e+04            1.65404599e+00            9.98356315e-01            1.00166444e+00     6.880573442155282e+03     6.880779484850547e+03     6.880985711747907e+03     6.881191807557195e+03     6.881397930872239e+03     6.882222419589196e+03
    9800           -7.68460231e+04            1.61622919e+00            9.98396590e-01            1.00162909e+00     6.785720559502020e+03     6.785922101894235e+03     6.786123883888370e+03     6.786325491285854e+03     6.786527137004985e+03     6.787333714507950e+03
   10000           -7.67387919e+04            1.80869497e+00            9.98203653e-01            1.00182108e+00     6.809011021085338e+03     6.809236253937092e+03     6.809461734145006e+03     6.809687046915342e+03     6.809912390380054e+03     6.810813759674768e+03
   10200           -7.67122329e+04            1.99887197e+00            9.98009952e-01            1.00200773e+00     6.897088505270680e+03     6.897338203582523e+03     6.897588056728313e+03     6.897837783313385e+03     6.898087544574871e+03     6.899086583879062e+03
   10400           -7.64712716e+04            2.04421831e+00            9.97968482e-01            1.00205696e+00     6.777649832931137e+03     6.777904853201600e+03     6.778160085557770e+03     6.778415173973568e+03     6.778670289078180e+03     6.779690745225224e+03
   10600           -7.66292340e+04            1.27599839e+00            9.98734603e-01            1.00128663e+00     6.808990560293933e+03     6.809149398830560e+03     6.809308461538283e+03     6.809467360740995e+03     6.809626296017289e+03     6.810262031740644e+03
   10800           -7.66543101e+04            3.94388961e+00            9.96070467e-01            1.00395832e+00     6.839832030292111e+03     6.840324749059059e+03     6.840817679601067e+03     6.841310461419029e+03     6.841803273471369e+03     6.843774516650626e+03
   11000           -7.67581790e+04            5.16166952e-01            9.99493178e-01            1.00052552e+00     6.778745071718133e+03     6.778808960175313e+03     6.778873039979488e+03     6.778936986282471e+03     6.779000959588645e+03     6.779256847459157e+03
   11200           -7.66817712e+04            2.80735334e+00            9.97206339e-01            1.00282111e+00     6.792482966623548e+03     6.792832894465476e+03     6.793183033514934e+03     6.793533027124783e+03     6.793883048958294e+03     6.795283131293040e+03
   11400           -7.68127194e+04            7.28542164e-01            9.99281986e-01            1.00073909e+00     6.786466501065415e+03     6.786556628667272e+03     6.786646942305240e+03     6.786737125116125e+03     6.786827334797284e+03     6.787188168529151e+03
   11600           -7.69128572e+04            2.64047311e+00            9.97370630e-01            1.00265162e+00     6.866327961714214e+03     6.866657497263289e+03     6.866987217587963e+03     6.867316797227252e+03     6.867646410866214e+03     6.868964860018214e+03
   11800           -7.66286941e+04            1.62879721e+00            9.98382189e-01            1.00163982e+00     6.883908117731748e+03     6.884111018228481e+03     6.884314153643523e+03     6.884517129859124e+03     6.884720135454821e+03     6.885532153177894e+03
   12000           -7.66760180e+04            3.38004904e+00            9.96635126e-01            1.00339530e+00     6.904276635770630e+03     6.904698123562544e+03     6.905119803684171e+03     6.905541331025131e+03     6.905962897878640e+03     6.907649159986651e+03
   12200           -7.68532335e+04            1.13563533e+00            9.98872915e-01            1.00114420e+00     6.918056439541963e+03     6.918197599469703e+03     6.918338959914514e+03     6.918480169430493e+03     6.918621414262496e+03     6.919186388983027e+03
   12400           -7.66997259e+04            9.24633124e-01            9.99084776e-01            1.00093406e+00     6.867123778879846e+03     6.867238656655223e+03     6.867353743006586e+03     6.867468676452925e+03     6.867583643832897e+03     6.868043508785948e+03
   12600           -7.64495192e+04            1.33833192e+00            9.98672828e-01            1.00134952e+00     6.837132094178773e+03     6.837298450021188e+03     6.837465013346350e+03     6.837631429956968e+03     6.837797877146962e+03     6.838463660115151e+03
   12800           -7.63442348e+04            1.48312268e+00            9.98528285e-01            1.00149456e+00     6.849981271181999e+03     6.850165688795698e+03     6.850350303715449e+03     6.850534769903661e+03     6.850719271048739e+03     6.851457270915479e+03
   13000           -7.65559620e+04            2.89982645e+00            9.97112446e-01            1.00291215e+00     6.757734509041059e+03     6.758096197045040e+03     6.758458069636439e+03     6.758819803752271e+03     6.759181570157347e+03     6.760628631273635e+03
   13200           -7.66093805e+04            1.04176373e+00            9.98969054e-01            1.00105260e+00     6.834863919358952e+03     6.834993188233952e+03     6.835122650478138e+03     6.835251974316858e+03     6.835381327891128e+03     6.835898736423303e+03
   13400           -7.66401568e+04            3.65244912e+00            9.96362456e-01            1.00366743e+00     6.827671840160115e+03     6.828127987246027e+03     6.828584372831657e+03     6.829040592974461e+03     6.829496845607946e+03     6.831321851055777e+03
   13600           -7.65110250e+04            3.06571387e+00            9.96947045e-01            1.00307853e+00     6.810035710669307e+03     6.810418541727393e+03     6.810801605935485e+03     6.811184509714986e+03     6.811567444986390e+03     6.813099179303474e+03
   13800           -7.66740384e+04            1.57245422e+00            9.98438247e-01            1.00158319e+00     6.889419814746930e+03     6.889615756418092e+03     6.889811947882805e+03     6.890007965863699e+03     6.890204017766045e+03     6.890988220785160e+03
   14000           -7.66623132e+04            1.00709371e+00            9.99001964e-01            1.00101617e+00     6.888681852591730e+03     6.888807056123030e+03     6.888932417848645e+03     6.889057664488091e+03     6.889182936675691e+03     6.889684020759653e+03
   14200           -7.65368953e+04            3.72619020e+00            9.96287244e-01            1.00373969e+00     6.780880354255224e+03     6.781345848792776e+03     6.781811532562524e+03     6.782277060800860e+03     6.782742631128964e+03     6.784604908002702e+03
   14400           -7.65192871e+04            4.42448516e+00            9.95594796e-01            1.00444388e+00     6.786781908637125e+03     6.787333983111885e+03     6.787886253963739e+03     6.788438383641181e+03     6.788990543612740e+03     6.791199178588356e+03
   14600           -7.65081428e+04            3.85443448e+00            9.96162115e-01            1.00387107e+00     6.884959825059665e+03     6.885440924191494e+03     6.885922236675517e+03     6.886403392777956e+03     6.886884583473547e+03     6.888809341887429e+03
   14800           -7.66381103e+04            1.37567984e+00            9.98634665e-01            1.00138605e+00     6.819693908390002e+03     6.819865212519020e+03     6.820036722386378e+03     6.820208087221640e+03     6.820379481696822e+03     6.821065055003642e+03
   15000           -7.66000491e+04            8.63138178e-01            9.99147034e-01            1.00087333e+00     6.769766236461196e+03     6.769873900525551e+03     6.769981768858645e+03     6.770089492861941e+03     6.770197246773278e+03     6.770628257085362e+03
   15200           -7.67498316e+04            1.89319662e+00            9.98117145e-01            1.00190357e+00     6.810810960291435e+03     6.811046857593885e+03     6.811282918213352e+03     6.811518849489158e+03     6.811754814077432e+03     6.812698667863428e+03
   15400           -7.66966809e+04            3.78838751e-01            9.99630532e-01            1.00038822e+00     6.859393409072268e+03     6.859440163509212e+03     6.859487091147143e+03     6.859533889612438e+03     6.859580718117909e+03     6.859768027163550e+03
   15600           -7.67926737e+04            9.37549294e-01            9.99072295e-01            1.00094741e+00     6.819637502118069e+03     6.819754048808653e+03     6.819870792554379e+03     6.819987406951397e+03     6.820104043418959e+03     6.820570584719848e+03
   15800           -7.66838929e+04            1.95898367e+00            9.98051748e-01            1.00196975e+00     6.889721328094838e+03     6.889965479532598e+03     6.890209851165761e+03     6.890454055541919e+03     6.890698299836577e+03     6.891675271578316e+03
   16000           -7.66663840e+04            1.96672074e+00            9.98045379e-01            1.00197886e+00     6.789065143529118e+03     6.789310002288848e+03     6.789555073202986e+03     6.789799993428988e+03     6.790044945096395e+03     6.791024746663671e+03
   16200           -7.66456343e+04            1.20784800e+00            9.98802785e-01            1.00121851e+00     6.793063475126426e+03     6.793213828217978e+03     6.793364309391936e+03     6.793514691172098e+03     6.793665097538224e+03     6.794266719950020e+03
   16400           -7.67042644e+04            1.61575650e+00            9.98396419e-01            1.00162797e+00     6.797860507947514e+03     6.798061627172072e+03     6.798262947248245e+03     6.798464109187600e+03     6.798665311360302e+03     6.799470114773092e+03
   16600           -7.66655279e+04            3.26808837e+00            9.96746967e-01            1.00328322e+00     6.852949733046351e+03     6.853357540896927e+03     6.853765570558870e+03     6.854173433071481e+03     6.854581334424003e+03     6.856212935801656e+03
   16800           -7.66683248e+04            1.98644650e+00            9.98025116e-01            1.00199805e+00     6.801663878084168e+03     6.801911511869764e+03     6.802159383273914e+03     6.802407083353282e+03     6.802654819834430e+03     6.803645761584692e+03
   17000           -7.66806371e+04            2.62948682e+00            9.97383396e-01            1.00264243e+00     6.858374360203026e+03     6.858702462045244e+03     6.859030718963356e+03     6.859358847959052e+03     6.859687012081452e+03     6.860999663959877e+03
   17200           -7.66707362e+04            3.52236554e+00            9.96492590e-01            1.00353740e+00     6.875345426761579e+03     6.875785347014557e+03     6.876225444730969e+03     6.876665406497224e+03     6.877105401610307e+03     6.878865376459036e+03
   17400           -7.66076700e+04            5.33308529e+00            9.94689584e-01            1.00535590e+00     6.843533829465656e+03     6.844200106180809e+03     6.844866594787515e+03     6.845532930629703e+03     6.846199299222440e+03     6.848864768979223e+03
   17600           -7.66668387e+04            2.14147487e+00            9.97871232e-01            1.00215423e+00     6.808625670397952e+03     6.808892745527021e+03     6.809160041281622e+03     6.809427170902095e+03     6.809694339127256e+03     6.810763007856561e+03
   17800           -7.63979929e+04            1.03016508e+00            9.98977878e-01            1.00103822e+00     6.826500652322608e+03     6.826628900107950e+03     6.826757336653545e+03     6.826885634204862e+03     6.827013963407139e+03     6.827527274491669e+03
   18000           -7.66374191e+04            2.10016135e+00            9.97913344e-01            1.00211372e+00     6.774657478139309e+03     6.774919162385378e+03     6.775181052020308e+03     6.775442794312678e+03     6.775704568168640e+03     6.776751658197970e+03
   18200           -7.65656743e+04            1.97972822e+00            9.98032282e-01            1.00199178e+00     6.834086790357533e+03     6.834333389710046e+03     6.834580190454820e+03     6.834826850353751e+03     6.835073538554474e+03     6.836060286751414e+03
   18400           -7.67712741e+04            1.21521815e+00            9.98794920e-01            1.00122538e+00     6.855747206394595e+03     6.855898446313184e+03     6.856049870212831e+03     6.856201147232855e+03     6.856352462390942e+03     6.856957718387290e+03
   18600           -7.65509387e+04            1.51516728e+00            9.98495587e-01            1.00152595e+00     6.751377186261038e+03     6.751565936781714e+03     6.751754876540563e+03     6.751943685153840e+03     6.752132519888402e+03     6.752887853515766e+03
   18800           -7.65107720e+04            2.71190821e+00            9.97300918e-01            1.00272479e+00     6.801985571707462e+03     6.802323835039550e+03     6.802662288266950e+03     6.803000599337962e+03     6.803338942816392e+03     6.804692313925321e+03
   19000           -7.65457538e+04            2.95072740e+00            9.97062852e-01            1.00296437e+00     6.864360369289574e+03     6.864728511087465e+03     6.865096833123708e+03     6.865465026069245e+03     6.865833246620978e+03     6.867306123952381e+03
   19200           -7.66517621e+04            2.70397034e+00            9.97308776e-01            1.00271677e+00     6.881252408473020e+03     6.881590047289122e+03     6.881927893698487e+03     6.882265597172606e+03     6.882603328551246e+03     6.883954248629471e+03
   19400           -7.66996239e+04            2.36000138e+00            9.97653456e-01            1.00237351e+00     6.834607153369670e+03     6.834901264666370e+03     6.835195620030549e+03     6.835489799417350e+03     6.835784016437272e+03     6.836960879504874e+03
   19600           -7.66364236e+04            1.73129963e+00            9.98278496e-01            1.00174113e+00     6.831513101439839e+03     6.831728675171024e+03     6.831944516590856e+03     6.832160183586524e+03     6.832375879314111e+03     6.833238657188381e+03
   19800           -7.68430150e+04            1.43768640e+00            9.98573074e-01            1.00144848e+00     6.746197321202040e+03     6.746376434516768e+03     6.746555724527270e+03     6.746734865341769e+03     6.746914048386448e+03     6.747630775570856e+03
   20000           -7.67344796e+04            2.97581639e+00            9.97037216e-01            1.00298891e+00     6.819254498426140e+03     6.819625647996065e+03     6.819997030686127e+03     6.820368256695531e+03     6.820739510948480e+03     6.822224523470820e+03
   20200           -7.66349164e+04            2.80849549e+00            9.97204670e-01            1.00282172e+00     6.857286579646200e+03     6.857636940289210e+03     6.857987506150823e+03     6.858337909328661e+03     6.858688354420035e+03     6.860090129193868e+03
   20400           -7.67276441e+04            3.33206580e+00            9.96680871e-01            1.00334506e+00     6.842387014504687e+03     6.842802979460092e+03     6.843219119716343e+03     6.843635118577144e+03     6.844051155127866e+03     6.845715295751044e+03
   20600           -7.67312470e+04            6.30886592e-01            9.99379113e-01            1.00064090e+00     6.837149466344502e+03     6.837227338456482e+03     6.837305380403106e+03     6.837383293004337e+03     6.837461237135272e+03     6.837773007926043e+03
   20800           -7.66717948e+04            2.99958604e+00            9.97015685e-01            1.00301493e+00     6.782538625001750e+03     6.782912657620074e+03     6.783286976210451e+03     6.783661105240246e+03     6.784035266818968e+03     6.785531908636187e+03
   21000           -7.68454238e+04            3.06650708e+00            9.96948672e-01            1.00308176e+00     6.878656375399959e+03     6.879038785971346e+03     6.879421340605571e+03     6.879803775585548e+03     6.880186243932563e+03     6.881716112465168e+03
   21200           -7.68632639e+04            4.94912546e-01            9.99513949e-01            1.00050378e+00     6.850926958445529e+03     6.850988423899214e+03     6.851050068294895e+03     6.851111567426218e+03     6.851173105285444e+03     6.851419252125360e+03
   21400           -7.67429853e+04            2.14189528e+00            9.97871309e-01            1.00215515e+00     6.889032268948754e+03     6.889299159961656e+03     6.889566273003978e+03     6.889833231405754e+03     6.890100220676657e+03     6.891168172404560e+03
   21600           -7.67195337e+04            6.22538045e+00            9.93801225e-01            1.00625216e+00     6.801613349113917e+03     6.802391006144905e+03     6.803168878191845e+03     6.803946601530047e+03     6.804724353874224e+03     6.807835358634530e+03
   21800           -7.66973783e+04            1.58009494e+00            9.98428962e-01            1.00158918e+00     6.794350600418809e+03     6.794547613600082e+03     6.794744822710398e+03     6.794941879140390e+03     6.795138973588875e+03     6.795927346758941e+03
   22000           -7.68759631e+04            2.78993747e+00            9.97224787e-01            1.00280473e+00     6.779871308266678e+03     6.780219507134491e+03     6.780567923939538e+03     6.780916185430478e+03     6.781264479537926e+03     6.782657650809173e+03
   22200           -7.69662509e+04            6.61269952e-01            9.99347867e-01            1.00067042e+00     6.784195088849146e+03     6.784277470365976e+03     6.784360019205385e+03     6.784442438158056e+03     6.784524889726113e+03     6.784854690603080e+03
   22400           -7.67509152e+04            2.35237450e+00            9.97659530e-01            1.00236433e+00     6.817449501773311e+03     6.817742849172532e+03     6.818036415748591e+03     6.818329827571346e+03     6.818623271011470e+03     6.819797040249628e+03
   22600           -7.66419331e+04            1.74654841e+00            9.98263989e-01            1.00175712e+00     6.873646379448789e+03     6.873863979433088e+03     6.874081774429425e+03     6.874299428640591e+03     6.874517113362059e+03     6.875387847275328e+03
   22800           -7.66431148e+04            1.25080886e+00            9.98761816e-01            1.00126346e+00     6.787065783457000e+03     6.787221764976155e+03     6.787377933113886e+03     6.787533966756875e+03     6.787690029387171e+03     6.788314275317342e+03
   23000           -7.68375682e+04            1.85510846e+00            9.98157233e-01            1.00186749e+00     6.752155593897620e+03     6.752386490721884e+03     6.752617612135423e+03     6.752848579988969e+03     6.753079576882094e+03     6.754003559866567e+03
   23200           -7.67265128e+04            1.12473870e+00            9.98885011e-01            1.00113451e+00     6.808969571539263e+03     6.809109446568638e+03     6.809249528635702e+03     6.809389454453050e+03     6.809529417079018e+03     6.810089262618772e+03
   23400           -7.66006190e+04            3.14705381e+00            9.96866377e-01            1.00316055e+00     6.818500407850764e+03     6.818893398498106e+03     6.819286553376486e+03     6.819679571704695e+03     6.820072628122342e+03     6.821644848393920e+03
   23600           -7.65844085e+04            5.50804126e-01            9.99457264e-01            1.00055888e+00     6.855620660200359e+03     6.855688996659726e+03     6.855757510310710e+03     6.855825883248865e+03     6.855894292329491e+03     6.856167924458624e+03
   23800           -7.66055372e+04            2.13097751e+00            9.97881565e-01            1.00214357e+00     6.799566412963124e+03     6.799832161454971e+03     6.800098111336092e+03     6.800363918257697e+03     6.800629755035078e+03     6.801693097107031e+03
   24000           -7.65909538e+04            1.82295590e+00            9.98188042e-01            1.00183399e+00     6.799505082579234e+03     6.799732258247187e+03     6.799959653011329e+03     6.800186887544744e+03     6.800414157155998e+03     6.801323231732760e+03
   24200           -7.66187407e+04            1.34633450e+00            9.98661792e-01            1.00135448e+00     6.912492123066304e+03     6.912659792238033e+03     6.912827732599168e+03     6.912995487797142e+03     6.913163277708494e+03     6.913834432350684e+03
   24400           -7.67977002e+04            2.60592418e+00            9.97404981e-01            1.00261687e+00     6.767096794884017e+03     6.767421635094146e+03     6.767746722024206e+03     6.768071638981288e+03     6.768396588922650e+03     6.769696382961284e+03
   24600           -7.66674428e+04            3.43934774e+00            9.96578024e-01            1.00345681e+00     6.879544401474471e+03     6.879973886941781e+03     6.880403561701028e+03     6.880833102917639e+03     6.881262671220334e+03     6.882980940966196e+03
   24800           -7.67972774e+04            3.68859541e+00            9.96326221e-01            1.00370349e+00     6.781425827092919e+03     6.781886423270258e+03     6.782347218324807e+03     6.782807873448280e+03     6.783268556961661e+03     6.785111286830401e+03
   25000           -7.66342565e+04            7.65803813e-01            9.99246248e-01            1.00077787e+00     6.788580619320858e+03     6.788675577828314e+03     6.788770725929395e+03     6.788865724111630e+03     6.788960760587161e+03     6.789340901853462e+03
   25200           -7.64813030e+04            3.61012123e-01            9.99649594e-01            1.00037163e+00     6.874189214185335e+03     6.874233360736247e+03     6.874277738976525e+03     6.874321955178594e+03     6.874366203836619e+03     6.874543193487903e+03
   25400           -7.66668889e+04            3.89473777e-01            9.99621932e-01            1.00040089e+00     6.787807528085209e+03     6.787855822858283e+03     6.787904313061573e+03     6.787952655009204e+03     6.788001032312068e+03     6.788194536538926e+03
   25600           -7.69806996e+04            2.08847280e+00            9.97920420e-01            1.00209740e+00     6.837894357644247e+03     6.838154763871034e+03     6.838415431618319e+03     6.838675918081804e+03     6.838936440021845e+03     6.839978522399442e+03
   25800           -7.69422605e+04            1.12419614e+00            9.98886970e-01            1.00113539e+00     6.794003374690735e+03     6.794142995850608e+03     6.794282779216335e+03     6.794422431298015e+03     6.794562118482037e+03     6.795120862273340e+03
   26000           -7.70181793e+04            2.09275551e+00            9.97919562e-01            1.00210512e+00     6.892363318089479e+03     6.892624016571745e+03     6.892884866542521e+03     6.893145591126749e+03     6.893406350356960e+03     6.894449382624441e+03
   26200           -7.69073921e+04            3.03894999e-01            9.99706269e-01            1.00031407e+00     6.848062203607185e+03     6.848099214945601e+03     6.848136431329376e+03     6.848173490833462e+03     6.848210588104430e+03     6.848358972601675e+03
   26400           -7.66908392e+04            2.07727650e+00            9.97934744e-01            1.00208934e+00     6.829303686931495e+03     6.829562760609979e+03     6.829822055520354e+03     6.830081189262950e+03     6.830340358263865e+03     6.831377029596235e+03
   26600           -7.67740750e+04            2.89193411e+00            9.97121282e-01            1.00290521e+00     6.859183678537031e+03     6.859544453810065e+03     6.859905450165640e+03     6.860266283296748e+03     6.860627153320342e+03     6.862070628103653e+03
   26800           -7.67580354e+04            3.61667666e+00            9.96398450e-01            1.00363188e+00     6.833443080720410e+03     6.833894142823982e+03     6.834345437596656e+03     6.834796560888593e+03     6.835247722737195e+03     6.837052364753979e+03
   27000           -7.69636158e+04            2.23198683e+00            9.97780004e-01            1.00224402e+00     6.803812793788074e+03     6.804091039474337e+03     6.804369513199856e+03     6.804647824281552e+03     6.804926168904978e+03     6.806039544021882e+03
   27200           -7.70521216e+04            2.48414072e+00            9.97529165e-01            1.00249750e+00     6.782153369997834e+03     6.782463317302134e+03     6.782773430118893e+03     6.783083415404509e+03     6.783393432172740e+03     6.784633494347647e+03
   27400           -7.69761595e+04            8.71516650e-01            9.99139966e-01            1.00088302e+00     6.790745528933463e+03     6.790853604934476e+03     6.790961904915417e+03     6.791070033889879e+03     6.791178203868707e+03     6.791610878803952e+03
   27600           -7.67349103e+04            2.71741805e+00            9.97295290e-01            1.00273018e+00     6.887403459884131e+03     6.887742446627925e+03     6.888081675082458e+03     6.888420745722767e+03     6.888759842918968e+03     6.890116225953806e+03
   27800           -7.66223843e+04            9.11075754e-01            9.99099620e-01            1.00092179e+00     6.875546066814583e+03     6.875659439629586e+03     6.875773059448285e+03     6.875886513905369e+03     6.875999998316051e+03     6.876453929817520e+03
   28000           -7.67169088e+04            1.43681308e+00            9.98573138e-01            1.00144679e+00     6.777630313916317e+03     6.777809280908346e+03     6.777988469882002e+03     6.778167494207957e+03     6.778346556095346e+03     6.779062798274375e+03
   28200           -7.65325558e+04            1.53451065e+00            9.98473903e-01            1.00154295e+00     6.944356393467809e+03     6.944547788320643e+03     6.944739379571478e+03     6.944930819321856e+03     6.945122296424622e+03     6.945888199381434e+03
   28400           -7.67532250e+04            1.60609482e+00            9.98405532e-01            1.00161776e+00     6.802036014353564e+03     6.802236182527325e+03     6.802436568133518e+03     6.802636797247794e+03     6.802837059628622e+03     6.803638104903681e+03
   28600           -7.67312680e+04            1.71940401e+00            9.98293706e-01            1.00173256e+00     6.803695357799594e+03     6.803909511028593e+03     6.804123887320511e+03     6.804338100042825e+03     6.804552349120247e+03     6.805409340440900e+03
   28800           -7.67987681e+04            2.75967730e+00            9.97254947e-01            1.00277437e+00     6.835249300107033e+03     6.835593722892081e+03     6.835938343828498e+03     6.836282824642019e+03     6.836627334226103e+03     6.838005368345172e+03
   29000           -7.67621401e+04            5.76975302e-01            9.99429504e-01            1.00058346e+00     6.843788989683785e+03     6.843860879087109e+03     6.843932925833459e+03     6.844004845271686e+03     6.844076798682705e+03     6.844364607681626e+03
   29200           -7.67357809e+04            5.97090926e-01            9.99413940e-01            1.00060813e+00     6.815649812027153e+03     6.815723512920754e+03     6.815797452726278e+03     6.815871222730774e+03     6.815945027317199e+03     6.816240242607245e+03
   29400           -7.66251257e+04            2.10763438e+00            9.97904102e-01            1.00211941e+00     6.840526136676905e+03     6.840789271517468e+03     6.841052628931083e+03     6.841315841369333e+03     6.841579077790178e+03     6.842632018903450e+03
   29600           -7.67126827e+04            1.61055415e+00            9.98400254e-01            1.00162139e+00     6.840064213719212e+03     6.840264558240435e+03     6.840465088039074e+03     6.840665469555322e+03     6.840865889810767e+03     6.841667565902321e+03
   29800           -7.68260174e+04            9.80892689e-01            9.99029410e-01            1.00099122e+00     6.738773690914865e+03     6.738895754073775e+03     6.739018020862206e+03     6.739140144995841e+03     6.739262297879970e+03     6.739750904845076e+03
   30000           -7.69015602e+04            1.14659011e+00            9.98863445e-01            1.00115665e+00     6.816568085469757e+03     6.816710761402677e+03     6.816853636248651e+03     6.816996368088344e+03     6.817139130991493e+03     6.817710176513232e+03
   30200           -7.67209356e+04            1.03291569e+00            9.98977064e-01            1.00104292e+00     6.755398288052629e+03     6.755526706372178e+03     6.755655356620053e+03     6.755783839298174e+03     6.755912358039796e+03     6.756426428026964e+03
   30400           -7.68984385e+04            7.19714306e-01            9.99290061e-01            1.00072950e+00     6.868909068001833e+03     6.868998061706648e+03     6.869087265988734e+03     6.869176316540941e+03     6.869265401045593e+03     6.869621734089349e+03
   30600           -7.67929072e+04            2.59359283e+00            9.97419951e-01            1.00260720e+00     6.850046248092215e+03     6.850369916466234e+03     6.850693779009957e+03     6.851017498636752e+03     6.851341250211666e+03     6.852636252331118e+03
   30800           -7.69801957e+04            2.30450823e+00            9.97706527e-01            1.00231559e+00     6.810952300193972e+03     6.811240009142700e+03     6.811527881023123e+03     6.811815626362055e+03     6.812103403307144e+03     6.813254506420315e+03
   31000           -7.65778216e+04            2.32986919e+00            9.97681545e-01            1.00234133e+00     6.833606149401287e+03     6.833896638319221e+03     6.834187330738235e+03     6.834477880059211e+03     6.834768458464572e+03     6.835930767527857e+03
   31200           -7.67104754e+04            2.91339479e+00            9.97102034e-01            1.00292890e+00     6.836123973797164e+03     6.836487284450927e+03     6.836850764640634e+03     6.837214120673595e+03     6.837577504215298e+03     6.839031034633434e+03
   31400           -7.66469328e+04            1.90342347e+00            9.98106407e-01            1.00191329e+00     6.777765032923478e+03     6.778002536935668e+03     6.778240196265697e+03     6.778477736890156e+03     6.778715306415484e+03     6.779665579907492e+03
   31600           -7.69267234e+04            1.10303599e+00            9.98906804e-01            1.00111290e+00     6.834794207123340e+03     6.834931442581062e+03     6.835068880721426e+03     6.835206161762580e+03     6.835343481508487e+03     6.835892755893633e+03
   31800           -7.69405732e+04            5.93371532e-01            9.99417078e-01            1.00060383e+00     6.777947435690465e+03     6.778020990545459e+03     6.778094766235072e+03     6.778168379735073e+03     6.778242029285508e+03     6.778536622880551e+03
   32000           -7.68502530e+04            1.50965351e+00            9.98502811e-01            1.00152215e+00     6.779903119173837e+03     6.780091377973082e+03     6.780279809782144e+03     6.780468124523165e+03     6.780656461009893e+03     6.781409802845948e+03
   32200           -7.66164355e+04            6.71483826e-01            9.99339231e-01            1.00068221e+00     6.731615136814475e+03     6.731698550000068e+03     6.731782195063209e+03     6.731865684751755e+03     6.731949202389627e+03     6.732283267964780e+03
   32400           -7.66151383e+04            1.07933209e+00            9.98933494e-01            1.00109219e+00     6.927087146717045e+03     6.927221292808338e+03     6.927355631680380e+03     6.927489830559318e+03     6.927624059412862e+03     6.928160972108681e+03
   32600           -7.68707448e+04            1.59565686e+00            9.98412540e-01            1.00160388e+00     6.789733598607715e+03     6.789932458416084e+03     6.790131542425419e+03     6.790330476371973e+03     6.790529437423653e+03     6.791325276239590e+03
   32800           -7.66431520e+04            1.88359659e+00            9.98128807e-01            1.00189604e+00     6.818103303295723e+03     6.818337821928213e+03     6.818572575828491e+03     6.818807158073924e+03     6.819041777760611e+03     6.819980252225499e+03
   33000           -7.66908313e+04            1.14533429e+00            9.98862660e-01            1.00115335e+00     6.757758462111272e+03     6.757901485173287e+03     6.758044706153686e+03     6.758187785979087e+03     6.758330895474324e+03     6.758903328837377e+03
   33200           -7.65436293e+04            9.63233703e-01            9.99047079e-01            1.00097357e+00     6.849819078613996e+03     6.849938850488404e+03     6.850058801185329e+03     6.850178629262876e+03     6.850298480743912e+03     6.850777882873830e+03
   33400           -7.67122827e+04            1.77146027e+00            9.98238166e-01            1.00178112e+00     6.804772910936117e+03     6.804993504373058e+03     6.805214346453557e+03     6.805435027488648e+03     6.805655734668921e+03     6.806538558401724e+03
   33600           -7.65337465e+04            1.34450388e+00            9.98662964e-01            1.00135199e+00     6.777972615681770e+03     6.778140401078697e+03     6.778308417839407e+03     6.778476262701413e+03     6.778644146182389e+03     6.779315676683008e+03
   33800           -7.64583734e+04            8.57914137e-01            9.99152654e-01            1.00086850e+00     6.899125928888830e+03     6.899232525996895e+03     6.899339358205474e+03     6.899446027394197e+03     6.899552728403486e+03     6.899979527918142e+03
   34000           -7.66729835e+04            8.16526957e-01            9.99192997e-01            1.00082607e+00     6.777616114534421e+03     6.777717483897681e+03     6.777819046740648e+03     6.777920464847224e+03     6.778021916363329e+03     6.778427718192240e+03
   34200           -7.67701088e+04            1.63350257e+00            9.98378019e-01            1.00164506e+00     6.895004372278310e+03     6.895207580812505e+03     6.895411010354566e+03     6.895614287964640e+03     6.895817594593199e+03     6.896630816908088e+03
   34400           -7.67624636e+04            2.77839142e+00            9.97235701e-01            1.00279255e+00     6.798935196742591e+03     6.799281639578068e+03     6.799628282933604e+03     6.799974779980080e+03     6.800321309241313e+03     6.801707421740034e+03
   34600           -7.67808983e+04            1.28875631e+00            9.98723387e-01            1.00130093e+00     6.886246509874793e+03     6.886406736318937e+03     6.886567198245936e+03     6.886727485857793e+03     6.886887812587359e+03     6.887529115299923e+03
   34800           -7.65664105e+04            1.62835873e+00            9.98382895e-01            1.00163965e+00     6.865059202973568e+03     6.865262172578385e+03     6.865465348426344e+03     6.865668368942462e+03     6.865871425799498e+03     6.866683648625429e+03
   35000           -7.66293263e+04            2.19906435e+00            9.97814522e-01            1.00221270e+00     6.894382890643189e+03     6.894656976696089e+03     6.894931256037528e+03     6.895205383296790e+03     6.895479548895646e+03     6.896576207148102e+03
   35200           -7.65982187e+04            1.45679317e+00            9.98552573e-01            1.00146619e+00     6.809104025226338e+03     6.809285748915628e+03     6.809467684454652e+03     6.809649474953717e+03     6.809831292927922e+03     6.810558560629505e+03
   35400           -7.66970665e+04            1.52839385e+00            9.98481407e-01            1.00153822e+00     6.857217390932257e+03     6.857408055409236e+03     6.857598942940174e+03     6.857789665394193e+03     6.857980425721461e+03     6.858743460510665e+03
   35600           -7.66476873e+04            6.06322820e+00            9.93967315e-01            1.00609399e+00     6.902678315202816e+03     6.903435495783008e+03     6.904192879652202e+03     6.904950116383444e+03     6.905707384959058e+03     6.908736454715300e+03
   35800           -7.65714162e+04            5.92653898e-01            9.99417683e-01            1.00060300e+00     6.835032833064679e+03     6.835106346149634e+03     6.835180047546793e+03     6.835253605533027e+03     6.835327198143026e+03     6.835621563221373e+03
   36000           -7.65951089e+04            1.10960412e+00            9.98901218e-01            1.00112045e+00     6.858941731462449e+03     6.859079479697615e+03     6.859217370579783e+03     6.859355143495007e+03     6.859492949276153e+03     6.860044167089856e+03
   36200           -7.67023390e+04            6.24105257e+00            9.93788103e-01            1.00627041e+00     6.772882790144757e+03     6.773662291724826e+03     6.774442005091903e+03     6.775221571135836e+03     6.776001166619605e+03     6.779119543094453e+03
   36400           -7.66399700e+04            2.02592342e+00            9.97986363e-01            1.00203825e+00     6.920626289845211e+03     6.920878982039824e+03     6.921131893450105e+03     6.921384641829747e+03     6.921637427493825e+03     6.922648565142438e+03
   36600           -7.68222293e+04            2.63343890e+00            9.97377728e-01            1.00264465e+00     6.937995217133655e+03     6.938323473990346e+03     6.938651990891961e+03     6.938980339801162e+03     6.939308716093653e+03     6.940622215053651e+03
   36800           -7.69780129e+04            1.33149987e+00            9.98682507e-01            1.00134554e+00     6.805817877816841e+03     6.805983748777419e+03     6.806149855761493e+03     6.806315797375644e+03     6.806481772341291e+03     6.807145666865740e+03
   37000           -7.67561774e+04            1.38883825e+00            9.98621438e-01            1.00139914e+00     6.836418008599159e+03     6.836590908855928e+03     6.836764039947781e+03     6.836937009228811e+03     6.837110010839596e+03     6.837802013080032e+03
   37200           -7.67936604e+04            2.57680818e+00            9.97437284e-01            1.00259096e+00     6.793132139150072e+03     6.793453303860901e+03     6.793774690281539e+03     6.794095925021004e+03     6.794417188232521e+03     6.795702237314969e+03
   37400           -7.68148072e+04            2.29725627e+00            9.97714480e-01            1.00230904e+00     6.793570760817799e+03     6.793857313544405e+03     6.794144069201575e+03     6.794430678604898e+03     6.794717319398660e+03     6.795863877979522e+03
   37600           -7.68239012e+04            2.11481905e+00            9.97896015e-01            1.00212569e+00     6.861357886167101e+03     6.861621770172693e+03     6.861885858927929e+03     6.862149793580473e+03     6.862413764218482e+03     6.863469642269863e+03
   37800           -7.67772070e+04            3.10597560e+00            9.96908656e-01            1.00312068e+00     6.889011374802016e+03     6.889398955960026e+03     6.889786748573489e+03     6.890174400321785e+03     6.890562076835084e+03     6.892112778868151e+03
   38000           -7.68360917e+04            3.57598779e+00            9.96440294e-01            1.00359236e+00     6.856237573388295e+03     6.856683938315708e+03     6.857130554240433e+03     6.857577001754938e+03     6.858023479546385e+03     6.859809385704476e+03
   38200           -7.66752938e+04            3.67839930e+00            9.96337493e-01            1.00369438e+00     6.846845862396126e+03     6.847305006214589e+03     6.847764352823227e+03     6.848223547948767e+03     6.848682778420556e+03     6.850519694444986e+03
   38400           -7.65505537e+04            2.54766881e+00            9.97467366e-01            1.00256277e+00     6.799997656734748e+03     6.800315645400643e+03     6.800633857986726e+03     6.800951909257078e+03     6.801269993954908e+03     6.802542331175068e+03
   38600           -7.66832786e+04            3.86785529e+00            9.96151687e-01            1.00388751e+00     6.807325885663412e+03     6.807808587920335e+03     6.808291509694614e+03     6.808774269759625e+03     6.809257065825412e+03     6.811188245987411e+03
   38800           -7.66199084e+04            1.22322393e+00            9.98789384e-01            1.00123586e+00     6.906502847374622e+03     6.906654985375554e+03     6.906807328595088e+03     6.906959514970987e+03     6.907111738653351e+03     6.907720629932079e+03
   39000           -7.67157090e+04            2.28058074e+00            9.97731334e-01            1.00229254e+00     6.829541080533349e+03     6.829825448624762e+03     6.830110034593668e+03     6.830394456121700e+03     6.830678916177506e+03     6.831816751821662e+03
   39200           -7.67569241e+04            2.35952752e+00            9.97653022e-01            1.00237213e+00     6.902352373853689e+03     6.902646713876631e+03     6.902941292996689e+03     6.903235693540660e+03     6.903530135122975e+03     6.904707896392259e+03
   39400           -7.67637710e+04            6.20230339e-01            9.99390822e-01            1.00063130e+00     6.801336422976888e+03     6.801413028796503e+03     6.801489792126413e+03     6.801566435381960e+03     6.801643107581690e+03     6.801949792186493e+03
   39600           -7.68069833e+04            6.61182746e-01            9.99349126e-01            1.00067150e+00     6.929225151493622e+03     6.929307200946175e+03     6.929389482685492e+03     6.929471602587103e+03     6.929553754615355e+03     6.929882357737088e+03
   39800           -7.67947652e+04            1.23009376e+00            9.98782682e-01            1.00124290e+00     6.893176088546675e+03     6.893329166702867e+03     6.893482436002936e+03     6.893635567766567e+03     6.893788729155602e+03     6.894401369764528e+03
   40000           -7.69995772e+04            2.70327933e+00            9.97311579e-01            1.00271821e+00     6.819628624771947e+03     6.819965710640775e+03     6.820303023144970e+03     6.820640175480723e+03     6.820977360559370e+03     6.822326096346793e+03
   40200           -7.65890313e+04            3.12662319e+00            9.96889767e-01            1.00314310e+00     6.915382765624582e+03     6.915772793532744e+03     6.916163033413109e+03     6.916553126415577e+03     6.916943248331798e+03     6.918503731039013e+03
   40400           -7.66619179e+04            1.40078783e+00            9.98608693e-01            1.00141029e+00     6.811208501696895e+03     6.811382802224875e+03     6.811557322792936e+03     6.811731684111475e+03     6.811906079501282e+03     6.812603657305669e+03
   40600           -7.65880089e+04            3.47371858e-01            9.99663248e-01            1.00035800e+00     6.857985954345577e+03     6.858028420385866e+03     6.858071107153248e+03     6.858113638224931e+03     6.858156201045398e+03     6.858326447745220e+03
   40800           -7.65300163e+04            6.98901379e-01            9.99310463e-01            1.00070828e+00     6.886339209043012e+03     6.886426221467703e+03     6.886513432635188e+03     6.886600515379770e+03     6.886687619296140e+03     6.887036029549269e+03
   41000           -7.66519876e+04            3.01758465e+00            9.96997250e-01            1.00303249e+00     6.881769906329046e+03     6.882146111367866e+03     6.882522583258975e+03     6.882898876402975e+03     6.883275201165851e+03     6.884780496002656e+03
   41200           -7.65230540e+04            2.82095599e+00            9.97193231e-01            1.00283521e+00     6.833979425754153e+03     6.834331482071620e+03     6.834683724786625e+03     6.835035816803180e+03     6.835387948522891e+03     6.836796471291628e+03
   41400           -7.65438810e+04            5.28900841e+00            9.94731586e-01            1.00530972e+00     6.856563519733928e+03     6.857224031506850e+03     6.857884803166383e+03     6.858545400872299e+03     6.859206029977334e+03     6.861848540220740e+03
   41600           -7.66384946e+04            7.83092290e-01            9.99228649e-01            1.00079485e+00     6.819113944098223e+03     6.819211000991126e+03     6.819308290475466e+03     6.819405408483060e+03     6.819502564925833e+03     6.819891185753444e+03
   41800           -7.67953500e+04            1.66014070e+00            9.98348926e-01            1.00166923e+00     6.812302491525311e+03     6.812509174567456e+03     6.812716056161230e+03     6.812922786644534e+03     6.813129553470249e+03     6.813956615415187e+03
   42000           -7.68017056e+04            3.41086020e+00            9.96604714e-01            1.00342651e+00     6.843818137550191e+03     6.844243915933933e+03     6.844669884947787e+03     6.845095714437544e+03     6.845521574768039e+03     6.847225011985888e+03
   42200           -7.67353659e+04            8.76363023e-01            9.99134140e-01            1.00088688e+00     6.824485812425815e+03     6.824594370687175e+03     6.824703112045442e+03     6.824811712353637e+03     6.824920347325165e+03     6.825354882224517e+03
   42400           -7.66818558e+04            2.44575116e-01            9.99764939e-01            1.00025409e+00     6.823288881788528e+03     6.823318459110227e+03     6.823348259336535e+03     6.823377900712868e+03     6.823407575471896e+03     6.823526269155264e+03
   42600           -7.63994578e+04            3.82976987e+00            9.96186935e-01            1.00384657e+00     6.818742865676819e+03     6.819220880517702e+03     6.819699131086368e+03     6.820177211397732e+03     6.820655328129541e+03     6.822567790582263e+03
   42800           -7.64361807e+04            2.94234751e+00            9.97071146e-01            1.00295590e+00     6.797354392781296e+03     6.797721489867768e+03     6.798088808284700e+03     6.798455966742747e+03     6.798823159615474e+03     6.800291926449652e+03
   43000           -7.64466535e+04            7.38044278e+00            9.92657612e-01            1.00741879e+00     6.858833864252625e+03     6.859755556472194e+03     6.860677446418980e+03     6.861599187446072e+03     6.862520963564398e+03     6.866208062876171e+03
   43200           -7.66943245e+04            2.28202274e+00            9.97730227e-01            1.00229432e+00     6.741919478177670e+03     6.742204091703113e+03     6.742488964428157e+03     6.742773653427532e+03     6.743058379803193e+03     6.744197281428715e+03
   43400           -7.66351745e+04            4.97437304e+00            9.95047464e-01            1.00499635e+00     6.806196384984500e+03     6.806817604313463e+03     6.807439032260231e+03     6.808060301738437e+03     6.808681609520766e+03     6.811166834057032e+03
   43600           -7.66429690e+04            8.64076870e-01            9.99145986e-01            1.00087416e+00     6.864468516185160e+03     6.864575896892138e+03     6.864683485586665e+03     6.864790920335598e+03     6.864898390301777e+03     6.865328264418394e+03
   43800           -7.66175323e+04            1.99517771e+00            9.98014164e-01            1.00200455e+00     6.829441963862420e+03     6.829690770703871e+03     6.829939811424155e+03     6.830188689580144e+03     6.830437599699983e+03     6.831433235537547e+03
   44000           -7.66248759e+04            1.53991549e+00            9.98470516e-01            1.00155038e+00     6.814332913755111e+03     6.814524727783455e+03     6.814716765316795e+03     6.814908650707471e+03     6.815100564952533e+03     6.815868216149956e+03
   44200           -7.67531457e+04            3.58288715e+00            9.96430292e-01            1.00359613e+00     6.832643648981153e+03     6.833091230926942e+03     6.833539063269654e+03     6.833986728179174e+03     6.834434422836379e+03     6.836225196691604e+03
   44400           -7.68698980e+04            3.63894483e+00            9.96375432e-01            1.00365339e+00     6.912142231865149e+03     6.912596640922195e+03     6.913051269159063e+03     6.913505732386781e+03     6.913960234346883e+03     6.915778236828616e+03
   44600           -7.68220550e+04            1.30344385e+00            9.98704698e-01            1.00131161e+00     6.738413124270905e+03     6.738575533571769e+03     6.738738151947450e+03     6.738900620233700e+03     6.739063120696529e+03     6.739713117122154e+03
   44800           -7.68602322e+04            3.16055866e-01            9.99694707e-01            1.00032683e+00     6.896012405441102e+03     6.896051390644564e+03     6.896090567861121e+03     6.896129605051016e+03     6.896168672990546e+03     6.896324940539993e+03
   45000           -7.67673938e+04            8.36925715e-01            9.99171484e-01            1.00084535e+00     6.776572347030416e+03     6.776676537667824e+03     6.776780944199361e+03     6.776885194286598e+03     6.776989478247097e+03     6.777406609463779e+03
   45200           -7.66497007e+04            5.04993911e+00            9.94971422e-01            1.00507143e+00     6.848681286042664e+03     6.849312118532589e+03     6.849943173601539e+03     6.850574067193089e+03     6.851204995948307e+03     6.853728705853950e+03
   45400           -7.66363545e+04            2.58247083e+00            9.97431021e-01            1.00259602e+00     6.838319765969069e+03     6.838641622497335e+03     6.838963690493003e+03     6.839285597815145e+03     6.839607543305126e+03     6.840895320641185e+03
   45600           -7.67785342e+04            1.46990143e+00            9.98543415e-01            1.00148325e+00     6.879161565712604e+03     6.879344624262410e+03     6.879527869359105e+03     6.879710967359200e+03     6.879894102870930e+03     6.880626640029256e+03
   45800           -7.66769566e+04            1.00846918e+00            9.99001427e-01            1.00101838e+00     6.818998189243456e+03     6.819123483516406e+03     6.819249034883126e+03     6.819374411108010e+03     6.819499819552225e+03     6.820001449860993e+03
   46000           -7.66756388e+04            2.06242046e+00            9.97948916e-01            1.00207380e+00     6.785539603104914e+03     6.785796729679902e+03     6.786054098309133e+03     6.786311296309273e+03     6.786568529018125e+03     6.787597454931336e+03
   46200           -7.67763539e+04            9.78003306e-01            9.99033702e-01            1.00098973e+00     6.790748274511872e+03     6.790869992949131e+03     6.790991918283685e+03     6.791113701233347e+03     6.791235511527466e+03     6.791722748543060e+03
   46400           -7.66917756e+04            7.20601502e-01            9.99290728e-01            1.00073195e+00     6.844884054710687e+03     6.844973220178309e+03     6.845062602233043e+03     6.845151826052806e+03     6.845241084328228e+03     6.845598113945769e+03
   46600           -7.69330418e+04            3.04907014e+00            9.96966311e-01            1.00306453e+00     6.822262076003759e+03     6.822642334451051e+03     6.823022841933197e+03     6.823403164371287e+03     6.823783528707229e+03     6.825304981410701e+03
   46800           -7.69444627e+04            2.27774788e+00            9.97735248e-01            1.00229080e+00     6.772441883736877e+03     6.772726380754337e+03     6.773011097002399e+03     6.773295652890384e+03     6.773580244099976e+03     6.774718604463075e+03
   47000           -7.67689975e+04            1.25636684e+00            9.98754594e-01            1.00126735e+00     6.816729254978808e+03     6.816885625250088e+03     6.817042233734334e+03     6.817198667624111e+03     6.817355139619095e+03     6.817981024259383e+03
   47200           -7.66557935e+04            5.18239518e-01            9.99489233e-01            1.00052572e+00     6.885177701265296e+03     6.885241981189677e+03     6.885306486524757e+03     6.885370834809304e+03     6.885435214063497e+03     6.885692726861698e+03
   47400           -7.68403544e+04            3.21583831e+00            9.96798516e-01            1.00323026e+00     6.882519470225980e+03     6.882920881498869e+03     6.883322484286022e+03     6.883723933534837e+03     6.884125422810898e+03     6.885731375395816e+03
   47600           -7.67485069e+04            1.14880910e+00            9.98863006e-01            1.00116065e+00     6.834526975660291e+03     6.834669695927677e+03     6.834812663969404e+03     6.834955458276030e+03     6.835098287233683e+03     6.835669598807074e+03
   47800           -7.66262960e+04            1.59657307e+00            9.98414147e-01            1.00160733e+00     6.891336241647103e+03     6.891535191522189e+03     6.891734345170172e+03     6.891933351916923e+03     6.892132390339278e+03     6.892928539031453e+03
   48000           -7.65438415e+04            6.62631462e-01            9.99345557e-01            1.00067083e+00     6.811189135531718e+03     6.811271447064903e+03     6.811353919149145e+03     6.811436261250130e+03     6.811518637769528e+03     6.811848140007339e+03
   48200           -7.66285434e+04            7.65578691e-01            9.99243207e-01            1.00077438e+00     6.875950205538167e+03     6.876045124054011e+03     6.876140282353980e+03     6.876235270757677e+03     6.876330294280284e+03     6.876710383022400e+03
   48400           -7.66253099e+04            4.71214043e+00            9.95306560e-01            1.00473095e+00     6.839357039831256e+03     6.839945543048444e+03     6.840534255265773e+03     6.841122833372937e+03     6.841711432801280e+03     6.844065825771305e+03
   48600           -7.66322120e+04            6.77695814e+00            9.93254024e-01            1.00680815e+00     6.865362814215101e+03     6.866209495643127e+03     6.867056390590618e+03     6.867903123249740e+03     6.868749894680822e+03     6.872136975146542e+03
   48800           -7.64090846e+04            9.23274986e-01            9.99083351e-01            1.00092991e+00     6.819279811713350e+03     6.819394860806267e+03     6.819510167653081e+03     6.819625291031112e+03     6.819740452335025e+03     6.820201092956700e+03
   49000           -7.65469350e+04            3.71585512e+00            9.96303680e-01            1.00373550e+00     6.861838609731479e+03     6.862302803328217e+03     6.862767228808477e+03     6.863231491292448e+03     6.863695786699841e+03     6.865552963668203e+03
   49200           -7.63993922e+04            1.54033227e+00            9.98469044e-01            1.00154974e+00     6.831524735027471e+03     6.831716852260864e+03     6.831909182971906e+03     6.832101356209231e+03     6.832293564927617e+03     6.833062394827763e+03
   49400           -7.63912522e+04            1.32701076e+00            9.98681871e-01            1.00133591e+00     6.825201196526181e+03     6.825366643185694e+03     6.825532298507816e+03     6.825697797994678e+03     6.825863333461252e+03     6.826525470396325e+03
   49600           -7.64795344e+04            1.68185876e+00            9.98328907e-01            1.00169266e+00     6.751398009175023e+03     6.751607652812149e+03     6.751817484734596e+03     6.752027171499145e+03     6.752236894066486e+03     6.753075778957948e+03
   49800           -7.66889870e+04            8.32392755e-01            9.99177097e-01            1.00084190e+00     6.817523076536605e+03     6.817626411828197e+03     6.817729951782811e+03     6.817833336461398e+03     6.817936757850181e+03     6.818350439163759e+03
   50000           -7.68701019e+04            3.44003941e+00            9.96574653e-01            1.00345481e+00     6.783924840134305e+03     6.784354463686353e+03     6.784784323736830e+03     6.785214015187787e+03     6.785643741912185e+03     6.787362643690064e+03
