#This file was generated on Mon Feb 10 22:31:11 2025
#Using the somd command, of the molecular library Sire version <2024.4.0.dev> 
#For more information visit: https://github.com/openbiosim/sire
#
#General information on simulation parameters:
#Simulation used 50000 moves, 1 cycles and 200 ps of simulation time
#Generating lambda is		 1.00000
#Alchemical array is		 (0.0, 0.125, 0.25, 0.375, 0.5, 1.0)
#Generating temperature is 	25°C
#Energy was saved every 200 steps 
#
#
#   [step]               [potential]                [gradient]      [forward Metropolis]     [backward Metropolis]                   [u_kl]
     200           -1.37608947e+05            3.63290770e-01            9.99636775e-01            1.00036336e+00     2.410223535831998e+04     2.410232792884840e+04     2.410242143103594e+04     2.410251429007573e+04     2.410260726863944e+04     2.410297917895890e+04
     400           -1.33402356e+05            4.62982581e-01            9.99537125e-01            1.00046309e+00     2.423464106961319e+04     2.423473917831238e+04     2.423483814180034e+04     2.423493651412642e+04     2.423503499753778e+04     2.423542892546236e+04
     600           -1.31102804e+05            1.35763160e+00            9.98643290e-01            1.00135855e+00     2.416289526500562e+04     2.416310845068155e+04     2.416332257393384e+04     2.416353607402994e+04     2.416374967855152e+04     2.416460409209742e+04
     800           -1.29588541e+05            1.86483601e-01            9.99813534e-01            1.00018650e+00     2.422603448115320e+04     2.422610350112370e+04     2.422617337671036e+04     2.422624265290149e+04     2.422631204527969e+04     2.422658960940617e+04
    1000           -1.28476738e+05            1.94961985e+00            9.98052279e-01            1.00195152e+00     2.419149768148894e+04     2.419178112461406e+04     2.419206542242341e+04     2.419234913331773e+04     2.419263295175905e+04     2.419376822202916e+04
    1200           -1.28017378e+05            1.62670310e+00            9.98374619e-01            1.00162803e+00     2.430968119398890e+04     2.430992965705951e+04     2.431017899215087e+04     2.431042774489292e+04     2.431067659673157e+04     2.431167199947424e+04
    1400           -1.27789096e+05            8.05073458e-01            9.99195251e-01            1.00080540e+00     2.407303659481733e+04     2.407318434952769e+04     2.407333292899855e+04     2.407348092191965e+04     2.407362903235664e+04     2.407422146989595e+04
    1600           -1.27586781e+05            1.79771055e+00            9.98203904e-01            1.00179933e+00     2.424856670570775e+04     2.424884036378044e+04     2.424911482286700e+04     2.424938872397479e+04     2.424966273118741e+04     2.425075875666708e+04
    1800           -1.27008094e+05            8.36900383e-01            9.99163450e-01            1.00083725e+00     2.421649357859805e+04     2.421665378031849e+04     2.421681482169558e+04     2.421697525748158e+04     2.421713581825838e+04     2.421777805791870e+04
    2000           -1.27255563e+05            1.30292710e+00            9.98697921e-01            1.00130378e+00     2.426303319550647e+04     2.426324618606792e+04     2.426345994390512e+04     2.426367316878907e+04     2.426388649454071e+04     2.426473979357496e+04
    2200           -1.27002529e+05            1.01171129e+00            9.98988800e-01            1.00101222e+00     2.413686880185136e+04     2.413704709817187e+04     2.413722628911871e+04     2.413740486811436e+04     2.413758355814414e+04     2.413829831443692e+04
    2400           -1.26993897e+05            1.06450019e-01            9.99893556e-01            1.00010646e+00     2.420397020252903e+04     2.420402771946167e+04     2.420408612686575e+04     2.420414394015805e+04     2.420420185470589e+04     2.420443350688274e+04
    2600           -1.26862745e+05            1.18081453e-01            9.99881926e-01            1.00011809e+00     2.423682682756024e+04     2.423688771425355e+04     2.423694949482945e+04     2.423701065867126e+04     2.423707193717782e+04     2.423731704679540e+04
    2800           -1.26790517e+05            8.07945910e-01            9.99192380e-01            1.00080827e+00     2.428954941803649e+04     2.428968835901392e+04     2.428982819317496e+04     2.428996742086335e+04     2.429010675655929e+04     2.429066409508209e+04
    3000           -1.26821223e+05            3.57185967e-01            9.99642878e-01            1.00035725e+00     2.425351766172623e+04     2.425360983868697e+04     2.425370290230176e+04     2.425379535972243e+04     2.425388792696525e+04     2.425425819220426e+04
    3200           -1.26715128e+05            2.76558080e+00            9.97238240e-01            1.00276941e+00     2.417243503601500e+04     2.417282813858021e+04     2.417322209905262e+04     2.417361545355679e+04     2.417400892789777e+04     2.417558281978054e+04
    3400           -1.26887301e+05            1.80990478e+00            9.98191732e-01            1.00181154e+00     2.409467474389879e+04     2.409494681911092e+04     2.409521968442244e+04     2.409549199777285e+04     2.409576441742151e+04     2.409685409094423e+04
    3600           -1.26729371e+05           -8.76786132e-03            1.00000877e+00            9.99991232e-01     2.422878454406336e+04     2.422882325455825e+04     2.422886278135745e+04     2.422890174729357e+04     2.422894081564330e+04     2.422909708722324e+04
    3800           -1.27003908e+05            4.72288475e-02            9.99952772e-01            1.00004723e+00     2.431533559387887e+04     2.431538892496534e+04     2.431544309670014e+04     2.431549667389995e+04     2.431555036886555e+04     2.431576514385223e+04
    4000           -1.26790648e+05            8.12518506e-01            9.99187811e-01            1.00081285e+00     2.435538800100739e+04     2.435553444300974e+04     2.435568177763116e+04     2.435582849471796e+04     2.435597532721931e+04     2.435656265343122e+04
    4200           -1.26951543e+05            7.37567829e-02            9.99926246e-01            1.00007376e+00     2.412508924898708e+04     2.412514380176723e+04     2.412519918288928e+04     2.412525399104418e+04     2.412530890722381e+04     2.412552856546055e+04
    4400           -1.26546810e+05            9.00756592e-01            9.99099649e-01            1.00090116e+00     2.434806821071649e+04     2.434822522187189e+04     2.434838304543357e+04     2.434854030467853e+04     2.434869767085778e+04     2.434932713099908e+04
    4600           -1.26784846e+05            1.10593328e+00            9.98894678e-01            1.00110655e+00     2.413666269970850e+04     2.413684158573559e+04     2.413702136965978e+04     2.413720055695916e+04     2.413737984396279e+04     2.413809698821708e+04
    4800           -1.26764034e+05            1.66462847e+00            9.98336756e-01            1.00166601e+00     2.416882754918529e+04     2.416908446327347e+04     2.416934216667248e+04     2.416959930765963e+04     2.416985656149700e+04     2.417088557380871e+04
    5000           -1.26641549e+05            1.22583197e+00            9.98774919e-01            1.00122658e+00     2.422443440973181e+04     2.422463761487343e+04     2.422484175958374e+04     2.422504525555688e+04     2.422524887199335e+04     2.422606333425489e+04
    5200           -1.26616237e+05            1.67608357e-01            9.99832406e-01            1.00016762e+00     2.422970454905186e+04     2.422977399344328e+04     2.422984429770435e+04     2.422991400043707e+04     2.422998381884330e+04     2.423026308863473e+04
    5400           -1.26748537e+05            1.82994433e+00            9.98171729e-01            1.00183162e+00     2.427308015696501e+04     2.427335589625772e+04     2.427363245243121e+04     2.427390842227747e+04     2.427418451218755e+04     2.427528886741008e+04
    5600           -1.26436398e+05            5.73424254e-01            9.99426740e-01            1.00057359e+00     2.416487404698372e+04     2.416499574749261e+04     2.416511831110904e+04     2.416524028359791e+04     2.416536236376697e+04     2.416585068055023e+04
    5800           -1.26451467e+05            4.43487948e-01            9.99556610e-01            1.00044359e+00     2.416610332986493e+04     2.416621318338756e+04     2.416632383750589e+04     2.416643391383054e+04     2.416654410990294e+04     2.416698488994095e+04
    6000           -1.26425229e+05            4.96319141e-01            9.99503804e-01            1.00049644e+00     2.432614470078384e+04     2.432625430960674e+04     2.432636463475022e+04     2.432647443127597e+04     2.432658434270849e+04     2.432702398463315e+04
    6200           -1.26695881e+05            1.77243160e+00            9.98229138e-01            1.00177400e+00     2.434265038488683e+04     2.434291695108057e+04     2.434318438565989e+04     2.434345121423247e+04     2.434371815883577e+04     2.434478593278472e+04
    6400           -1.26805166e+05            1.00344001e+00            9.98997063e-01            1.00100394e+00     2.426810710201499e+04     2.426828676088221e+04     2.426846728138140e+04     2.426864720383613e+04     2.426882723956669e+04     2.426954737711839e+04
    6600           -1.26901707e+05            3.45038973e-01            9.99655021e-01            1.00034510e+00     2.421545111688041e+04     2.421553835624525e+04     2.421562633897792e+04     2.421571380862599e+04     2.421580137417310e+04     2.421615163146580e+04
    6800           -1.26909125e+05            1.48450311e+00            9.98516598e-01            1.00148561e+00     2.417980307446810e+04     2.418003678877377e+04     2.418027144563213e+04     2.418050548097569e+04     2.418073961812505e+04     2.418167616178200e+04
    7000           -1.26845501e+05            1.37464470e+00            9.98626300e-01            1.00137559e+00     2.416630289220890e+04     2.416652120577937e+04     2.416674025568628e+04     2.416695879835526e+04     2.416717743534389e+04     2.416805197847887e+04
    7200           -1.26667910e+05            5.43437983e-01            9.99456710e-01            1.00054359e+00     2.421992711419081e+04     2.422004302977890e+04     2.422015980586390e+04     2.422027599809844e+04     2.422039229425395e+04     2.422085747431709e+04
    7400           -1.26613918e+05            5.98525431e-01            9.99401654e-01            1.00059870e+00     2.407520028363198e+04     2.407531793372431e+04     2.407543643842321e+04     2.407555435310919e+04     2.407567237742187e+04     2.407614447121177e+04
    7600           -1.26806047e+05            1.06726908e+00            9.98933300e-01            1.00106784e+00     2.415074420597781e+04     2.415092419782738e+04     2.415110502582687e+04     2.415128527074728e+04     2.415146562695609e+04     2.415218704793436e+04
    7800           -1.26740968e+05            3.20088405e-01            9.99679963e-01            1.00032014e+00     2.423373853959489e+04     2.423382379187977e+04     2.423390999217161e+04     2.423399555503475e+04     2.423408122784460e+04     2.423442391609430e+04
    8000           -1.26537957e+05            5.90706292e+00            9.94110349e-01            1.00592454e+00     2.443448081433039e+04     2.443526028947405e+04     2.443604066502389e+04     2.443682042275010e+04     2.443760029332952e+04     2.444071977232865e+04
    8200           -1.26583085e+05            1.98436516e+00            9.98017602e-01            1.00198634e+00     2.426062285916386e+04     2.426091205426989e+04     2.426120204618709e+04     2.426149147356644e+04     2.426178101296114e+04     2.426293916675843e+04
    8400           -1.26703006e+05            6.96749075e-01            9.99303494e-01            1.00069699e+00     2.423014576197519e+04     2.423027160743050e+04     2.423039838337701e+04     2.423052449925401e+04     2.423065074661870e+04     2.423115573126220e+04
    8600           -1.26580694e+05            7.66817898e-01            9.99233476e-01            1.00076711e+00     2.433807772491696e+04     2.433821993317891e+04     2.433836307683374e+04     2.433850558603407e+04     2.433864820802345e+04     2.433921869112994e+04
    8800           -1.26423122e+05            1.32379343e+00            9.98677082e-01            1.00132467e+00     2.434608348936815e+04     2.434630218329781e+04     2.434652180900907e+04     2.434674080501819e+04     2.434695991116082e+04     2.434783633295349e+04
    9000           -1.26757809e+05            1.93593236e-01            9.99806426e-01            1.00019361e+00     2.424434653303293e+04     2.424441752455697e+04     2.424448938358543e+04     2.424456063988720e+04     2.424463201059111e+04     2.424491748814929e+04
    9200           -1.26821235e+05            2.85084942e+00            9.97153210e-01            1.00285492e+00     2.416737352448874e+04     2.416776974199354e+04     2.416816683462856e+04     2.416856331869028e+04     2.416895991843769e+04     2.417054631238665e+04
    9400           -1.26873894e+05           -6.74148294e-02            1.00006742e+00            9.99932587e-01     2.414704284241412e+04     2.414708269172737e+04     2.414712346414498e+04     2.414716359304231e+04     2.414720384512394e+04     2.414736484783376e+04
    9600           -1.26776298e+05            1.21099941e+00            9.98789734e-01            1.00121173e+00     2.428408755878924e+04     2.428429009426950e+04     2.428449344802847e+04     2.428469620477563e+04     2.428489908775792e+04     2.428571061672661e+04
    9800           -1.26829651e+05            4.39544273e-01            9.99560552e-01            1.00043964e+00     2.413966163293917e+04     2.413976982922172e+04     2.413987893212938e+04     2.413998740845536e+04     2.414009600140450e+04     2.414053036986984e+04
   10000           -1.26881085e+05            1.93670105e-01            9.99806349e-01            1.00019369e+00     2.442071518590016e+04     2.442078665942459e+04     2.442085897426045e+04     2.442093068832471e+04     2.442100252422257e+04     2.442128986254498e+04
   10200           -1.26926770e+05            5.23240380e-01            9.99476896e-01            1.00052338e+00     2.430956642041087e+04     2.430968997973684e+04     2.430981437382376e+04     2.430993817509662e+04     2.431006209500364e+04     2.431055776959641e+04
   10400           -1.26995763e+05            1.18657584e+00            9.98814128e-01            1.00118728e+00     2.417372007361822e+04     2.417391962270907e+04     2.417412012497735e+04     2.417431997661341e+04     2.417451994558503e+04     2.417531981755183e+04
   10600           -1.27001818e+05            1.36545938e+00            9.98635472e-01            1.00136639e+00     2.409493612470996e+04     2.409514602013768e+04     2.409535680075882e+04     2.409556697177432e+04     2.409577725580579e+04     2.409661838690163e+04
   10800           -1.26706032e+05            4.28194639e+00            9.95727208e-01            1.00429113e+00     2.421549040386607e+04     2.421606904866992e+04     2.421664864453641e+04     2.421722759876434e+04     2.421780666512486e+04     2.422012292638365e+04
   11000           -1.26775954e+05            1.79672947e+00            9.98204884e-01            1.00179834e+00     2.409402114134541e+04     2.409429944756287e+04     2.409457856279040e+04     2.409485711371951e+04     2.409513577289942e+04     2.409625040445344e+04
   11200           -1.26713452e+05            1.36597307e+00            9.98634959e-01            1.00136691e+00     2.412050629076342e+04     2.412072779133461e+04     2.412095016525875e+04     2.412117193138993e+04     2.412139381250339e+04     2.412228133424337e+04
   11400           -1.26724360e+05            1.65909735e+00            9.98342278e-01            1.00166047e+00     2.422712559489856e+04     2.422737954291422e+04     2.422763434623539e+04     2.422788857185764e+04     2.422814289960605e+04     2.422916020431354e+04
   11600           -1.26658277e+05            2.87767890e-01            9.99712274e-01            1.00028781e+00     2.423490515960428e+04     2.423499207226775e+04     2.423507976955844e+04     2.423516691679354e+04     2.423525417097246e+04     2.423560318234064e+04
   11800           -1.26790847e+05            3.65165877e-01            9.99634901e-01            1.00036523e+00     2.413605708103420e+04     2.413615485317436e+04     2.413625346534454e+04     2.413635147713184e+04     2.413644961020529e+04     2.413684213937639e+04
   12000           -1.26895683e+05            7.29109903e-02            9.99927092e-01            1.00007291e+00     2.424851654653674e+04     2.424857520054468e+04     2.424863473281321e+04     2.424869365521211e+04     2.424875269318911e+04     2.424898883984148e+04
   12200           -1.26937672e+05            2.37300561e-01            9.99762728e-01            1.00023733e+00     2.418851154764177e+04     2.418859052216713e+04     2.418867023976760e+04     2.418874945075576e+04     2.418882875331883e+04     2.418914595899589e+04
   12400           -1.26865340e+05            1.97137228e+00            9.98030570e-01            1.00197332e+00     2.424848273220334e+04     2.424877809078538e+04     2.424907432692905e+04     2.424936994468996e+04     2.424966568373453e+04     2.425084863526571e+04
   12600           -1.26572231e+05            1.41897247e+00            9.98582034e-01            1.00141998e+00     2.424868134872310e+04     2.424890599087727e+04     2.424913148744982e+04     2.424935640007651e+04     2.424958141848469e+04     2.425048148824629e+04
   12800           -1.26680692e+05            8.83648849e-01            9.99116741e-01            1.00088404e+00     2.426775375497710e+04     2.426791497704083e+04     2.426807702010145e+04     2.426823846954851e+04     2.426840004286090e+04     2.426904633074470e+04
   13000           -1.26964887e+05            9.23976563e-02            9.99907607e-01            1.00009240e+00     2.412010340128134e+04     2.412015871110823e+04     2.412021495522281e+04     2.412027058012706e+04     2.412032630764957e+04     2.412054921401780e+04
   13200           -1.27056468e+05            4.36131630e-01            9.99563963e-01            1.00043623e+00     2.418705634534519e+04     2.418716268856736e+04     2.418726989343046e+04     2.418737649086166e+04     2.418748320789677e+04     2.418791007044835e+04
   13400           -1.27003529e+05            2.89786540e-01            9.99710255e-01            1.00028983e+00     2.419367416092885e+04     2.419375455039741e+04     2.419383574334411e+04     2.419391638210329e+04     2.419399712374283e+04     2.419432008655681e+04
   13600           -1.26734960e+05            1.12972126e-01            9.99887034e-01            1.00011298e+00     2.431361146820523e+04     2.431367670126519e+04     2.431374283093486e+04     2.431380834656655e+04     2.431387397420389e+04     2.431413648020255e+04
   13800           -1.27018206e+05            2.35942774e+00            9.97643354e-01            1.00236221e+00     2.416900804995402e+04     2.416935680456745e+04     2.416970642897633e+04     2.417005545287421e+04     2.417040458924297e+04     2.417180112853192e+04
   14000           -1.26804052e+05            3.21785644e+00            9.96787315e-01            1.00322304e+00     2.419731352481508e+04     2.419776599840820e+04     2.419821938356692e+04     2.419867213647484e+04     2.419912500822189e+04     2.420093649162871e+04
   14200           -1.26811649e+05            9.64424234e-01            9.99036041e-01            1.00096489e+00     2.417511598215412e+04     2.417527833872661e+04     2.417544143112476e+04     2.417560400225862e+04     2.417576667757705e+04     2.417641737299998e+04
   14400           -1.26824623e+05            2.88261609e+00            9.97121535e-01            1.00288677e+00     2.417932348268140e+04     2.417972914917714e+04     2.418013564469283e+04     2.418054158255234e+04     2.418094761735258e+04     2.418257175202376e+04
   14600           -1.26565366e+05            1.80964658e+00            9.98191990e-01            1.00181128e+00     2.424238788548227e+04     2.424266186858218e+04     2.424293669302640e+04     2.424321094554041e+04     2.424348530046565e+04     2.424458271544903e+04
   14800           -1.26647152e+05            1.12848072e-01            9.99887158e-01            1.00011285e+00     2.419624555659702e+04     2.419630104066104e+04     2.419635743507198e+04     2.419641319695020e+04     2.419646907875708e+04     2.419669260091714e+04
   15000           -1.26957504e+05            6.31824421e-02            9.99936820e-01            1.00006318e+00     2.414157232731270e+04     2.414163181698336e+04     2.414169218136606e+04     2.414175193228817e+04     2.414181180264875e+04     2.414205127798480e+04
   15200           -1.26759875e+05            7.99931460e-01            9.99200388e-01            1.00080025e+00     2.422605781203082e+04     2.422621036962900e+04     2.422636380081611e+04     2.422651662968327e+04     2.422666957080989e+04     2.422728132958895e+04
   15400           -1.26537376e+05            2.73508557e+00            9.97268651e-01            1.00273883e+00     2.429524029223611e+04     2.429563218148895e+04     2.429602484900671e+04     2.429641694762000e+04     2.429680916722382e+04     2.429837804221153e+04
   15600           -1.26512029e+05            1.17794907e+00            9.98822744e-01            1.00117864e+00     2.431001239326879e+04     2.431021113874783e+04     2.431041077830958e+04     2.431060980770411e+04     2.431080894693650e+04     2.431160550060420e+04
   15800           -1.26886736e+05            1.39001608e+00            9.98610950e-01            1.00139098e+00     2.421724034516345e+04     2.421746230368820e+04     2.421768516335691e+04     2.421790738764275e+04     2.421812973644938e+04     2.421901912773530e+04
   16000           -1.26625763e+05            5.68757538e-01            9.99431404e-01            1.00056892e+00     2.428808267611914e+04     2.428819819098205e+04     2.428831453953359e+04     2.428843029942933e+04     2.428854617474150e+04     2.428900967336386e+04
   16200           -1.26731826e+05            1.92689404e+00            9.98074961e-01            1.00192875e+00     2.414936195980743e+04     2.414965515792703e+04     2.414994920422218e+04     2.415024266141070e+04     2.415053623006048e+04     2.415171050031352e+04
   16400           -1.26600536e+05            4.11870404e-02            9.99958814e-01            1.00004119e+00     2.413253553525576e+04     2.413259044547960e+04     2.413264621063260e+04     2.413270138010392e+04     2.413275666285690e+04     2.413297779045804e+04
   16600           -1.26620829e+05            1.14464725e+00            9.98856008e-01            1.00114530e+00     2.416784185670935e+04     2.416803421645975e+04     2.416822739861390e+04     2.416842001070876e+04     2.416861273026976e+04     2.416938360383016e+04
   16800           -1.26620940e+05            2.17499280e+00            9.97827371e-01            1.00217736e+00     2.417096612098561e+04     2.417128462616442e+04     2.417160390300091e+04     2.417192262485495e+04     2.417224146118264e+04     2.417351680137966e+04
   17000           -1.26829376e+05            1.95011920e+00            9.98051781e-01            1.00195202e+00     2.420895788162562e+04     2.420923838675066e+04     2.420951977223615e+04     2.420980055057130e+04     2.421008144204790e+04     2.421120500247019e+04
   17200           -1.27117766e+05            1.61816462e+00            9.98383144e-01            1.00161947e+00     2.414231144913670e+04     2.414256650565987e+04     2.414282249478904e+04     2.414307784015169e+04     2.414333330510191e+04     2.414435516106712e+04
   17400           -1.26894133e+05            2.35190382e+00            9.97650860e-01            1.00235467e+00     2.417013927932723e+04     2.417048228395218e+04     2.417082614640965e+04     2.417116937776536e+04     2.417151274553459e+04     2.417288621174194e+04
   17600           -1.26948030e+05            1.69660436e+00            9.98304834e-01            1.00169804e+00     2.436547841955358e+04     2.436573624662670e+04     2.436599492298653e+04     2.436625298669660e+04     2.436651117742347e+04     2.436754393529336e+04
   17800           -1.26602030e+05           -1.27762052e-01            1.00012777e+00            9.99872246e-01     2.402558893803189e+04     2.402561514158712e+04     2.402564207210560e+04     2.402566849255541e+04     2.402569501245466e+04     2.402580108687744e+04
   18000           -1.26798331e+05            1.29446456e+00            9.98706373e-01            1.00129530e+00     2.405468321509711e+04     2.405489014117235e+04     2.405509788201060e+04     2.405530506106619e+04     2.405551234415951e+04     2.405634147322192e+04
   18200           -1.26475943e+05            6.15648902e-01            9.99384541e-01            1.00061584e+00     2.424448643022471e+04     2.424461279259413e+04     2.424474004446718e+04     2.424486667261923e+04     2.424499342145849e+04     2.424550041269228e+04
   18400           -1.26524430e+05            1.11661741e+00            9.98884006e-01            1.00111724e+00     2.422858829980103e+04     2.422877887677555e+04     2.422897033325325e+04     2.422916119394764e+04     2.422935216011285e+04     2.423011602042468e+04
   18600           -1.26728327e+05            3.81769473e-01            9.99618303e-01            1.00038184e+00     2.415346828284976e+04     2.415356816754166e+04     2.415366890846506e+04     2.415376902431727e+04     2.415386927294518e+04     2.415427026304061e+04
   18800           -1.26775188e+05            2.82879456e+00            9.97175203e-01            1.00283280e+00     2.418954054855515e+04     2.418993928983482e+04     2.419033881862116e+04     2.419073779251765e+04     2.419113687527224e+04     2.419273320198933e+04
   19000           -1.26641413e+05            1.76143142e+00            9.98240119e-01            1.00176298e+00     2.421738866675787e+04     2.421765209320769e+04     2.421791636090026e+04     2.421818004253292e+04     2.421844383597633e+04     2.421949900519479e+04
   19200           -1.26898596e+05            5.05388502e-01            9.99494739e-01            1.00050552e+00     2.419937572814872e+04     2.419948702314145e+04     2.419959920624588e+04     2.419971079755469e+04     2.419982248905320e+04     2.420026924995768e+04
   19400           -1.26969234e+05            3.57568863e+00            9.96430697e-01            1.00358209e+00     2.423426489445919e+04     2.423476339303978e+04     2.423526285720282e+04     2.423576168171849e+04     2.423626061200371e+04     2.423825632954823e+04
   19600           -1.26931541e+05            2.89606200e+00            9.97108128e-01            1.00290026e+00     2.408632313930741e+04     2.408673866924286e+04     2.408715496614640e+04     2.408757073128729e+04     2.408798659724154e+04     2.408965005517567e+04
   19800           -1.26984941e+05            2.06242984e+00            9.97939696e-01            1.00206456e+00     2.424156107970659e+04     2.424186162322753e+04     2.424216301452676e+04     2.424246381878560e+04     2.424276473304059e+04     2.424396838637458e+04
   20000           -1.26641137e+05            9.15996912e-01            9.99084422e-01            1.00091642e+00     2.416925747504677e+04     2.416941673749737e+04     2.416957676385737e+04     2.416973623898100e+04     2.416989582858351e+04     2.417053418212025e+04
   20200           -1.26899712e+05            1.16896516e+00            9.98831718e-01            1.00116965e+00     2.414032786579987e+04     2.414052480570120e+04     2.414072264906143e+04     2.414091988672934e+04     2.414111722846645e+04     2.414190659113304e+04
   20400           -1.26839769e+05            6.55954265e-01            9.99344261e-01            1.00065617e+00     2.417055723286368e+04     2.417068381751989e+04     2.417081134698995e+04     2.417093823798354e+04     2.417106524129716e+04     2.417157324973065e+04
   20600           -1.26732095e+05            3.99913999e+00            9.96008846e-01            1.00400715e+00     2.424565506908551e+04     2.424619951764878e+04     2.424674477352252e+04     2.424728949370972e+04     2.424783430263479e+04     2.425001353618407e+04
   20800           -1.26519629e+05            1.83692720e+00            9.98164759e-01            1.00183862e+00     2.409488089784985e+04     2.409515560793279e+04     2.409543114783321e+04     2.409570611191445e+04     2.409598118470034e+04     2.409708147155084e+04
   21000           -1.26545013e+05            7.16268957e-01            9.99283988e-01            1.00071653e+00     2.416628545928043e+04     2.416642472866523e+04     2.416656481019943e+04     2.416670430796643e+04     2.416684392545636e+04     2.416740239163229e+04
   21200           -1.26704359e+05            8.84853262e-01            9.99115538e-01            1.00088524e+00     2.428072938868133e+04     2.428088662089136e+04     2.428104470314383e+04     2.428120221326588e+04     2.428135982273468e+04     2.428199025678803e+04
   21400           -1.26746068e+05            2.24182661e+00            9.97760684e-01            1.00224434e+00     2.415855323394279e+04     2.415888270662669e+04     2.415921301789790e+04     2.415954274131701e+04     2.415987257874828e+04     2.416119192355378e+04
   21600           -1.26763385e+05            9.70650558e-01            9.99029820e-01            1.00097112e+00     2.418441883109677e+04     2.418458276031430e+04     2.418474751241350e+04     2.418491169047751e+04     2.418507597866648e+04     2.418573312623619e+04
   21800           -1.26584416e+05            8.97048516e-01            9.99103354e-01            1.00089745e+00     2.423705797726075e+04     2.423721041537128e+04     2.423736367579894e+04     2.423751638351605e+04     2.423766918686129e+04     2.423828039646183e+04
   22000           -1.26536466e+05            1.53412035e+00            9.98467056e-01            1.00153530e+00     2.412766156850224e+04     2.412789300869280e+04     2.412812537044644e+04     2.412835709968565e+04     2.412858894524747e+04     2.412951632199270e+04
   22200           -1.26636139e+05            3.78490743e-01            9.99621581e-01            1.00037856e+00     2.418970211255301e+04     2.418980926192580e+04     2.418991733623100e+04     2.419002475779122e+04     2.419013230724493e+04     2.419056250193684e+04
   22400           -1.26803883e+05            2.60759757e+00            9.97395799e-01            1.00261100e+00     2.419965580122901e+04     2.420002155316010e+04     2.420038814623834e+04     2.420075413242947e+04     2.420112024443812e+04     2.420258468764723e+04
   22600           -1.27048561e+05            8.15069185e-02            9.99918496e-01            1.00008151e+00     2.412830281976537e+04     2.412836215105393e+04     2.412842235141806e+04     2.412848193844167e+04     2.412854164567622e+04     2.412878047158706e+04
   22800           -1.27067323e+05            1.33026649e+00            9.98670618e-01            1.00133115e+00     2.409693806644104e+04     2.409714975332771e+04     2.409736226787525e+04     2.409757417914768e+04     2.409778621800747e+04     2.409863436957391e+04
   23000           -1.26763496e+05            7.02948447e-01            9.99297299e-01            1.00070320e+00     2.417659954539193e+04     2.417672964134060e+04     2.417686055828017e+04     2.417699089827319e+04     2.417712135039353e+04     2.417764315539512e+04
   23200           -1.26818965e+05            7.68748151e-01            9.99231547e-01            1.00076904e+00     2.424415081767920e+04     2.424429609166004e+04     2.424444223362021e+04     2.424458778648157e+04     2.424473344435456e+04     2.424531607102992e+04
   23400           -1.26631202e+05            1.77917652e+00            9.98222405e-01            1.00178076e+00     2.424446332953815e+04     2.424473983282351e+04     2.424501712999578e+04     2.424529384855584e+04     2.424557068961786e+04     2.424667804969758e+04
   23600           -1.26877571e+05            7.96617574e-01            9.99203700e-01            1.00079693e+00     2.432147546510799e+04     2.432161963207071e+04     2.432176464329303e+04     2.432190909536345e+04     2.432205364052583e+04     2.432263181594367e+04
   23800           -1.26855850e+05            9.69446495e-01            9.99031023e-01            1.00096992e+00     2.428042140728684e+04     2.428059094515910e+04     2.428076134611502e+04     2.428093115316766e+04     2.428110106984362e+04     2.428178073240041e+04
   24000           -1.26870015e+05            3.39624832e-01            9.99660433e-01            1.00033968e+00     2.422611611433810e+04     2.422620672698974e+04     2.422629821420706e+04     2.422638913827163e+04     2.422648014729409e+04     2.422684418025007e+04
   24200           -1.27205527e+05            2.20618213e+00            9.97796250e-01            1.00220862e+00     2.417748390032656e+04     2.417780639646342e+04     2.417812975503576e+04     2.417845252991988e+04     2.417877540760894e+04     2.418006691489131e+04
   24400           -1.26802180e+05            1.14015824e+00            9.98860491e-01            1.00114081e+00     2.414600099984163e+04     2.414619533268373e+04     2.414639055737128e+04     2.414658519133463e+04     2.414677992351808e+04     2.414755884719454e+04
   24600           -1.26836545e+05            1.35771552e+00            9.98643206e-01            1.00135864e+00     2.414527695193355e+04     2.414548967313466e+04     2.414570322532117e+04     2.414591620670536e+04     2.414612929271358e+04     2.414698163349360e+04
   24800           -1.27042337e+05            1.74115474e+00            9.98260360e-01            1.00174267e+00     2.410447237378247e+04     2.410473936323617e+04     2.410500729259311e+04     2.410527461074627e+04     2.410554202470453e+04     2.410661167562659e+04
   25000           -1.26953296e+05            1.37872325e+00            9.98622227e-01            1.00137967e+00     2.409301374366339e+04     2.409323744522582e+04     2.409346193844984e+04     2.409368588423694e+04     2.409390993247428e+04     2.409480612128517e+04
   25200           -1.26735581e+05            5.65605370e-01            9.99434555e-01            1.00056577e+00     2.425221696951681e+04     2.425232904894937e+04     2.425244194382598e+04     2.425255423759476e+04     2.425266666130125e+04     2.425311635308570e+04
   25400           -1.26696909e+05            9.21780753e-01            9.99078644e-01            1.00092221e+00     2.418235417665218e+04     2.418251848246331e+04     2.418268369085516e+04     2.418284828851339e+04     2.418301299398501e+04     2.418367181131784e+04
   25600           -1.26817267e+05            1.41667010e+00            9.98584333e-01            1.00141767e+00     2.430599079252786e+04     2.430621194493041e+04     2.430643398914256e+04     2.430665541848074e+04     2.430687696187590e+04     2.430776313122392e+04
   25800           -1.26966925e+05            2.28713197e-01            9.99771313e-01            1.00022874e+00     2.416724302918995e+04     2.416732005864400e+04     2.416739794301526e+04     2.416747522389180e+04     2.416755262353225e+04     2.416786221787454e+04
   26000           -1.26906751e+05            2.56818080e-01            9.99743215e-01            1.00025685e+00     2.421803905282044e+04     2.421812372437381e+04     2.421820921792471e+04     2.421829413865333e+04     2.421837916726031e+04     2.421871928170017e+04
   26200           -1.26875075e+05            7.32774399e-01            9.99267494e-01            1.00073304e+00     2.413462555331373e+04     2.413477696477445e+04     2.413492930580040e+04     2.413508099188444e+04     2.413523280602924e+04     2.413584005874475e+04
   26400           -1.27031893e+05            4.49485236e-01            9.99550616e-01            1.00044959e+00     2.416000352821119e+04     2.416010507756850e+04     2.416020749089660e+04     2.416030930561942e+04     2.416041123302220e+04     2.416081893783322e+04
   26600           -1.26776463e+05            1.07110556e+00            9.98929468e-01            1.00107168e+00     2.419052899895161e+04     2.419071548819475e+04     2.419090279005027e+04     2.419108952773987e+04     2.419127637223840e+04     2.419202374552519e+04
   26800           -1.26747835e+05            4.66739662e-01            9.99533369e-01            1.00046685e+00     2.425434943120330e+04     2.425445087647151e+04     2.425455324654965e+04     2.425465498742904e+04     2.425475684140787e+04     2.425516425161244e+04
   27000           -1.26708170e+05            2.03275786e+00            9.97969307e-01            1.00203483e+00     2.422813345634635e+04     2.422843349967084e+04     2.422873432419646e+04     2.422903461505110e+04     2.422933500265903e+04     2.423053654897172e+04
   27200           -1.26616872e+05            1.12312606e+00            9.98877504e-01            1.00112376e+00     2.411129780880760e+04     2.411149225799053e+04     2.411168761078766e+04     2.411188235193758e+04     2.411207720090604e+04     2.411285659300448e+04
   27400           -1.26809539e+05            1.55252472e+00            9.98448680e-01            1.00155373e+00     2.409237542898787e+04     2.409262139893902e+04     2.409286817471909e+04     2.409311440177041e+04     2.409336072806384e+04     2.409434602713981e+04
   27600           -1.26870812e+05            6.89437142e-01            9.99310800e-01            1.00068967e+00     2.418347845649880e+04     2.418361173778110e+04     2.418374595828858e+04     2.418387954788453e+04     2.418401324565980e+04     2.418454803482080e+04
   27800           -1.26762994e+05            1.38633216e+00            9.98614628e-01            1.00138729e+00     2.413348382811704e+04     2.413370697982906e+04     2.413393101864318e+04     2.413415444312099e+04     2.413437798282667e+04     2.413527213753630e+04
   28000           -1.26677093e+05            1.73466796e+00            9.98266836e-01            1.00173617e+00     2.419680209646079e+04     2.419707257579240e+04     2.419734396932714e+04     2.419761473244433e+04     2.419788561257710e+04     2.419896912869342e+04
   28200           -1.26872013e+05            6.13348355e-01            9.99386840e-01            1.00061354e+00     2.414954431956659e+04     2.414967441049885e+04     2.414980530772301e+04     2.414993564525721e+04     2.415006608889252e+04     2.415058785821846e+04
   28400           -1.26749981e+05            1.43522378e-02            9.99985648e-01            1.00001435e+00     2.422221102810571e+04     2.422226864583779e+04     2.422232709546630e+04     2.422238496587250e+04     2.422244294643692e+04     2.422267486476814e+04
   28600           -1.26679567e+05            6.72058866e-01            9.99328167e-01            1.00067228e+00     2.415820778895565e+04     2.415833576879840e+04     2.415846457807032e+04     2.415859280290923e+04     2.415872114245534e+04     2.415923449595503e+04
   28800           -1.26484135e+05            3.01811370e-02            9.99969819e-01            1.00003018e+00     2.420122497256898e+04     2.420127044649583e+04     2.420131685452219e+04     2.420136263120249e+04     2.420140851895036e+04     2.420159206533173e+04
   29000           -1.26859835e+05            8.64816490e-01            9.99135557e-01            1.00086519e+00     2.412638377476903e+04     2.412653842449766e+04     2.412669393153907e+04     2.412684885313918e+04     2.412700388067701e+04     2.412762398658499e+04
   29200           -1.26620127e+05            1.43722175e+00            9.98563811e-01            1.00143826e+00     2.410770173218043e+04     2.410792874066117e+04     2.410815653328822e+04     2.410838376032301e+04     2.410861110401495e+04     2.410952047584948e+04
   29400           -1.27033898e+05            5.02701232e-02            9.99949731e-01            1.00005027e+00     2.405992483831736e+04     2.405997235339917e+04     2.406002073036387e+04     2.406006850976331e+04     2.406011640177887e+04     2.406030796524037e+04
   29600           -1.27007757e+05            6.35085288e-01            9.99365116e-01            1.00063529e+00     2.408381965797682e+04     2.408394379184905e+04     2.408406889881900e+04     2.408419334896494e+04     2.408431791415490e+04     2.408481617033299e+04
   29800           -1.26861515e+05           -1.67887081e-01            1.00016790e+00            9.99832127e-01     2.421222269924127e+04     2.421224684600121e+04     2.421227187424768e+04     2.421229630257700e+04     2.421232083816903e+04     2.421241897709680e+04
   30000           -1.26627090e+05            1.38529969e+00            9.98615659e-01            1.00138626e+00     2.414147633348450e+04     2.414169608266104e+04     2.414191666066338e+04     2.414213665867315e+04     2.414235676863256e+04     2.414323720378062e+04
   30200           -1.26685825e+05            6.00605352e+00            9.94011947e-01            1.00602413e+00     2.419190980165875e+04     2.419271308606661e+04     2.419351721180981e+04     2.419432075835126e+04     2.419512441167633e+04     2.419833902169390e+04
   30400           -1.26795769e+05            1.04255398e+00            9.98957989e-01            1.00104310e+00     2.417008426385451e+04     2.417026484763554e+04     2.417044639244682e+04     2.417062729921480e+04     2.417080831248703e+04     2.417153236111954e+04
   30600           -1.26861162e+05            5.51636191e-01            9.99448516e-01            1.00055179e+00     2.412178507157517e+04     2.412189817102155e+04     2.412201213347095e+04     2.412212549879706e+04     2.412223897552379e+04     2.412269287947241e+04
   30800           -1.26908090e+05            5.58591669e-01            9.99441564e-01            1.00055875e+00     2.413783621994697e+04     2.413795336078289e+04     2.413807134451633e+04     2.413818874557321e+04     2.413830625509727e+04     2.413877629024757e+04
   31000           -1.27140888e+05            3.08367933e-01            9.99691680e-01            1.00030842e+00     2.402091705128014e+04     2.402099442657526e+04     2.402107266759754e+04     2.402115031532368e+04     2.402122807200547e+04     2.402153909273079e+04
   31200           -1.26924986e+05            2.90903293e+00            9.97095194e-01            1.00291327e+00     2.411945933888378e+04     2.411987220131305e+04     2.412028589939640e+04     2.412069901132948e+04     2.412111223692376e+04     2.412276513496374e+04
   31400           -1.26985881e+05            8.42540031e-01            9.99157815e-01            1.00084290e+00     2.427963381972510e+04     2.427978705967669e+04     2.427994115611367e+04     2.428009469732249e+04     2.428024832484810e+04     2.428086282997109e+04
   31600           -1.26977128e+05            3.28193217e-01            9.99671861e-01            1.00032825e+00     2.423169731227286e+04     2.423178351713306e+04     2.423187060302578e+04     2.423195705631184e+04     2.423204363928660e+04     2.423238996630035e+04
   31800           -1.26893887e+05            1.22865543e+00            9.98772099e-01            1.00122941e+00     2.414876761132537e+04     2.414896077275299e+04     2.414915478018761e+04     2.414934820268964e+04     2.414954173457156e+04     2.415031585781775e+04
   32000           -1.26797503e+05            7.88459340e-01            9.99211851e-01            1.00078877e+00     2.419948858753647e+04     2.419963408969417e+04     2.419978043448655e+04     2.419992618387243e+04     2.420007205110336e+04     2.420065551467024e+04
   32200           -1.26888780e+05            8.61172541e-01            9.99139198e-01            1.00086154e+00     2.409782962072848e+04     2.409798446819360e+04     2.409814021993306e+04     2.409829536546939e+04     2.409845061544838e+04     2.409907161016828e+04
   32400           -1.26897379e+05            2.07306962e+00            9.97929078e-01            1.00207522e+00     2.402156602101653e+04     2.402188104352981e+04     2.402219682733290e+04     2.402251206064019e+04     2.402282740846557e+04     2.402408879591462e+04
   32600           -1.26706020e+05            2.49849749e+00            9.97504621e-01            1.00250162e+00     2.423227557221768e+04     2.423263938941853e+04     2.423300413164438e+04     2.423336826206018e+04     2.423373249312880e+04     2.423518941403992e+04
   32800           -1.26488096e+05            1.12799272e+00            9.98872643e-01            1.00112863e+00     2.410222833182288e+04     2.410242188994799e+04     2.410261628880506e+04     2.410281009241778e+04     2.410300401378126e+04     2.410377969573964e+04
   33000           -1.26531662e+05            5.05795947e-01            9.99494332e-01            1.00050592e+00     2.418770475114405e+04     2.418781929992662e+04     2.418793466714024e+04     2.418804946957183e+04     2.418816437746380e+04     2.418862400378356e+04
   33200           -1.26683305e+05            6.35315100e-01            9.99364887e-01            1.00063552e+00     2.423212600745170e+04     2.423226045331966e+04     2.423239562226777e+04     2.423253028210624e+04     2.423266504236752e+04     2.423320407728333e+04
   33400           -1.26798990e+05            1.18005719e+00            9.98820639e-01            1.00118075e+00     2.420229064798257e+04     2.420248713625970e+04     2.420268439174389e+04     2.420288109539541e+04     2.420307791256774e+04     2.420386517715291e+04
   33600           -1.26740868e+05            2.66102346e+00            9.97342514e-01            1.00266457e+00     2.429794270105057e+04     2.429831969774816e+04     2.429869754534545e+04     2.429907479449725e+04     2.429945216003589e+04     2.430096161902120e+04
   33800           -1.26871209e+05            1.31243396e-01            9.99868765e-01            1.00013125e+00     2.424029525973482e+04     2.424035725845427e+04     2.424042011562455e+04     2.424048236745303e+04     2.424054473850467e+04     2.424079421727451e+04
   34000           -1.26840406e+05            2.20555336e-01            9.99779469e-01            1.00022058e+00     2.425339905377318e+04     2.425347392406873e+04     2.425354965135447e+04     2.425362478029218e+04     2.425370002347727e+04     2.425400099318137e+04
   34200           -1.26825945e+05            2.31436031e-01            9.99768591e-01            1.00023146e+00     2.425372434176445e+04     2.425380638442969e+04     2.425388920787488e+04     2.425397148664109e+04     2.425405386912515e+04     2.425438339648583e+04
   34400           -1.27042148e+05            9.62820964e-01            9.99037642e-01            1.00096328e+00     2.415561446966717e+04     2.415578373140720e+04     2.415595380931712e+04     2.415612333629945e+04     2.415629295983047e+04     2.415697144999377e+04
   34600           -1.26926414e+05            3.20391958e-01            9.99679659e-01            1.00032044e+00     2.409143898301349e+04     2.409152938899021e+04     2.409162057777206e+04     2.409171121379437e+04     2.409180195888871e+04     2.409216493476392e+04
   34800           -1.27042255e+05            5.12777118e-01            9.99487354e-01            1.00051291e+00     2.422409012583510e+04     2.422419669822916e+04     2.422430413130533e+04     2.422441097978611e+04     2.422451793196317e+04     2.422494573809124e+04
   35000           -1.27090107e+05            2.17305923e+00            9.97829300e-01            1.00217542e+00     2.419227814048186e+04     2.419260130516602e+04     2.419292525394870e+04     2.419324862602600e+04     2.419357212235040e+04     2.419486610421893e+04
   35200           -1.27067231e+05            3.02808957e-01            9.99697237e-01            1.00030285e+00     2.417392494808684e+04     2.417400814912152e+04     2.417409220794990e+04     2.417417566771768e+04     2.417425924182876e+04     2.417459353557068e+04
   35400           -1.26925793e+05            6.26331335e-01            9.99373865e-01            1.00062653e+00     2.427241166758403e+04     2.427253850787211e+04     2.427266623344321e+04     2.427279333017167e+04     2.427292055252870e+04     2.427342943747337e+04
   35600           -1.27084593e+05            1.85358176e+00            9.98148135e-01            1.00185530e+00     2.415768359142686e+04     2.415796165910232e+04     2.415824059450921e+04     2.415851894727369e+04     2.415879740102330e+04     2.415991121061975e+04
   35800           -1.27065741e+05            1.01028978e+00            9.98990220e-01            1.00101080e+00     2.406956652405392e+04     2.406974295513862e+04     2.406992028461328e+04     2.407009700899154e+04     2.407027383844860e+04     2.407098115284327e+04
   36000           -1.26966325e+05            8.82941211e-01            9.99117448e-01            1.00088333e+00     2.408263763013753e+04     2.408279903069530e+04     2.408296135988040e+04     2.408312305670397e+04     2.408328486733099e+04     2.408393210452444e+04
   36200           -1.26899460e+05            1.64707128e+00            9.98354284e-01            1.00164843e+00     2.417416336114551e+04     2.417441342009946e+04     2.417466426755476e+04     2.417491458611995e+04     2.417516499571200e+04     2.417616663027850e+04
   36400           -1.26926177e+05            7.36294621e-01            9.99263976e-01            1.00073657e+00     2.417425520527584e+04     2.417439177702632e+04     2.417452918269243e+04     2.417466599265064e+04     2.417480292301319e+04     2.417535064075053e+04
   36600           -1.26822710e+05            8.27891427e-01            9.99172451e-01            1.00082823e+00     2.420356290441241e+04     2.420372137042335e+04     2.420388073246751e+04     2.420403946388054e+04     2.420419831839667e+04     2.420483373238093e+04
   36800           -1.26862777e+05            3.65567946e-01            9.99634499e-01            1.00036563e+00     2.430221485292794e+04     2.430230445201654e+04     2.430239486653724e+04     2.430248468398126e+04     2.430257462943002e+04     2.430293440593210e+04
   37000           -1.26930809e+05            8.13474782e-01            9.99186856e-01            1.00081381e+00     2.425798806978519e+04     2.425813653702602e+04     2.425828584005234e+04     2.425843455861863e+04     2.425858339002253e+04     2.425917871025988e+04
   37200           -1.27033642e+05            1.77304071e+00            9.98228530e-01            1.00177461e+00     2.417390569626837e+04     2.417417310516662e+04     2.417444136178940e+04     2.417470903335665e+04     2.417497681379992e+04     2.417604793133146e+04
   37400           -1.26952582e+05            7.94252573e-01            9.99206063e-01            1.00079457e+00     2.405657615649295e+04     2.405671867477174e+04     2.405686203766857e+04     2.405700481425200e+04     2.405714770127138e+04     2.405771924604980e+04
   37600           -1.26903920e+05            1.49712817e+00            9.98503992e-01            1.00149825e+00     2.425608617415476e+04     2.425632514037603e+04     2.425656487125942e+04     2.425680406312811e+04     2.425704336119797e+04     2.425800054824118e+04
   37800           -1.26613935e+05            3.73288118e-01            9.99626782e-01            1.00037336e+00     2.431617178340169e+04     2.431627050086438e+04     2.431637003069750e+04     2.431646898291664e+04     2.431656805101743e+04     2.431696431863317e+04
   38000           -1.26832603e+05            1.18000230e+00            9.98820694e-01            1.00118070e+00     2.432063822578272e+04     2.432082894822843e+04     2.432102056276452e+04     2.432121158221662e+04     2.432140270232976e+04     2.432216717887680e+04
   38200           -1.26896582e+05            2.05789173e+00            9.97944224e-01            1.00206001e+00     2.412672129301264e+04     2.412702941754661e+04     2.412733839387339e+04     2.412764676823337e+04     2.412795526119881e+04     2.412918922938499e+04
   38400           -1.26950822e+05            4.74023669e-01            9.99526089e-01            1.00047414e+00     2.408609735737182e+04     2.408620444014428e+04     2.408631245518222e+04     2.408641984557079e+04     2.408652734325768e+04     2.408695732914355e+04
   38600           -1.26875810e+05            6.43326878e-01            9.99356880e-01            1.00064353e+00     2.414798660506919e+04     2.414810810585928e+04     2.414823048973993e+04     2.414835227995574e+04     2.414847417349334e+04     2.414896174191750e+04
   38800           -1.26789298e+05            1.32643971e+00            9.98674440e-01            1.00132732e+00     2.427616560676613e+04     2.427638036379536e+04     2.427659594406471e+04     2.427681093004012e+04     2.427702603843684e+04     2.427788647010755e+04
   39000           -1.26723858e+05            2.32171579e-01            9.99767855e-01            1.00023220e+00     2.423579386928767e+04     2.423586956609072e+04     2.423594612305614e+04     2.423602208929147e+04     2.423609816415046e+04     2.423640245901324e+04
   39200           -1.26809749e+05            5.98853254e-01            9.99401326e-01            1.00059903e+00     2.415116835161931e+04     2.415128826829566e+04     2.415140899038571e+04     2.415152913128076e+04     2.415164939236694e+04     2.415213043311456e+04
   39400           -1.26769251e+05            1.58572883e+00            9.98415528e-01            1.00158699e+00     2.418802099131346e+04     2.418826936901756e+04     2.418851853527977e+04     2.418876713978366e+04     2.418901585703744e+04     2.419001072276142e+04
   39600           -1.26691783e+05            1.44999485e+00            9.98551056e-01            1.00145105e+00     2.411399661480845e+04     2.411422874723179e+04     2.411446177589147e+04     2.411469418461236e+04     2.411492670891133e+04     2.411585680301422e+04
   39800           -1.26671842e+05            3.12537689e+00            9.96879502e-01            1.00313027e+00     2.409182314254576e+04     2.409226479790577e+04     2.409270730857726e+04     2.409314922970938e+04     2.409359126022606e+04     2.409535937790635e+04
   40000           -1.26769923e+05            1.38496887e+00            9.98615990e-01            1.00138593e+00     2.404891665372170e+04     2.404913165333555e+04     2.404934753986034e+04     2.404956281272239e+04     2.404977820050464e+04     2.405063974728759e+04
   40200           -1.26786251e+05            4.05883530e-01            9.99594199e-01            1.00040597e+00     2.411797890933272e+04     2.411807923826646e+04     2.411818046090952e+04     2.411828107949108e+04     2.411838180440020e+04     2.411878469946768e+04
   40400           -1.26724283e+05            5.39063247e-01            9.99461082e-01            1.00053921e+00     2.407293417683788e+04     2.407304411714942e+04     2.407315490744367e+04     2.407326508449634e+04     2.407337538847993e+04     2.407381660012199e+04
   40600           -1.26928852e+05            5.84152891e-01            9.99416018e-01            1.00058432e+00     2.402337750746686e+04     2.402350334808130e+04     2.402362998638209e+04     2.402375606742621e+04     2.402388225561017e+04     2.402438700375347e+04
   40800           -1.26764426e+05            4.34839287e-01            9.99565255e-01            1.00043493e+00     2.415101437179388e+04     2.415111495415130e+04     2.415121634011530e+04     2.415131715601990e+04     2.415141808559484e+04     2.415182179939580e+04
   41000           -1.26615620e+05            4.14245164e+00            9.95866116e-01            1.00415104e+00     2.422043044829478e+04     2.422099641280971e+04     2.422156324870917e+04     2.422212947099443e+04     2.422269581289993e+04     2.422496117750508e+04
   41200           -1.26822126e+05            1.30003861e+00            9.98700806e-01            1.00130088e+00     2.413905477000601e+04     2.413926017268464e+04     2.413946644997375e+04     2.413967214893891e+04     2.413987794342149e+04     2.414070111683696e+04
   41400           -1.26792239e+05            5.52661927e-01            9.99447491e-01            1.00055281e+00     2.420787431142579e+04     2.420799190899044e+04     2.420811033575128e+04     2.420822819918812e+04     2.420834616318592e+04     2.420881801494605e+04
   41600           -1.26742031e+05            2.28051540e+00            9.97722083e-01            1.00228312e+00     2.413269101325612e+04     2.413302570894673e+04     2.413336129708318e+04     2.413369628007805e+04     2.413403136970570e+04     2.413537172615529e+04
   41800           -1.26643902e+05            6.61225355e+00            9.93409559e-01            1.00663416e+00     2.416983779086271e+04     2.417071597188642e+04     2.417159500581410e+04     2.417247343877789e+04     2.417335198990651e+04     2.417686618895032e+04
   42000           -1.26672822e+05            1.15211339e+00            9.98848550e-01            1.00115278e+00     2.407134556090601e+04     2.407154059869245e+04     2.407173647377281e+04     2.407193176247292e+04     2.407212716513591e+04     2.407290876936580e+04
   42200           -1.26850153e+05            1.23977079e+00            9.98760997e-01            1.00124054e+00     2.406893494756291e+04     2.406913850344064e+04     2.406934282872086e+04     2.406954661529589e+04     2.406975050587890e+04     2.407056606419488e+04
   42400           -1.26609449e+05            2.82156689e-01            9.99717883e-01            1.00028220e+00     2.414044611310282e+04     2.414052613277654e+04     2.414060708611962e+04     2.414068743107799e+04     2.414076787164862e+04     2.414108963019442e+04
   42600           -1.26782060e+05            2.34529252e-01            9.99765498e-01            1.00023456e+00     2.407312715842488e+04     2.407320193892572e+04     2.407327749273305e+04     2.407335250700109e+04     2.407342762495300e+04     2.407372809148112e+04
   42800           -1.26747684e+05            2.34389797e-01            9.99765638e-01            1.00023442e+00     2.422993647106848e+04     2.423000925136516e+04     2.423008284553174e+04     2.423015588585727e+04     2.423022902513529e+04     2.423052157920210e+04
   43000           -1.26647916e+05            5.55372504e-01            9.99444782e-01            1.00055553e+00     2.421688868828100e+04     2.421700229788082e+04     2.421711677779881e+04     2.421723068529608e+04     2.421734468552802e+04     2.421780068277503e+04
   43200           -1.26499447e+05            1.09463516e+00            9.98905964e-01            1.00109523e+00     2.417655469249000e+04     2.417673830516892e+04     2.417692282881605e+04     2.417710673712849e+04     2.417729075308925e+04     2.417802681368850e+04
   43400           -1.26565963e+05            1.15539972e+00            9.98845267e-01            1.00115607e+00     2.414698942248068e+04     2.414718116961226e+04     2.414737369567783e+04     2.414756566319709e+04     2.414775774485023e+04     2.414852606721978e+04
   43600           -1.26516000e+05           -1.65629781e-01            1.00016564e+00            9.99834384e-01     2.425482303701502e+04     2.425484501369471e+04     2.425486784967950e+04     2.425489007602439e+04     2.425491242373075e+04     2.425500181044648e+04
   43800           -1.26275092e+05            3.66900986e-01            9.99633166e-01            1.00036697e+00     2.419289457227601e+04     2.419298449111589e+04     2.419307527933901e+04     2.419316548466555e+04     2.419325579003686e+04     2.419361700779771e+04
   44000           -1.26418547e+05            1.11591900e-01            9.99888414e-01            1.00011160e+00     2.397193622632157e+04     2.397200055268053e+04     2.397206573009154e+04     2.397213033157854e+04     2.397219503456911e+04     2.397245384281665e+04
   44200           -1.26353881e+05            1.76427199e+00            9.98237283e-01            1.00176583e+00     2.407070790210902e+04     2.407097976717363e+04     2.407125244627243e+04     2.407152455024933e+04     2.407179676668590e+04     2.407288563126278e+04
   44400           -1.26627141e+05            6.32065248e-01            9.99368134e-01            1.00063227e+00     2.416840921160627e+04     2.416853619224423e+04     2.416866404245360e+04     2.416879132141188e+04     2.416891869285050e+04     2.416942817409473e+04
   44600           -1.26535523e+05            9.97643741e-02            9.99900241e-01            1.00009977e+00     2.411507008630416e+04     2.411513424554469e+04     2.411519930762580e+04     2.411526374387198e+04     2.411532829789729e+04     2.411558650949043e+04
   44800           -1.26774810e+05            1.09711628e+00            9.98903485e-01            1.00109772e+00     2.405018698961225e+04     2.405037259623321e+04     2.405055903910864e+04     2.405074490152108e+04     2.405093087342180e+04     2.405167475723135e+04
   45000           -1.26762455e+05            4.79747658e-01            9.99520367e-01            1.00047986e+00     2.414890997656929e+04     2.414901670473339e+04     2.414912424295599e+04     2.414923118872333e+04     2.414933826022717e+04     2.414976654388506e+04
   45200           -1.26552689e+05            2.01632901e+00            9.97985702e-01            1.00201836e+00     2.418209229220034e+04     2.418239721520728e+04     2.418270308036368e+04     2.418300832705911e+04     2.418331367376291e+04     2.418453505532549e+04
   45400           -1.26858113e+05            2.40886955e+00            9.97594029e-01            1.00241177e+00     2.414866565747655e+04     2.414902201583068e+04     2.414937913421112e+04     2.414973570002260e+04     2.415009238229707e+04     2.415151910711759e+04
   45600           -1.26822501e+05            3.32541193e-01            9.99667514e-01            1.00033260e+00     2.418627865135154e+04     2.418636060907425e+04     2.418644347406128e+04     2.418652571552252e+04     2.418660807189798e+04     2.418693749244443e+04
   45800           -1.26589180e+05            1.03626561e-01            9.99896379e-01            1.00010363e+00     2.415535530705038e+04     2.415541783859460e+04     2.415548118728546e+04     2.415554398824490e+04     2.415560688378441e+04     2.415585846051843e+04
   46000           -1.26768032e+05            1.06726223e+00            9.98933307e-01            1.00106783e+00     2.417709492548742e+04     2.417727348786512e+04     2.417745285694392e+04     2.417763165643553e+04     2.417781056839021e+04     2.417852621129300e+04
   46200           -1.26844097e+05            1.54918090e+00            9.98452018e-01            1.00155038e+00     2.425948579066776e+04     2.425972461800117e+04     2.425996434019091e+04     2.426020343281963e+04     2.426044264779125e+04     2.426139950491473e+04
   46400           -1.27113185e+05            1.44385583e+00            9.98557186e-01            1.00144490e+00     2.401566208272541e+04     2.401589213593227e+04     2.401612305905107e+04     2.401635335355497e+04     2.401658377804100e+04     2.401750547335660e+04
   46600           -1.27137331e+05            1.32853556e+00            9.98672347e-01            1.00132942e+00     2.395805154658777e+04     2.395825512983354e+04     2.395845956950198e+04     2.395866340315512e+04     2.395886735673023e+04     2.395968316687270e+04
   46800           -1.27136004e+05            2.02306482e+00            9.97978980e-01            1.00202511e+00     2.419688584979831e+04     2.419719129964907e+04     2.419749758881298e+04     2.419780331998056e+04     2.419810914474866e+04     2.419933243969901e+04
   47000           -1.27031012e+05            5.09123461e-01            9.99491006e-01            1.00050925e+00     2.421363780079331e+04     2.421374887901062e+04     2.421386080419377e+04     2.421397216364926e+04     2.421408361924618e+04     2.421452943769905e+04
   47200           -1.26950749e+05            7.28156923e-02            9.99927187e-01            1.00007282e+00     2.415038919692999e+04     2.415044443721908e+04     2.415050055375851e+04     2.415055606689666e+04     2.415061169149682e+04     2.415083418606365e+04
   47400           -1.26794632e+05            1.89438833e+00            9.98107405e-01            1.00189618e+00     2.410651690694179e+04     2.410679411385608e+04     2.410707211636284e+04     2.410734957409961e+04     2.410762713147380e+04     2.410873735600581e+04
   47600           -1.26881021e+05            1.38317406e+00            9.98617782e-01            1.00138413e+00     2.423612960861960e+04     2.423634442902580e+04     2.423656009825574e+04     2.423677518680760e+04     2.423699038016421e+04     2.423785115170882e+04
   47800           -1.26921319e+05            1.14147336e+00            9.98859178e-01            1.00114213e+00     2.415428690718573e+04     2.415447510346107e+04     2.415466411269826e+04     2.415485255510622e+04     2.415504110572782e+04     2.415579530426992e+04
   48000           -1.26809837e+05            1.37422344e+00            9.98626720e-01            1.00137517e+00     2.429476634597570e+04     2.429498114575104e+04     2.429519684204648e+04     2.429541192234182e+04     2.429562711588474e+04     2.429648788579378e+04
   48200           -1.26855643e+05            7.52994049e-01            9.99247289e-01            1.00075328e+00     2.426819477350278e+04     2.426833400377116e+04     2.426847411095300e+04     2.426861362601805e+04     2.426875324491706e+04     2.426931171633134e+04
   48400           -1.27044107e+05            2.46150983e+00            9.97541517e-01            1.00246454e+00     2.414708008054549e+04     2.414743951398743e+04     2.414779983612951e+04     2.414815957057407e+04     2.414851940251718e+04     2.414995872448887e+04
   48600           -1.26927099e+05            3.61260800e+00            9.96393910e-01            1.00361914e+00     2.415129210196217e+04     2.415178841482315e+04     2.415228558324952e+04     2.415278215116126e+04     2.415327883628255e+04     2.415526557060293e+04
   48800           -1.27028975e+05            1.93499365e+00            9.98066877e-01            1.00193687e+00     2.415063571129582e+04     2.415092337663025e+04     2.415121190244368e+04     2.415149984373328e+04     2.415178788925707e+04     2.415294006721833e+04
   49000           -1.26631505e+05            1.66047599e-01            9.99833966e-01            1.00016606e+00     2.420397657428535e+04     2.420404628321612e+04     2.420411686434986e+04     2.420418685018407e+04     2.420425694341294e+04     2.420453731254054e+04
   49200           -1.26750262e+05            2.28573947e+00            9.97716871e-01            1.00228835e+00     2.419195097511402e+04     2.419228464738069e+04     2.419261922884725e+04     2.419295320367239e+04     2.419328728107770e+04     2.419462358704139e+04
   49400           -1.26881550e+05            2.06729407e+00            9.97934841e-01            1.00206943e+00     2.410239553797044e+04     2.410270131150054e+04     2.410300795269336e+04     2.410331397886157e+04     2.410362012782333e+04     2.410484471767621e+04
   49600           -1.26712517e+05            1.07904616e+00            9.98921536e-01            1.00107963e+00     2.412680307017874e+04     2.412698505094920e+04     2.412716786118169e+04     2.412735011198962e+04     2.412753246051504e+04     2.412826185085134e+04
   49800           -1.26866092e+05            6.54226334e-01            9.99345988e-01            1.00065444e+00     2.407135928185677e+04     2.407148586529923e+04     2.407161317267611e+04     2.407173999687431e+04     2.407186690315348e+04     2.407237452445020e+04
   50000           -1.26594770e+05            7.11429556e-01            9.99288823e-01            1.00071168e+00     2.408823757544717e+04     2.408837685024665e+04     2.408851702956242e+04     2.408865660766973e+04     2.408879628678681e+04     2.408935499812645e+04
