#This file was generated on Thu Apr 27 01:48:47 2023
#Using the somd command, of the molecular library Sire version <2023.1.3> 
#For more information visit: https://github.com/openbiosim/sire
#
#General information on simulation parameters:
#Simulation used 25000 moves, 2 cycles and 200 ps of simulation time
#Generating lambda is		 0.37500
#Alchemical array is		 (0.0, 0.125, 0.25, 0.375, 0.5, 1.0)
#Generating temperature is 	25°C
#Energy was saved every 200 steps 
#
#
#   [step]      [potential kcal/mol]       [gradient kcal/mol]      [forward Metropolis]     [backward Metropolis]                   [u_kl]
#   [step]      [potential kcal/mol]       [gradient kcal/mol]      [forward Metropolis]     [backward Metropolis]                   [u_kl]
     200           -1.33559849e+05            1.93319483e+00            9.98126638e-01            1.00199325e+00     2.406711943203373e+04     2.406735357451012e+04     2.406758853206913e+04     2.406782290331202e+04     2.406805739540299e+04     2.406899535877225e+04
     400           -1.29538827e+05            3.08150826e+00            9.96983276e-01            1.00314667e+00     2.409345574452812e+04     2.409383316467568e+04     2.409421149008925e+04     2.409458921776004e+04     2.409496704356261e+04     2.409647834259710e+04
     600           -1.27211820e+05            1.57572272e+00            9.98484225e-01            1.00163586e+00     2.420920559039926e+04     2.420939508408009e+04     2.420958541633927e+04     2.420977519420336e+04     2.420996506338209e+04     2.421072453636492e+04
     800           -1.25431133e+05            1.49805630e+00            9.98563300e-01            1.00155959e+00     2.411597963974485e+04     2.411615936112488e+04     2.411633993877822e+04     2.411651994862370e+04     2.411670005349001e+04     2.411742046723518e+04
    1000           -1.24326980e+05            1.62674550e+00            9.98440872e-01            1.00169458e+00     2.410955542912857e+04     2.410975105277390e+04     2.410994756054926e+04     2.411014345379206e+04     2.411033946238940e+04     2.411112349565023e+04
    1200           -1.23830909e+05            1.97714463e+00            9.98080100e-01            1.00203461e+00     2.409035674518028e+04     2.409059709828014e+04     2.409083822873388e+04     2.409107880144995e+04     2.409131948850171e+04     2.409228223182314e+04
    1400           -1.23542963e+05            2.27231439e+00            9.97789359e-01            1.00233426e+00     2.421742807669792e+04     2.421770515506597e+04     2.421798304032034e+04     2.421826034969784e+04     2.421853777604688e+04     2.421964747539584e+04
    1600           -1.23000676e+05            6.06000571e-01            9.99456366e-01            1.00066844e+00     2.412130355715243e+04     2.412137233202689e+04     2.412144204661939e+04     2.412151109851099e+04     2.412158028065037e+04     2.412185700414831e+04
    1800           -1.23008502e+05            3.81735041e+00            9.96250994e-01            1.00388618e+00     2.428273841753513e+04     2.428320797816706e+04     2.428367844494618e+04     2.428414830178325e+04     2.428461826510748e+04     2.428649811267983e+04
    2000           -1.23051046e+05            2.76772761e+00            9.97291951e-01            1.00282772e+00     2.410767536712329e+04     2.410801409640666e+04     2.410835372967463e+04     2.410869273046851e+04     2.410903185327820e+04     2.411038833943312e+04
    2200           -1.22996441e+05            3.82086377e+00            9.96248973e-01            1.00389120e+00     2.405081917077827e+04     2.405128889808666e+04     2.405175950764925e+04     2.405222950975777e+04     2.405269962425912e+04     2.405458007773996e+04
    2400           -1.22881052e+05            6.15458241e+00            9.93923843e-01            1.00623382e+00     2.420237041456560e+04     2.420313240621650e+04     2.420389528388820e+04     2.420465755706873e+04     2.420541993934184e+04     2.420846946411808e+04
    2600           -1.22665153e+05            5.65202184e-01            9.99494922e-01            1.00062539e+00     2.419819056438403e+04     2.419825431707960e+04     2.419831893949593e+04     2.419838296141546e+04     2.419844709500385e+04     2.419870362562367e+04
    2800           -1.22625640e+05            3.70533270e+00            9.96354541e-01            1.00376562e+00     2.407140357805352e+04     2.407185986554339e+04     2.407231711003107e+04     2.407277371380242e+04     2.407323042686124e+04     2.407505727566895e+04
    3000           -1.22854164e+05            2.21274799e+00            9.97848332e-01            1.00227409e+00     2.410272870846275e+04     2.410299788219505e+04     2.410326795028189e+04     2.410353740862714e+04     2.410380697700144e+04     2.410488524554013e+04
    3200           -1.22343621e+05            2.81051731e+00            9.97253718e-01            1.00287510e+00     2.415465738138733e+04     2.415500155463664e+04     2.415534666510985e+04     2.415569115509905e+04     2.415603574783140e+04     2.415741411427548e+04
    3400           -1.22555211e+05            4.49622416e-01            9.99605391e-01            1.00050468e+00     2.412714439502179e+04     2.412719362654843e+04     2.412724358619726e+04     2.412729302199788e+04     2.412734256633546e+04     2.412754073764913e+04
    3600           -1.22499902e+05            7.61621644e-01            9.99302070e-01            1.00082541e+00     2.417059800753777e+04     2.417068613984390e+04     2.417077507088185e+04     2.417086342871128e+04     2.417095190371344e+04     2.417130579988911e+04
    3800           -1.22743434e+05            2.84889740e+00            9.97218530e-01            1.00291669e+00     2.415391898774175e+04     2.415426749587870e+04     2.415461687627535e+04     2.415496566315507e+04     2.415531455654361e+04     2.415671012534547e+04
    4000           -1.22651255e+05            2.83266364e+00            9.97234130e-01            1.00289982e+00     2.423467980673801e+04     2.423502580796482e+04     2.423537270587901e+04     2.423571898509980e+04     2.423606537896412e+04     2.423745095119024e+04
    4200           -1.22455197e+05            3.86728713e+00            9.96199744e-01            1.00393480e+00     2.403030886221733e+04     2.403078497261538e+04     2.403126195173953e+04     2.403173831569045e+04     2.403221480154929e+04     2.403412074088125e+04
    4400           -1.22561077e+05            4.47890698e+00            9.95587473e-01            1.00454582e+00     2.415617306956565e+04     2.415672590909010e+04     2.415727972679614e+04     2.415783287700780e+04     2.415838614763574e+04     2.416059922570582e+04
    4600           -1.22664843e+05            1.68031167e+00            9.98384946e-01            1.00174579e+00     2.414807628373910e+04     2.414827839111958e+04     2.414848142095924e+04     2.414868382674962e+04     2.414888634261381e+04     2.414969640148852e+04
    4800           -1.22507005e+05            4.71702579e+00            9.95353746e-01            1.00478840e+00     2.420658127039606e+04     2.420716344969524e+04     2.420774647178741e+04     2.420832892980922e+04     2.420891148520110e+04     2.421124170000614e+04
    5000           -1.22686598e+05            4.92640583e+00            9.95147171e-01            1.00500063e+00     2.411059743880818e+04     2.411120585114796e+04     2.411181501489954e+04     2.411242363716672e+04     2.411303237111211e+04     2.411546730341602e+04
    5200           -1.22801949e+05            8.16266937e+00            9.91927900e-01            1.00825436e+00     2.417892630538215e+04     2.417993939566665e+04     2.418095334895415e+04     2.418196671491162e+04     2.418298018570651e+04     2.418703406603088e+04
    5400           -1.22712846e+05            3.15196974e+00            9.96916565e-01            1.00322092e+00     2.402844854949063e+04     2.402883539414036e+04     2.402922307689648e+04     2.402961016434384e+04     2.402999737074310e+04     2.403154619199557e+04
    5600           -1.22541775e+05            1.36589599e+00            9.98692457e-01            1.00142441e+00     2.419909956136666e+04     2.419926314263720e+04     2.419942757034486e+04     2.419959139561402e+04     2.419975534290827e+04     2.420041112444988e+04
    5800           -1.22667624e+05            5.77581215e+00            9.94301403e-01            1.00585380e+00     2.424950233893028e+04     2.425021686220832e+04     2.425093226351995e+04     2.425164704648298e+04     2.425236195059561e+04     2.425522156226094e+04
    6000           -1.22667340e+05            6.88893462e+00            9.93186955e-01            1.00696566e+00     2.405159661351546e+04     2.405245142039311e+04     2.405330705249126e+04     2.405416211930028e+04     2.405501728897260e+04     2.405843796442974e+04
    6200           -1.22367487e+05            2.55840665e+00            9.97510641e-01            1.00262780e+00     2.406452618912920e+04     2.406483872522166e+04     2.406515214825491e+04     2.406546495222009e+04     2.406577787529100e+04     2.406702956145280e+04
    6400           -1.22667804e+05            9.82268565e+00            9.90284326e-01            1.00993118e+00     2.412031304710025e+04     2.412153346576159e+04     2.412275477349644e+04     2.412397543768030e+04     2.412519623530449e+04     2.413007942350873e+04
    6600           -1.22665470e+05            2.41502634e+00            9.97644051e-01            1.00247438e+00     2.401475224153660e+04     2.401504675238531e+04     2.401534212856091e+04     2.401563691080065e+04     2.401593180182381e+04     2.401711136211101e+04
    6800           -1.22541453e+05            3.26287729e+00            9.96805332e-01            1.00333151e+00     2.413721244898275e+04     2.413761344182878e+04     2.413801530482869e+04     2.413841658086046e+04     2.413881795990067e+04     2.414042347081859e+04
    7000           -1.22511925e+05            1.50977226e+00            9.98552486e-01            1.00157222e+00     2.409707425098604e+04     2.409725588884450e+04     2.409743839772306e+04     2.409762032999071e+04     2.409780235848969e+04     2.409853046599334e+04
    7200           -1.22663974e+05            5.02554896e+00            9.95045342e-01            1.00509707e+00     2.416703300231825e+04     2.416765382053998e+04     2.416827551961203e+04     2.416889663505046e+04     2.416951784750634e+04     2.417200269269443e+04
    7400           -1.22559820e+05            2.28507447e+00            9.97779269e-01            1.00234970e+00     2.413250099230225e+04     2.413277891304698e+04     2.413305774913587e+04     2.413333596714201e+04     2.413361429357015e+04     2.413472759483804e+04
    7600           -1.22496422e+05            3.41277108e+00            9.96649197e-01            1.00347514e+00     2.414869140362662e+04     2.414911104475157e+04     2.414953149166960e+04     2.414995135074673e+04     2.415037133487446e+04     2.415205126612231e+04
    7800           -1.22664126e+05            3.06841626e+00            9.97001274e-01            1.00313852e+00     2.416620403750111e+04     2.416658011751098e+04     2.416695708357751e+04     2.416733343990091e+04     2.416770990898656e+04     2.416921578047202e+04
    8000           -1.22289590e+05            3.58042082e+00            9.96490945e-01            1.00365227e+00     2.412323187659487e+04     2.412367132219358e+04     2.412411170149751e+04     2.412455144863369e+04     2.412499130759668e+04     2.412675073859849e+04
    8200           -1.22688872e+05            4.04870231e+00            9.96022295e-01            1.00412023e+00     2.413721501549948e+04     2.413771341741639e+04     2.413821264998714e+04     2.413871130959970e+04     2.413921007544479e+04     2.414120513539009e+04
    8400           -1.22787788e+05            2.07245267e+00            9.97992518e-01            1.00213769e+00     2.405216216212493e+04     2.405241334916402e+04     2.405266541143489e+04     2.405291687320746e+04     2.405316844496422e+04     2.405417472780352e+04
    8600           -1.22682552e+05            5.19089925e+00            9.94872858e-01            1.00525523e+00     2.421010683030815e+04     2.421074995976618e+04     2.421139384421146e+04     2.421203717242760e+04     2.421268062126985e+04     2.421525441223156e+04
    8800           -1.22617981e+05            3.09900715e+00            9.96966655e-01            1.00316506e+00     2.416701298358705e+04     2.416739328121371e+04     2.416777445855265e+04     2.416815503544850e+04     2.416853572090386e+04     2.417005845822066e+04
    9000           -1.22197458e+05            5.93124220e+00            9.94150005e-01            1.00601332e+00     2.414725128564037e+04     2.414798518098038e+04     2.414871998325913e+04     2.414945415700773e+04     2.415018844882409e+04     2.415312561200781e+04
    9200           -1.22291966e+05            1.40591382e+00            9.98646768e-01            1.00145874e+00     2.422281325882299e+04     2.422298191320113e+04     2.422315128558749e+04     2.422332013536561e+04     2.422348909522126e+04     2.422416493161953e+04
    9400           -1.22484532e+05            1.70533393e+00            9.98356415e-01            1.00176729e+00     2.407765738627821e+04     2.407786241676934e+04     2.407806831983979e+04     2.407827362592619e+04     2.407847904066748e+04     2.407930069505675e+04
    9600           -1.22470376e+05            1.47429605e+00            9.98590346e-01            1.00153913e+00     2.417936515293707e+04     2.417954226082398e+04     2.417972021919840e+04     2.417989758438523e+04     2.418007506317940e+04     2.418078497342173e+04
    9800           -1.22780313e+05            1.57149360e+00            9.98495314e-01            1.00163851e+00     2.426161171127503e+04     2.426180040110094e+04     2.426198993002493e+04     2.426217890753350e+04     2.426236797483604e+04     2.426312423839705e+04
   10000           -1.23020872e+05            2.05032967e+00            9.98006829e-01            1.00210772e+00     2.414326402453548e+04     2.414351316053126e+04     2.414376314680844e+04     2.414401253101441e+04     2.414426203429154e+04     2.414526004404760e+04
   10200           -1.22982832e+05            1.91901422e+00            9.98137468e-01            1.00197571e+00     2.407877626834837e+04     2.407900898068326e+04     2.407924256795421e+04     2.407947555568792e+04     2.407970865333265e+04     2.408064103831694e+04
   10400           -1.22961242e+05            2.59281437e+00            9.97464711e-01            1.00265063e+00     2.424803728295351e+04     2.424835536145523e+04     2.424867434512441e+04     2.424899270274998e+04     2.424931117770282e+04     2.425058507245213e+04
   10600           -1.22935281e+05            2.15118167e+00            9.97912555e-01            1.00221519e+00     2.399057039316821e+04     2.399083231430055e+04     2.399109522205275e+04     2.399135745653250e+04     2.399161981292146e+04     2.399266923267472e+04
   10800           -1.22396289e+05            6.31621651e+00            9.93766830e-01            1.00640015e+00     2.420223241549354e+04     2.420301441318761e+04     2.420379711476440e+04     2.420457931136089e+04     2.420536161148106e+04     2.420849080746859e+04
   11000           -1.22404666e+05            5.67069825e+00            9.94407506e-01            1.00574967e+00     2.412986314067603e+04     2.413056404590838e+04     2.413126576106780e+04     2.413196691885145e+04     2.413266817998070e+04     2.413547321928537e+04
   11200           -1.22327101e+05            7.12827202e-01            9.99345753e-01            1.00077149e+00     2.416555551707866e+04     2.416563675765787e+04     2.416571879331279e+04     2.416580025617640e+04     2.416588183749315e+04     2.416620815790763e+04
   11400           -1.22437096e+05            1.45678630e+00            9.98602572e-01            1.00151632e+00     2.426019563758841e+04     2.426037006359176e+04     2.426054546691047e+04     2.426072020431267e+04     2.426089506138292e+04     2.426159448517743e+04
   11600           -1.22191149e+05            7.89069864e+00            9.92205939e-01            1.00798854e+00     2.429162634864851e+04     2.429260501150904e+04     2.429358467114223e+04     2.429456367586277e+04     2.429554278667293e+04     2.429945922469736e+04
   11800           -1.22346102e+05            3.90383072e+00            9.96166416e-01            1.00397459e+00     2.422548233330249e+04     2.422596262053845e+04     2.422644377878854e+04     2.422692435796381e+04     2.422740503437330e+04     2.422932773544410e+04
   12000           -1.22308215e+05            3.79563751e+00            9.96264431e-01            1.00385613e+00     2.415046394116271e+04     2.415093111903492e+04     2.415139912464566e+04     2.415186655539419e+04     2.415233409480927e+04     2.415420424845582e+04
   12200           -1.22300213e+05            1.98442928e+00            9.98084699e-01            1.00205383e+00     2.417540526426205e+04     2.417564504715654e+04     2.417588577735903e+04     2.417612586566196e+04     2.417636606700479e+04     2.417732686974752e+04
   12400           -1.22447248e+05            4.59494150e+00            9.95483225e-01            1.00467377e+00     2.424111139730994e+04     2.424167733100048e+04     2.424224413442971e+04     2.424281035020175e+04     2.424337666916256e+04     2.424564194101519e+04
   12600           -1.22345367e+05            6.63583614e-01            9.99392446e-01            1.00071969e+00     2.410142611023887e+04     2.410150210118156e+04     2.410157885938804e+04     2.410165507126392e+04     2.410173139300750e+04     2.410203667577614e+04
   12800           -1.22438344e+05            5.64798333e-01            9.99492628e-01            1.00062229e+00     2.406534865179061e+04     2.406541248520002e+04     2.406547717857167e+04     2.406554128315410e+04     2.406560549523544e+04     2.406586233868027e+04
   13000           -1.22449929e+05            3.01350416e+00            9.97048906e-01            1.00307627e+00     2.396391796706601e+04     2.396428755223763e+04     2.396465799172308e+04     2.396502781444604e+04     2.396539776489893e+04     2.396687756273186e+04
   13200           -1.22491960e+05            4.06083260e+00            9.96002117e-01            1.00412425e+00     2.420964535201601e+04     2.421014627649304e+04     2.421064808028208e+04     2.421114928181517e+04     2.421165059342467e+04     2.421365583483333e+04
   13400           -1.22585564e+05            1.85760516e+00            9.98199171e-01            1.00191459e+00     2.414119923710185e+04     2.414142445826996e+04     2.414165044878979e+04     2.414187588881065e+04     2.414210144039584e+04     2.414300364368983e+04
   13600           -1.22609789e+05            2.39602273e+00            9.97660079e-01            1.00245239e+00     2.389373332759047e+04     2.389402668551633e+04     2.389432086384167e+04     2.389461446773185e+04     2.389490818305772e+04     2.389608303852498e+04
   13800           -1.22350475e+05            2.70772291e+00            9.97363152e-01            1.00277897e+00     2.411681222883362e+04     2.411714234978455e+04     2.411747333389978e+04     2.411780372052764e+04     2.411813421924249e+04     2.411945620965135e+04
   14000           -1.22339113e+05            9.68660717e-01            9.99086240e-01            1.00102367e+00     2.403013938064296e+04     2.403025366262879e+04     2.403036882019886e+04     2.403048334601917e+04     2.403059800266995e+04     2.403105662469693e+04
   14200           -1.22260433e+05            2.51885153e+00            9.97548478e-01            1.00258651e+00     2.405388485755872e+04     2.405419183395947e+04     2.405449973116161e+04     2.405480698784559e+04     2.405511436572115e+04     2.405634387388359e+04
   14400           -1.22576783e+05            4.33943761e+00            9.95730941e-01            1.00441038e+00     2.402483812502155e+04     2.402537379199816e+04     2.402591027901283e+04     2.402644618601113e+04     2.402698220759342e+04     2.402912629016528e+04
   14600           -1.22380409e+05            1.49216732e+00            9.98571728e-01            1.00155625e+00     2.403308803107015e+04     2.403326714937254e+04     2.403344715030848e+04     2.403362652190220e+04     2.403380601988171e+04     2.403452400869327e+04
   14800           -1.22478402e+05            3.56101498e+00            9.96506022e-01            1.00362850e+00     2.393674184359155e+04     2.393717944898091e+04     2.393761785734661e+04     2.393805572215026e+04     2.393849368331516e+04     2.394024552303877e+04
   15000           -1.22461277e+05            4.32151471e+00            9.95747180e-01            1.00439075e+00     2.413921860976605e+04     2.413975160698214e+04     2.414028545490080e+04     2.414081872762233e+04     2.414135210206937e+04     2.414348559437270e+04
   15200           -1.22493743e+05            3.33935951e+00            9.96728077e-01            1.00340722e+00     2.404985104728122e+04     2.405026096624132e+04     2.405067160692549e+04     2.405108173149101e+04     2.405149196120778e+04     2.405313287513434e+04
   15400           -1.22374223e+05            2.17037756e+00            9.97898146e-01            1.00223919e+00     2.403815583797638e+04     2.403841955328425e+04     2.403868416882804e+04     2.403894815424235e+04     2.403921226119792e+04     2.404026868441946e+04
   15600           -1.22444256e+05            4.00962068e+00            9.96054946e-01            1.00407466e+00     2.408141475463496e+04     2.408190826500095e+04     2.408240265494779e+04     2.408289644963328e+04     2.408339034931319e+04     2.408536594399142e+04
   15800           -1.22449386e+05            4.70586022e+00            9.95362546e-01            1.00477484e+00     2.408543746113045e+04     2.408601871249529e+04     2.408660080185899e+04     2.408718230706924e+04     2.408776392347342e+04     2.409009038581639e+04
   16000           -1.22581949e+05            1.43656911e+00            9.98626765e-01            1.00150008e+00     2.401825179865347e+04     2.401842286255654e+04     2.401859482305737e+04     2.401876615825906e+04     2.401893761282673e+04     2.401962342699999e+04
   16200           -1.22493044e+05            1.62407817e+00            9.98432579e-01            1.00168092e+00     2.414024927709610e+04     2.414044525172905e+04     2.414064211871225e+04     2.414083837034590e+04     2.414103473641119e+04     2.414182019572629e+04
   16400           -1.22574513e+05            3.53925525e+00            9.96527424e-01            1.00360638e+00     2.403034073082029e+04     2.403077604454384e+04     2.403121219935481e+04     2.403164777978358e+04     2.403208346406864e+04     2.403382619731699e+04
   16600           -1.22691152e+05            9.69353478e-01            9.99088477e-01            1.00102730e+00     2.408690141973077e+04     2.408701529796849e+04     2.408713008374533e+04     2.408724422816923e+04     2.408735849902672e+04     2.408781557832267e+04
   16800           -1.22408957e+05            2.81382275e+00            9.97251192e-01            1.00287919e+00     2.402351508275183e+04     2.402385951312861e+04     2.402420480800488e+04     2.402454950206176e+04     2.402489431039216e+04     2.402627353803248e+04
   17000           -1.22540647e+05            4.83593481e+00            9.95232230e-01            1.00490469e+00     2.419071833399788e+04     2.419131625148893e+04     2.419191500964025e+04     2.419251318935411e+04     2.419311147526092e+04     2.419550461652396e+04
   17200           -1.22795983e+05            3.52612229e+00            9.96540186e-01            1.00359287e+00     2.405987977814488e+04     2.406031293202652e+04     2.406074688431140e+04     2.406118027419563e+04     2.406161377432691e+04     2.406334777050894e+04
   17400           -1.22804763e+05            2.50061961e-01            9.99806578e-01            1.00030673e+00     2.404179322623969e+04     2.404181752933372e+04     2.404184267043259e+04     2.404186722726075e+04     2.404189189541581e+04     2.404199056459192e+04
   17600           -1.22595701e+05            1.65022898e+00            9.98412692e-01            1.00171336e+00     2.408606183704225e+04     2.408626063765203e+04     2.408646017859187e+04     2.408665919786320e+04     2.408685831974988e+04     2.408765480245752e+04
   17800           -1.22462127e+05            1.36587289e+00            9.98698419e-01            1.00143034e+00     2.413564105288409e+04     2.413580395923306e+04     2.413596766628526e+04     2.413613084714275e+04     2.413629411316735e+04     2.413694717345062e+04
   18000           -1.22652509e+05            5.18275499e+00            9.94892822e-01            1.00525903e+00     2.401161425020210e+04     2.401225438550593e+04     2.401289537390790e+04     2.401353577239338e+04     2.401417628115203e+04     2.401673831210197e+04
   18200           -1.22592689e+05            1.64375627e+00            9.98422451e-01            1.00171018e+00     2.414857713431272e+04     2.414877461525624e+04     2.414897298673691e+04     2.414917075575404e+04     2.414936863077628e+04     2.415016012723985e+04
   18400           -1.22666578e+05            2.60029477e+00            9.97463519e-01            1.00266443e+00     2.411214936968312e+04     2.411246702387578e+04     2.411278556665805e+04     2.411310348569649e+04     2.411342152510339e+04     2.411469368052365e+04
   18600           -1.22643931e+05            8.06778044e-01            9.99245410e-01            1.00085905e+00     2.412303687161797e+04     2.412313059947999e+04     2.412322521433062e+04     2.412331923577603e+04     2.412341335819295e+04     2.412378984476792e+04
   18800           -1.22559736e+05            2.93368945e+00            9.97133430e-01            1.00300119e+00     2.413269179819033e+04     2.413305047526765e+04     2.413341004494014e+04     2.413376900793575e+04     2.413412807945789e+04     2.413556436072546e+04
   19000           -1.22307881e+05            1.67405746e+00            9.98386331e-01            1.00173465e+00     2.414887604471281e+04     2.414907753118587e+04     2.414927978772753e+04     2.414948151945587e+04     2.414968334573963e+04     2.415049064676646e+04
   19200           -1.22297865e+05            6.89861351e+00            9.93183019e-01            1.00698116e+00     2.417108436840350e+04     2.417193971507701e+04     2.417279583896997e+04     2.417365139641659e+04     2.417450707412529e+04     2.417792977984708e+04
   19400           -1.22487476e+05            6.83266961e+00            9.93253869e-01            1.00692019e+00     2.413105102265860e+04     2.413189785106617e+04     2.413274553861158e+04     2.413359261612859e+04     2.413443981561680e+04     2.413782860857499e+04
   19600           -1.22358759e+05            4.21122857e+00            9.95856135e-01            1.00427911e+00     2.400403375494759e+04     2.400455316022137e+04     2.400507350584346e+04     2.400559321647792e+04     2.400611303861691e+04     2.400819232228622e+04
   19800           -1.22584000e+05            3.56075656e+00            9.96503158e-01            1.00362510e+00     2.415201058712174e+04     2.415244859044773e+04     2.415288749248926e+04     2.415332578928167e+04     2.415376419112077e+04     2.415551779511980e+04
   20000           -1.22742034e+05            1.93222318e+00            9.98126784e-01            1.00199145e+00     2.413772805415951e+04     2.413796186852358e+04     2.413819651879861e+04     2.413843058551459e+04     2.413866476348723e+04     2.413960147281495e+04
   20200           -1.22509973e+05            2.43603407e+00            9.97627731e-01            1.00250010e+00     2.407206035210537e+04     2.407235786490230e+04     2.407265625951434e+04     2.407295405256378e+04     2.407325195465539e+04     2.407444355720542e+04
   20400           -1.22607668e+05            1.18409827e+00            9.98876549e-01            1.00124489e+00     2.426077772335096e+04     2.426091844576096e+04     2.426106004386871e+04     2.426120102900263e+04     2.426134213236852e+04     2.426190654138608e+04
   20600           -1.22815289e+05            6.22819322e+00            9.93846786e-01            1.00630395e+00     2.419025664192905e+04     2.419102830271171e+04     2.419180082518907e+04     2.419257275196516e+04     2.419334479042225e+04     2.419643293891546e+04
   20800           -1.22519646e+05            1.10332223e+00            9.98957041e-01            1.00116382e+00     2.394524585302558e+04     2.394537629619803e+04     2.394550768873055e+04     2.394563841772275e+04     2.394576927442391e+04     2.394629269582225e+04
   21000           -1.22440716e+05            4.42971020e+00            9.95637234e-01            1.00449719e+00     2.408952857612183e+04     2.409007502763349e+04     2.409062237272604e+04     2.409116912696512e+04     2.409171597821026e+04     2.409390338029870e+04
   21200           -1.22413810e+05            2.15484763e+00            9.97908285e-01            1.00221825e+00     2.408761661956302e+04     2.408787848099025e+04     2.408814113726321e+04     2.408840322918052e+04     2.408866543398540e+04     2.408971424840777e+04
   21400           -1.22774533e+05            4.97254776e+00            9.95099541e-01            1.00504527e+00     2.413828682054421e+04     2.413890138909339e+04     2.413951685278268e+04     2.414013171701243e+04     2.414074668347058e+04     2.414320654639696e+04
   21600           -1.22868605e+05            1.23745396e+00            9.98821909e-01            1.00129696e+00     2.422396865154705e+04     2.422411677716066e+04     2.422426568397839e+04     2.422441402909853e+04     2.422456248948163e+04     2.422515632741621e+04
   21800           -1.22795049e+05            1.91467559e+00            9.98143280e-01            1.00197285e+00     2.404920250922139e+04     2.404943506774649e+04     2.404966845655204e+04     2.404990127279118e+04     2.405013419550982e+04     2.405106588179825e+04
   22000           -1.22737605e+05            2.21815275e+00            9.97847664e-01            1.00228426e+00     2.399655585572914e+04     2.399682530743630e+04     2.399709567493566e+04     2.399736544520706e+04     2.399763531001177e+04     2.399871476429440e+04
   22200           -1.22412784e+05            3.14751117e+00            9.96920823e-01            1.00321626e+00     2.408037322576921e+04     2.408075905143553e+04     2.408114570483441e+04     2.408153180135130e+04     2.408191799478689e+04     2.408346276380457e+04
   22400           -1.22415183e+05            1.37230964e+00            9.98693749e-01            1.00143855e+00     2.418412438143694e+04     2.418428764312560e+04     2.418445179681802e+04     2.418461533849542e+04     2.418477899210526e+04     2.418543360277357e+04
   22600           -1.22501574e+05            2.63407288e+00            9.97424208e-01            1.00269265e+00     2.417883282582783e+04     2.417915576136962e+04     2.417947949925748e+04     2.417980270990238e+04     2.418012600592908e+04     2.418141918603033e+04
   22800           -1.22482834e+05            5.20711471e+00            9.94860179e-01            1.00527502e+00     2.416354522108666e+04     2.416418961963056e+04     2.416483486175603e+04     2.416547952180549e+04     2.416612429003801e+04     2.416870335898936e+04
   23000           -1.22298722e+05            1.87131582e+00            9.98185555e-01            1.00192840e+00     2.419286244930438e+04     2.419308924582132e+04     2.419331696674198e+04     2.419354405809843e+04     2.419377126256833e+04     2.419468007583229e+04
   23200           -1.22264929e+05            2.03497086e+00            9.98024433e-01            1.00209461e+00     2.406591318427493e+04     2.406616031912808e+04     2.406640833685672e+04     2.406665572015852e+04     2.406690323333344e+04     2.406789328239194e+04
   23400           -1.22562659e+05            2.23839599e+00            9.97823386e-01            1.00230045e+00     2.399167380873888e+04     2.399194664432306e+04     2.399222025660099e+04     2.399249330417006e+04     2.399276647095166e+04     2.399385913316445e+04
   23600           -1.22359106e+05            3.75078892e+00            9.96305702e-01            1.00380767e+00     2.400024509948121e+04     2.400070775525087e+04     2.400117127799326e+04     2.400163420888696e+04     2.400209724656727e+04     2.400394939365333e+04
   23800           -1.22508866e+05            1.96375124e+00            9.98092610e-01            1.00202033e+00     2.415102779536573e+04     2.415126616330123e+04     2.415150542798682e+04     2.415174405863389e+04     2.415198281481396e+04     2.415293783426218e+04
   24000           -1.22762743e+05            3.15045316e+00            9.96911363e-01            1.00321264e+00     2.416846099661562e+04     2.416884757020609e+04     2.416923511693611e+04     2.416962200532370e+04     2.417000900934877e+04     2.417155702208192e+04
   24200           -1.22648527e+05            1.73775369e+00            9.98319869e-01            1.00179557e+00     2.404058122730050e+04     2.404079143989730e+04     2.404100250401808e+04     2.404121300699873e+04     2.404142360177873e+04     2.404226597625697e+04
   24400           -1.22357335e+05            4.93457359e+00            9.95137730e-01            1.00500751e+00     2.415351238514474e+04     2.415412144036587e+04     2.415473129407387e+04     2.415534058438540e+04     2.415594998584835e+04     2.415838758655195e+04
   24600           -1.22283184e+05            1.95865385e+00            9.98109028e-01            1.00202660e+00     2.412066122218694e+04     2.412089832741455e+04     2.412113634376866e+04     2.412137372432710e+04     2.412161122655795e+04     2.412256123092895e+04
   24800           -1.22490637e+05            2.14850920e+00            9.97910807e-01            1.00220807e+00     2.426368450241218e+04     2.426394657187139e+04     2.426420948612786e+04     2.426447180183021e+04     2.426473423689367e+04     2.426578397137517e+04
   25000           -1.22459622e+05            7.94979711e+00            9.92143013e-01            1.00804376e+00     2.420475850658133e+04     2.420574471099557e+04     2.420673183714613e+04     2.420771833474005e+04     2.420870494551424e+04     2.421265138444716e+04
   25200           -1.22427051e+05            1.34754902e+00            9.98709533e-01            1.00140478e+00     2.409394224777463e+04     2.409410331401149e+04     2.409426522475886e+04     2.409442653996854e+04     2.409458797215058e+04     2.409523369652653e+04
   25400           -1.22370863e+05            1.61226138e+00            9.98444203e-01            1.00166890e+00     2.417821913885506e+04     2.417841469223388e+04     2.417861107359318e+04     2.417880688003032e+04     2.417900279470132e+04     2.417978645054759e+04
   25600           -1.22450309e+05            4.35177725e+00            9.95710925e-01            1.00441497e+00     2.414880091773019e+04     2.414933800852745e+04     2.414987597858893e+04     2.415041334465602e+04     2.415095082220940e+04     2.415310072668860e+04
   25800           -1.22603515e+05            1.39626202e+00            9.98664629e-01            1.00145732e+00     2.414685494419389e+04     2.414702160290256e+04     2.414718910938953e+04     2.414735602710770e+04     2.414752305666585e+04     2.414819116913780e+04
   26000           -1.22639131e+05            3.14713137e+00            9.96915725e-01            1.00321036e+00     2.412977950360206e+04     2.413016576594022e+04     2.413055284287412e+04     2.413093935937633e+04     2.413132597925742e+04     2.413287245491279e+04
   26200           -1.22496385e+05            6.14766181e+00            9.93930296e-01            1.00622643e+00     2.416065379596939e+04     2.416141491274602e+04     2.416217694715782e+04     2.416293834560914e+04     2.416369986391482e+04     2.416674593186024e+04
   26400           -1.22521271e+05            5.67177353e+00            9.94406230e-01            1.00575055e+00     2.421471475084654e+04     2.421541649159407e+04     2.421611904524371e+04     2.421682101518217e+04     2.421752310424168e+04     2.422033145763682e+04
   26600           -1.22567706e+05            1.61379339e+00            9.98447741e-01            1.00167552e+00     2.408794615408881e+04     2.408814065086747e+04     2.408833606673597e+04     2.408853085866647e+04     2.408872576204927e+04     2.408950537000972e+04
   26800           -1.22838726e+05            4.32819088e+00            9.95740425e-01            1.00439735e+00     2.392274193966545e+04     2.392327565221790e+04     2.392381028076568e+04     2.392434428450977e+04     2.392487840111492e+04     2.392701486256439e+04
   27000           -1.22576162e+05            1.34880806e+00            9.98711832e-01            1.00140961e+00     2.408840878038356e+04     2.408857059978610e+04     2.408873332552400e+04     2.408889543605124e+04     2.408905765600692e+04     2.408970653163027e+04
   27200           -1.22474513e+05            9.19620104e-01            9.99145782e-01            1.00098514e+00     2.411281607046430e+04     2.411292339046353e+04     2.411303143921521e+04     2.411313899485108e+04     2.411324663780291e+04     2.411367720514152e+04
   27400           -1.22494517e+05            5.74219105e+00            9.94334994e-01            1.00582014e+00     2.405515856326986e+04     2.405586913810882e+04     2.405658055805570e+04     2.405729138063185e+04     2.405800232158826e+04     2.406084607990667e+04
   27600           -1.22600390e+05            3.52920079e+00            9.96537121e-01            1.00359596e+00     2.425200756750011e+04     2.425244152661606e+04     2.425287626780236e+04     2.425331046809307e+04     2.425374476992337e+04     2.425548197234663e+04
   27800           -1.22696570e+05            4.98443893e+00            9.95085765e-01            1.00505526e+00     2.415032366121135e+04     2.415093949680930e+04     2.415155613398866e+04     2.415217221676523e+04     2.415278840311254e+04     2.415525314501374e+04
   28000           -1.22608357e+05            1.54460654e+00            9.98510950e-01            1.00160033e+00     2.429933297084737e+04     2.429951970964639e+04     2.429970722985860e+04     2.429989418465890e+04     2.430008125742541e+04     2.430082954400344e+04
   28200           -1.22702858e+05            2.40392974e+00            9.97656199e-01            1.00246434e+00     2.406199085979632e+04     2.406228428168600e+04     2.406257866735697e+04     2.406287238854967e+04     2.406316623289922e+04     2.406434160600213e+04
   28400           -1.22653574e+05            1.91280390e+00            9.98148113e-01            1.00197395e+00     2.414132034350810e+04     2.414155206042419e+04     2.414178466966663e+04     2.414201667022864e+04     2.414224878066582e+04     2.414317721782354e+04
   28600           -1.22738900e+05            1.96761067e+00            9.98094849e-01            1.00203031e+00     2.412361812393796e+04     2.412385684555960e+04     2.412409641245344e+04     2.412433538902634e+04     2.412457447903509e+04     2.412553083413221e+04
   28800           -1.22874613e+05            1.92813592e+00            9.98133596e-01            1.00199010e+00     2.418077815290014e+04     2.418101196327284e+04     2.418124658168483e+04     2.418148066643480e+04     2.418171483839462e+04     2.418265152388910e+04
   29000           -1.22739056e+05            1.38998383e+00            9.98675589e-01            1.00145574e+00     2.412784720551490e+04     2.412801304853110e+04     2.412817981427829e+04     2.412834593650846e+04     2.412851218105913e+04     2.412917715660335e+04
   29200           -1.22748082e+05            3.47279788e+00            9.96590448e-01            1.00353646e+00     2.418798700013983e+04     2.418841429214727e+04     2.418884242077060e+04     2.418926995512507e+04     2.418969760821253e+04     2.419140821628524e+04
   29400           -1.22865843e+05            2.21186557e+00            9.97847394e-01            1.00227138e+00     2.400131868800642e+04     2.400158835062825e+04     2.400185879132680e+04     2.400212869668465e+04     2.400239870129293e+04     2.400347871457944e+04
   29600           -1.22727792e+05            6.66188322e-01            9.99396089e-01            1.00072855e+00     2.420918962438997e+04     2.420926526675984e+04     2.420934174320066e+04     2.420941764255803e+04     2.420949365065149e+04     2.420979767691301e+04
   29800           -1.22821713e+05            3.11063188e+00            9.96948064e-01            1.00316967e+00     2.414755716397423e+04     2.414793876491774e+04     2.414832127756126e+04     2.414870318243389e+04     2.414908519048186e+04     2.415061321698949e+04
   30000           -1.22961127e+05            2.33412027e+00            9.97726344e-01            1.00239486e+00     2.406889498447383e+04     2.406917985332548e+04     2.406946554295597e+04     2.406975066015323e+04     2.407003588688813e+04     2.407117678930244e+04
   30200           -1.22846250e+05            4.52537196e+00            9.95546774e-01            1.00459811e+00     2.415784693827392e+04     2.415840475872545e+04     2.415896351288219e+04     2.415952163293468e+04     2.416007986596285e+04     2.416231279365178e+04
   30400           -1.22936084e+05            3.62671883e+00            9.96437713e-01            1.00369159e+00     2.394467895496490e+04     2.394512471410368e+04     2.394557132019036e+04     2.394601735691146e+04     2.394646349191818e+04     2.394824802887145e+04
   30600           -1.22445661e+05            5.06420662e+00            9.95008403e-01            1.00513747e+00     2.411480546872185e+04     2.411543077113061e+04     2.411605699070856e+04     2.411668257585137e+04     2.411730827945864e+04     2.411981109019542e+04
   30800           -1.22699875e+05            2.80535882e+00            9.97264490e-01            1.00287559e+00     2.406045396812623e+04     2.406079662563054e+04     2.406114012750798e+04     2.406148302952960e+04     2.406182605088117e+04     2.406319813363610e+04
   31000           -1.22435438e+05            2.49717595e+00            9.97560165e-01            1.00255479e+00     2.424084806129414e+04     2.424115302930633e+04     2.424145889234811e+04     2.424176413547425e+04     2.424206949452646e+04     2.424329092775878e+04
   31200           -1.22621956e+05            4.25589480e+00            9.95810336e-01            1.00432264e+00     2.422398152481196e+04     2.422450630208941e+04     2.422503197810630e+04     2.422555706224219e+04     2.422608224298091e+04     2.422818296114987e+04
   31400           -1.22551988e+05            2.31458443e+00            9.97751078e-01            1.00238054e+00     2.415231661709318e+04     2.415259837750761e+04     2.415288104661415e+04     2.415316307748877e+04     2.415344523222893e+04     2.415457384736468e+04
   31600           -1.22623239e+05            1.56637164e+00            9.98491206e-01            1.00162413e+00     2.423632788197222e+04     2.423651671888624e+04     2.423670645301930e+04     2.423689557410547e+04     2.423708480608733e+04     2.423784173020244e+04
   31800           -1.22507910e+05            1.79177664e+00            9.98265816e-01            1.00184957e+00     2.420132083817197e+04     2.420153763980848e+04     2.420175528079397e+04     2.420197233539155e+04     2.420218950246187e+04     2.420305816675177e+04
   32000           -1.22365051e+05            8.88904540e-01            9.99177134e-01            1.00095506e+00     2.422379212114148e+04     2.422389547088724e+04     2.422399970443149e+04     2.422410335597264e+04     2.422420710281448e+04     2.422462208448748e+04
   32200           -1.22509447e+05            4.77494863e+00            9.95297472e-01            1.00484799e+00     2.420597067189451e+04     2.420655971338264e+04     2.420714967155310e+04     2.420773899593593e+04     2.420832843902649e+04     2.421068620615846e+04
   32400           -1.22439534e+05            7.72090789e+00            9.92363113e-01            1.00780593e+00     2.411662930899452e+04     2.411758764032583e+04     2.411854683745298e+04     2.411950543254652e+04     2.412046414169554e+04     2.412429897439655e+04
   32600           -1.22632698e+05            2.96004133e-01            9.99762968e-01            1.00035501e+00     2.415723696458536e+04     2.415726633028260e+04     2.415729653002392e+04     2.415732618829218e+04     2.415735593115377e+04     2.415747489772218e+04
   32800           -1.22625095e+05            1.78455379e+00            9.98277467e-01            1.00184679e+00     2.408865518230866e+04     2.408887082695282e+04     2.408908721233327e+04     2.408930307926690e+04     2.408951904556260e+04     2.409038290881654e+04
   33000           -1.22575315e+05            4.26245132e+00            9.95809921e-01            1.00433539e+00     2.416926041007248e+04     2.416978524063184e+04     2.417031095337969e+04     2.417083605671904e+04     2.417136127382111e+04     2.417346213756974e+04
   33200           -1.22473844e+05            1.17918624e+00            9.98886248e-01            1.00124477e+00     2.418681477941791e+04     2.418695441924866e+04     2.418709488953909e+04     2.418723476905394e+04     2.418737476666260e+04     2.418793475390729e+04
   33400           -1.22639568e+05            2.30813283e+00            9.97749539e-01            1.00236606e+00     2.405103631527185e+04     2.405131733252226e+04     2.405159916311985e+04     2.405188041638627e+04     2.405216178493586e+04     2.405328725459988e+04
   33600           -1.22601006e+05            2.18115250e+00            9.97880622e-01            1.00224319e+00     2.414024914758690e+04     2.414051470519031e+04     2.414078113185137e+04     2.414104695920627e+04     2.414131289780224e+04     2.414237664801757e+04
   33800           -1.22562350e+05            1.62243879e+00            9.98431323e-01            1.00167637e+00     2.432037347264470e+04     2.432056993223369e+04     2.432076722583092e+04     2.432096393438896e+04     2.432116075683240e+04     2.432194804102011e+04
   34000           -1.22265060e+05            1.73673822e+00            9.98331662e-01            1.00180537e+00     2.407678377484214e+04     2.407699296208700e+04     2.407720297086043e+04     2.407741239926940e+04     2.407762194228048e+04     2.407846010971881e+04
   34200           -1.22324552e+05            9.66620213e-01            9.99093071e-01            1.00102643e+00     2.403002072133436e+04     2.403013428396254e+04     2.403024870864983e+04     2.403036252548526e+04     2.403047646196399e+04     2.403093220259362e+04
   34400           -1.22302412e+05            3.40710309e+00            9.96654958e-01            1.00346956e+00     2.412198396455777e+04     2.412240256889347e+04     2.412282194708527e+04     2.412324074949654e+04     2.412365967952947e+04     2.412533539450117e+04
   34600           -1.22220102e+05            5.60872026e+00            9.94466816e-01            1.00568499e+00     2.423659235919457e+04     2.423728632634996e+04     2.423798114500544e+04     2.423867535843496e+04     2.423936969326646e+04     2.424214702733836e+04
   34800           -1.22529021e+05            3.31852872e+00            9.96746813e-01            1.00338428e+00     2.407561392293348e+04     2.407602160802050e+04     2.407643008867311e+04     2.407683799251954e+04     2.407724601748419e+04     2.407887811203490e+04
   35000           -1.22440407e+05            2.84195795e+00            9.97218592e-01            1.00290284e+00     2.400054509644046e+04     2.400089376106055e+04     2.400124326685766e+04     2.400159220905297e+04     2.400194124740942e+04     2.400333739837837e+04
   35200           -1.22233719e+05            2.38534441e+00            9.97678673e-01            1.00244966e+00     2.410053657830943e+04     2.410082704525964e+04     2.410111822450097e+04     2.410140888253685e+04     2.410169965224748e+04     2.410286272618553e+04
   35400           -1.22267735e+05            1.49922284e+00            9.98562094e-01            1.00156072e+00     2.401159950323246e+04     2.401177919736931e+04     2.401195973403331e+04     2.401213969378807e+04     2.401231975816985e+04     2.401304001310724e+04
   35600           -1.22048214e+05            6.80577486e+00            9.93276717e-01            1.00688919e+00     2.411686899716693e+04     2.411771241003490e+04     2.411855659423496e+04     2.411940025564418e+04     2.412024400915595e+04     2.412361902114497e+04
   35800           -1.22490518e+05            5.65686033e+00            9.94415658e-01            1.00573008e+00     2.395663374914804e+04     2.395733383711950e+04     2.395803492348257e+04     2.395873533977068e+04     2.395943587111602e+04     2.396223799308400e+04
   36000           -1.22379799e+05            2.87577171e+00            9.97184178e-01            1.00293605e+00     2.409196643731481e+04     2.409231939245233e+04     2.409267320588834e+04     2.409302642891258e+04     2.409337976145318e+04     2.409479308559154e+04
   36200           -1.22596083e+05            6.76739000e-01            9.99384204e-01            1.00073776e+00     2.411403633953084e+04     2.411411402196332e+04     2.411419260096965e+04     2.411427055738297e+04     2.411434863086844e+04     2.411466092220604e+04
   36400           -1.22807461e+05            3.21144274e+00            9.96855435e-01            1.00327873e+00     2.419960804330810e+04     2.420000217921052e+04     2.420039715979969e+04     2.420079155495474e+04     2.420118606043898e+04     2.420276407756986e+04
   36600           -1.22573375e+05            9.41127435e-01            9.99115398e-01            1.00099776e+00     2.422911107001906e+04     2.422922172862694e+04     2.422933315937639e+04     2.422944404945863e+04     2.422955504404083e+04     2.422999901806261e+04
   36800           -1.22870430e+05            4.75866220e+00            9.95313320e-01            1.00483126e+00     2.415665538705607e+04     2.415724275749743e+04     2.415783096744907e+04     2.415841861321906e+04     2.415900635692520e+04     2.416135732679432e+04
   37000           -1.22645502e+05            1.00114122e+01            9.90099372e-01            1.01012376e+00     2.409693599209489e+04     2.409817988300491e+04     2.409942461550715e+04     2.410066875030673e+04     2.410191300428486e+04     2.410689001647482e+04
   37200           -1.22711259e+05            2.25046201e+00            9.97810061e-01            1.00231125e+00     2.412651633202180e+04     2.412679020708541e+04     2.412706497694561e+04     2.412733911752987e+04     2.412761338102193e+04     2.412871043002206e+04
   37400           -1.22868838e+05            2.73733392e+00            9.97332446e-01            1.00280748e+00     2.414668509745079e+04     2.414701964889170e+04     2.414735509117442e+04     2.414768991423710e+04     2.414802485510243e+04     2.414936461275407e+04
   37600           -1.22576437e+05            3.24103953e+00            9.96826951e-01            1.00330945e+00     2.403285093620551e+04     2.403324800847851e+04     2.403364595194487e+04     2.403404328951393e+04     2.403444074233327e+04     2.403603054846104e+04
   37800           -1.22683561e+05            6.71669255e+00            9.93366548e-01            1.00680086e+00     2.405044516225965e+04     2.405127692989711e+04     2.405210954774429e+04     2.405294160557891e+04     2.405377375471407e+04     2.405710234716849e+04
   38000           -1.22614040e+05            6.16729355e+00            9.93916730e-01            1.00625220e+00     2.416353934714743e+04     2.416430248555479e+04     2.416506643133236e+04     2.416582980392472e+04     2.416659329082346e+04     2.416964723449950e+04
   38200           -1.22380322e+05            2.31889541e+00            9.97742282e-01            1.00238035e+00     2.407534205000255e+04     2.407562453150328e+04     2.407590789129447e+04     2.407619063269898e+04     2.407647349522770e+04     2.407760494045285e+04
   38400           -1.22320689e+05            1.68712994e+00            9.98366382e-01            1.00174082e+00     2.403786447142220e+04     2.403806898341173e+04     2.403827439299966e+04     2.403847917322072e+04     2.403868407476909e+04     2.403950367811597e+04
   38600           -1.22415147e+05            5.65147917e+00            9.94425020e-01            1.00572873e+00     2.406978038160043e+04     2.407047949865580e+04     2.407117945793663e+04     2.407187882226302e+04     2.407257830425019e+04     2.407537622689995e+04
   38800           -1.22620534e+05            1.82044421e+00            9.98242100e-01            1.00188321e+00     2.411045502557918e+04     2.411067442321984e+04     2.411089464259217e+04     2.411111426932165e+04     2.411133401903248e+04     2.411221301248578e+04
   39000           -1.22763032e+05            4.38160798e-01            9.99615990e-01            1.00049236e+00     2.406889398813569e+04     2.406894248828265e+04     2.406899181983318e+04     2.406904057565773e+04     2.406908944017082e+04     2.406928489220596e+04
   39200           -1.22567229e+05            3.61003447e+00            9.96457514e-01            1.00367804e+00     2.415900949835812e+04     2.415945307055028e+04     2.415989745254107e+04     2.416034127129933e+04     2.416078519762231e+04     2.416256089688651e+04
   39400           -1.22720351e+05            2.02127164e+00            9.98045265e-01            1.00208807e+00     2.411845687028972e+04     2.411870168531100e+04     2.411894743716787e+04     2.411919253329203e+04     2.411943775543233e+04     2.412041864057494e+04
   39600           -1.22558307e+05            2.02974343e+00            9.98032140e-01            1.00209187e+00     2.416725981950615e+04     2.416750604648130e+04     2.416775317797274e+04     2.416799969483430e+04     2.416824632148311e+04     2.416923282346007e+04
   39800           -1.22772888e+05            3.36103277e+00            9.96704436e-01            1.00342692e+00     2.410565202876433e+04     2.410606449247354e+04     2.410647787965153e+04     2.410689064274600e+04     2.410730351560643e+04     2.410895500244853e+04
   40000           -1.22783955e+05            4.37798750e+00            9.95690131e-01            1.00444665e+00     2.395339100689237e+04     2.395393114573617e+04     2.395447211798483e+04     2.395501252787017e+04     2.395555303604562e+04     2.395771506519887e+04
   40200           -1.22551879e+05            1.08782723e+00            9.98964193e-01            1.00113996e+00     2.412592601183032e+04     2.412605598419866e+04     2.412618687582710e+04     2.412631714729622e+04     2.412644752814141e+04     2.412696904445250e+04
   40400           -1.22782353e+05            3.06621985e+00            9.97002541e-01            1.00313538e+00     2.412180381222911e+04     2.412217923128927e+04     2.412255543933468e+04     2.412293109778543e+04     2.412330686158008e+04     2.412480991093104e+04
   40600           -1.22416046e+05            1.22949214e+00            9.98834914e-01            1.00129406e+00     2.408793112987449e+04     2.408807758386222e+04     2.408822505072251e+04     2.408837184490524e+04     2.408851875177539e+04     2.408910637367630e+04
   40800           -1.22595963e+05            1.61171010e+00            9.98451411e-01            1.00167503e+00     2.407689823939135e+04     2.407709235643932e+04     2.407728724865766e+04     2.407748158401006e+04     2.407767603373195e+04     2.407845382807255e+04
   41000           -1.22563507e+05            2.32841185e+00            9.97734994e-01            1.00239211e+00     2.396069459330911e+04     2.396097808426865e+04     2.396126241235185e+04     2.396154616605245e+04     2.396183002506483e+04     2.396296545682056e+04
   41200           -1.22407529e+05            3.46202141e+00            9.96600728e-01            1.00352518e+00     2.407125876332961e+04     2.407168458365862e+04     2.407211132679627e+04     2.407253744260979e+04     2.407296367061117e+04     2.407466857789272e+04
   41400           -1.22373292e+05            6.28793107e+00            9.93786715e-01            1.00636336e+00     2.392096916087384e+04     2.392174839492418e+04     2.392252846104718e+04     2.392330796280264e+04     2.392408756401902e+04     2.392720596716420e+04
   41600           -1.22427624e+05            3.00966195e+00            9.97056375e-01            1.00307608e+00     2.409423514140696e+04     2.409460399524218e+04     2.409497361891002e+04     2.409534268145714e+04     2.409571186299722e+04     2.409718858458749e+04
   41800           -1.22403443e+05            3.71591444e+00            9.96354409e-01            1.00378673e+00     2.401185180394932e+04     2.401230793941619e+04     2.401276497805819e+04     2.401322140333148e+04     2.401367793772461e+04     2.401550407149989e+04
   42000           -1.22914052e+05            2.21616645e+00            9.97838565e-01            1.00227113e+00     2.402993121609978e+04     2.403020182217358e+04     2.403047322448505e+04     2.403074408826514e+04     2.403101504711498e+04     2.403209887813018e+04
   42200           -1.22664082e+05            2.47159706e+00            9.97589039e-01            1.00253252e+00     2.407884350546253e+04     2.407914598887700e+04     2.407944927501690e+04     2.407975200037054e+04     2.408005483340258e+04     2.408126616134264e+04
   42400           -1.22569821e+05            2.85151271e+00            9.97201643e-01            1.00290496e+00     2.415600848736697e+04     2.415635888870221e+04     2.415671020045603e+04     2.415706091149538e+04     2.415741172112279e+04     2.415881495487860e+04
   42600           -1.22677310e+05            3.12165892e+00            9.96942153e-01            1.00318585e+00     2.403373002143274e+04     2.403411319656052e+04     2.403449725325549e+04     2.403488068741859e+04     2.403526424436217e+04     2.403679846729160e+04
   42800           -1.22311419e+05            3.79976577e+00            9.96273707e-01            1.00387376e+00     2.416785407576476e+04     2.416832116376926e+04     2.416878913358588e+04     2.416925648223009e+04     2.416972395311638e+04     2.417159383046801e+04
   43000           -1.22383783e+05            2.17732775e+00            9.97877403e-01            1.00223229e+00     2.405756579874258e+04     2.405783173409775e+04     2.405809848869345e+04     2.405836468612316e+04     2.405863098350981e+04     2.405969616827704e+04
   43200           -1.22384691e+05            1.98321654e+00            9.98066598e-01            1.00203322e+00     2.418628522882862e+04     2.418652701593311e+04     2.418676969641239e+04     2.418701176461079e+04     2.418725394516879e+04     2.418822266150896e+04
   43400           -1.22245807e+05            3.88094234e+00            9.96189513e-01            1.00395191e+00     2.429178999651155e+04     2.429226742512545e+04     2.429274564453770e+04     2.429322330204664e+04     2.429370107231469e+04     2.429561214811783e+04
   43600           -1.22552194e+05            2.24597333e+00            9.97812701e-01            1.00230490e+00     2.407251798417106e+04     2.407279104001999e+04     2.407306492735017e+04     2.407333824545170e+04     2.407361166765248e+04     2.407470535113390e+04
   43800           -1.22454302e+05            3.40856783e+00            9.96656074e-01            1.00347363e+00     2.401891391825129e+04     2.401933267094328e+04     2.401975221494738e+04     2.402017119966928e+04     2.402059029433351e+04     2.402226667041573e+04
   44000           -1.22485967e+05            5.83080200e+00            9.94244245e-01            1.00590660e+00     2.413542402841769e+04     2.413614549606667e+04     2.413686781535314e+04     2.413758954425976e+04     2.413831138447681e+04     2.414119874053594e+04
   44200           -1.22580812e+05            7.90237723e-01            9.99263482e-01            1.00084404e+00     2.409411070035151e+04     2.409420295915483e+04     2.409429604865680e+04     2.409438858137442e+04     2.409448120951014e+04     2.409485171866878e+04
   44400           -1.22422040e+05            1.46188021e+00            9.98600344e-01            1.00152428e+00     2.426726882208829e+04     2.426744413487707e+04     2.426762031899063e+04     2.426779590477328e+04     2.426797160037519e+04     2.426867437866209e+04
   44600           -1.22766748e+05            2.99649079e+00            9.97067104e-01            1.00306045e+00     2.409818879752679e+04     2.409855638530770e+04     2.409892486851846e+04     2.409929275016344e+04     2.409966073591645e+04     2.410113267430610e+04
   44800           -1.22483482e+05            2.26606103e+00            9.97799227e-01            1.00233164e+00     2.417403034513912e+04     2.417430620556974e+04     2.417458292429587e+04     2.417485904819236e+04     2.417513528408760e+04     2.417624022303607e+04
   45000           -1.22537966e+05            1.47627132e+00            9.98585876e-01            1.00153860e+00     2.408790376329277e+04     2.408808121651162e+04     2.408825950302481e+04     2.408843721016981e+04     2.408861502715545e+04     2.408932629101813e+04
   45200           -1.22371686e+05            2.31725027e+00            9.97747716e-01            1.00238251e+00     2.421372499063631e+04     2.421400685103501e+04     2.421428955457916e+04     2.421457165131498e+04     2.421485387287142e+04     2.421598275510651e+04
   45400           -1.22410799e+05            5.25823182e+00            9.94807508e-01            1.00532457e+00     2.422256842877936e+04     2.422321929749834e+04     2.422387105215450e+04     2.422452219300823e+04     2.422517344927063e+04     2.422777846976192e+04
   45600           -1.22491045e+05            6.63059775e+00            9.93449476e-01            1.00671154e+00     2.417823948274375e+04     2.417906106123941e+04     2.417988344427659e+04     2.418070523970325e+04     2.418152716061287e+04     2.418481483848200e+04
   45800           -1.22463715e+05            2.49326368e+00            9.97568746e-01            1.00255557e+00     2.412941252064046e+04     2.412971669756646e+04     2.413002179358231e+04     2.413032627238014e+04     2.413063085780478e+04     2.413184919496911e+04
   46000           -1.22368890e+05            1.39102144e+00            9.98673825e-01            1.00145605e+00     2.413239947509509e+04     2.413256552676149e+04     2.413273239569998e+04     2.413289867907869e+04     2.413306508178979e+04     2.413373068848449e+04
   46200           -1.22584192e+05            5.09277407e+00            9.94975905e-01            1.00516207e+00     2.412296813848159e+04     2.412359755361842e+04     2.412422785828577e+04     2.412485754988036e+04     2.412548735560650e+04     2.412800657273142e+04
   46400           -1.22328763e+05            3.56087571e+00            9.96504138e-01            1.00362632e+00     2.400281264977226e+04     2.400325077951502e+04     2.400368976898706e+04     2.400412818369526e+04     2.400456669685487e+04     2.400632074393748e+04
   46600           -1.22274395e+05            4.31551552e+00            9.95751015e-01            1.00438257e+00     2.424240805491881e+04     2.424294044050477e+04     2.424347369915096e+04     2.424400635927546e+04     2.424453912822379e+04     2.424667020152878e+04
   46800           -1.22328700e+05            1.52895595e+00            9.98530107e-01            1.00158820e+00     2.410163131484193e+04     2.410181517247346e+04     2.410199992427132e+04     2.410218404974458e+04     2.410236829610308e+04     2.410310527736423e+04
   47000           -1.22351911e+05            1.40681567e+00            9.98655473e-01            1.00146928e+00     2.412417862647052e+04     2.412434715215913e+04     2.412451656323233e+04     2.412468537915194e+04     2.412485429865863e+04     2.412552997084673e+04
   47200           -1.22420836e+05            9.22193938e-01            9.99138436e-01            1.00098294e+00     2.417395661272919e+04     2.417406512991167e+04     2.417417433013959e+04     2.417428301850498e+04     2.417439182206762e+04     2.417482703140605e+04
   47400           -1.22902611e+05            4.34494974e+00            9.95721471e-01            1.00441190e+00     2.417515179217876e+04     2.417568755593695e+04     2.417622422247897e+04     2.417676026877939e+04     2.417729642827652e+04     2.417944106437429e+04
   47600           -1.22769226e+05            1.68235989e+00            9.98377504e-01            1.00174242e+00     2.409512791060685e+04     2.409533082489062e+04     2.409553452136721e+04     2.409573767024895e+04     2.409594092500924e+04     2.409675393941162e+04
   47800           -1.22439622e+05            3.03069895e+00            9.97031067e-01            1.00309282e+00     2.409826173413751e+04     2.409863374511091e+04     2.409900668980744e+04     2.409937900873868e+04     2.409975143519283e+04     2.410124113624815e+04
   48000           -1.22673999e+05            8.14326741e-01            9.99247556e-01            1.00087631e+00     2.415890176548347e+04     2.415899611757791e+04     2.415909141106609e+04     2.415918607659281e+04     2.415928084861039e+04     2.415965993173731e+04
   48200           -1.22598249e+05            2.65239646e+00            9.97412443e-01            1.00271757e+00     2.412652635176737e+04     2.412685048073498e+04     2.412717542557976e+04     2.412749980904168e+04     2.412782429589405e+04     2.412912224002073e+04
   48400           -1.22315800e+05            5.18521584e+00            9.94885598e-01            1.00525667e+00     2.416782659483018e+04     2.416846787887496e+04     2.416911014798635e+04     2.416975176444519e+04     2.417039348913747e+04     2.417296038344477e+04
   48600           -1.22469060e+05            1.96518846e+00            9.98091151e-01            1.00202174e+00     2.415106780328690e+04     2.415130675312152e+04     2.415154653847878e+04     2.415178572991417e+04     2.415202504069689e+04     2.415298227810688e+04
   48800           -1.22530474e+05            4.51733153e+00            9.95554397e-01            1.00458965e+00     2.413600998328162e+04     2.413656717049364e+04     2.413712519176168e+04     2.413768262922127e+04     2.413824017927569e+04     2.414047037526975e+04
   49000           -1.22809858e+05            1.72489707e+00            9.98335680e-01            1.00178568e+00     2.415185308188497e+04     2.415206127680356e+04     2.415227034379966e+04     2.415247879808832e+04     2.415268737155773e+04     2.415352166123049e+04
   49200           -1.22820798e+05            2.68276156e+00            9.97382792e-01            1.00274865e+00     2.423095079639449e+04     2.423127847502054e+04     2.423160698991299e+04     2.423193492476807e+04     2.423226296943112e+04     2.423357514246774e+04
   49400           -1.22797978e+05            3.37374386e+00            9.96694504e-01            1.00344243e+00     2.408194737124726e+04     2.408236139854540e+04     2.408277626151852e+04     2.408319055275962e+04     2.408360494805274e+04     2.408526252485822e+04
   49600           -1.22607811e+05            4.85938272e+00            9.95216358e-01            1.00493579e+00     2.417318208372117e+04     2.417378193053351e+04     2.417438263030061e+04     2.417498273754185e+04     2.417558295682205e+04     2.417798382992294e+04
   49800           -1.22500469e+05            3.50336779e+00            9.96556841e-01            1.00356397e+00     2.422135471695412e+04     2.422178548691764e+04     2.422221712079819e+04     2.422264815308141e+04     2.422307930030688e+04     2.422480388365964e+04
   50000           -1.22873517e+05            4.16918753e+00            9.95901015e-01            1.00423993e+00     2.413358382944945e+04     2.413409794760268e+04     2.413461293534823e+04     2.413512730562263e+04     2.413564179924057e+04     2.413769976903170e+04
