#This file was generated on Fri Feb 14 11:49:12 2025
#Using the somd command, of the molecular library Sire version <2024.4.0.dev> 
#For more information visit: https://github.com/openbiosim/sire
#
#General information on simulation parameters:
#Simulation used 50000 moves, 1 cycles and 200 ps of simulation time
#Generating lambda is		 1.00000
#Alchemical array is		 (0.0, 0.125, 0.25, 0.375, 0.5, 1.0)
#Generating temperature is 	25°C
#Energy was saved every 200 steps 
#
#
#   [step]               [potential]                [gradient]      [forward Metropolis]     [backward Metropolis]                   [u_kl]
     200           -8.37216885e+04            1.04684182e+00            9.98953706e-01            1.00104739e+00     6.812390516465315e+03     6.812540477442433e+03     6.812690585633671e+03     6.812840574717491e+03     6.812990594882877e+03     6.813590673300439e+03
     400           -8.13231758e+04            8.75850082e-01            9.99124533e-01            1.00087623e+00     6.923944257727419e+03     6.924071938221838e+03     6.924199864112948e+03     6.924327615654805e+03     6.924455403171580e+03     6.924966548615740e+03
     600           -7.97432184e+04            2.58714271e+00            9.97416201e-01            1.00259049e+00     6.843458603829635e+03     6.843798125121239e+03     6.844137849331458e+03     6.844477424634490e+03     6.844817033384789e+03     6.846175462939944e+03
     800           -7.85819028e+04            5.90053890e-01            9.99410120e-01            1.00059023e+00     6.830096432247347e+03     6.830192676544336e+03     6.830289165757111e+03     6.830385472207941e+03     6.830481820266792e+03     6.830867208286237e+03
    1000           -7.81145913e+04            1.59891772e+00            9.98402360e-01            1.00160020e+00     6.916225844541375e+03     6.916444680198122e+03     6.916663664998588e+03     6.916882530241533e+03     6.917101427281056e+03     6.917977010020736e+03
    1200           -7.76889652e+04            2.75926535e+00            9.97244538e-01            1.00276308e+00     6.908824133010892e+03     6.909186212105180e+03     6.909548569396368e+03     6.909910736047743e+03     6.910272938072610e+03     6.911721743134329e+03
    1400           -7.73329928e+04            2.26489154e+00            9.97737671e-01            1.00226746e+00     6.844628954769945e+03     6.844931880796155e+03     6.845234979049593e+03     6.845537945042562e+03     6.845840943278663e+03     6.847052931787381e+03
    1600           -7.71260897e+04            8.84826006e-01            9.99115565e-01            1.00088522e+00     6.817210958319321e+03     6.817338328989074e+03     6.817465884709231e+03     6.817593299203450e+03     6.817720747822610e+03     6.818230537325900e+03
    1800           -7.69373403e+04            4.48728634e-01            9.99551372e-01            1.00044883e+00     6.918577298071931e+03     6.918647813045531e+03     6.918718492707178e+03     6.918789039668149e+03     6.918859622118372e+03     6.919141946164811e+03
    2000           -7.68857021e+04            2.82051663e-01            9.99717988e-01            1.00028209e+00     6.926492281939184e+03     6.926544231270786e+03     6.926596360195545e+03     6.926648360303863e+03     6.926700387816345e+03     6.926908493693510e+03
    2200           -7.69405279e+04            1.96430178e+00            9.98037626e-01            1.00196623e+00     6.932723940180810e+03     6.932985041620551e+03     6.933246372285385e+03     6.933507542387038e+03     6.933768744900939e+03     6.934813549621067e+03
    2400           -7.67192194e+04            4.88260318e-01            9.99511859e-01            1.00048838e+00     6.867994687137727e+03     6.868074826534816e+03     6.868155190383777e+03     6.868235390095966e+03     6.868315626075916e+03     6.868636565014105e+03
    2600           -7.66691369e+04            7.08572961e-01            9.99291678e-01            1.00070882e+00     6.880616310250358e+03     6.880726609303032e+03     6.880837105342148e+03     6.880947453358594e+03     6.881057835914814e+03     6.881499361579269e+03
    2800           -7.66894805e+04            1.04496120e+00            9.98955585e-01            1.00104551e+00     6.879665501435659e+03     6.879813196166811e+03     6.879961126700423e+03     6.880108894651842e+03     6.880256693838236e+03     6.880847886240813e+03
    3000           -7.66274774e+04            6.07361667e-01            9.99392823e-01            1.00060755e+00     6.891237241827502e+03     6.891330587065650e+03     6.891424152684395e+03     6.891517560600557e+03     6.891611001602931e+03     6.891984761378360e+03
    3200           -7.67713957e+04            8.36964615e-01            9.99163386e-01            1.00083731e+00     6.894788364520511e+03     6.894917802299798e+03     6.895047446143006e+03     6.895176946950531e+03     6.895306476209943e+03     6.895824587899374e+03
    3400           -7.67120330e+04            1.47608851e+00            9.98525000e-01            1.00147718e+00     6.930224983888760e+03     6.930427185591493e+03     6.930629543809852e+03     6.930831775197355e+03     6.931034040884539e+03     6.931843097880316e+03
    3600           -7.66870129e+04            1.23580285e+00            9.98764960e-01            1.00123657e+00     6.919775070789243e+03     6.919946849280620e+03     6.920118846936887e+03     6.920290685813759e+03     6.920462559401768e+03     6.921150048014293e+03
    3800           -7.69638648e+04            9.76863207e-01            9.99023614e-01            1.00097734e+00     6.848824686493565e+03     6.848966723800831e+03     6.849108978259751e+03     6.849251083592127e+03     6.849393217634019e+03     6.849961748774474e+03
    4000           -7.66499764e+04            1.08966713e+00            9.98910926e-01            1.00109026e+00     6.882333188336422e+03     6.882489585338752e+03     6.882646196168211e+03     6.882802648385732e+03     6.882959136469985e+03     6.883585084603549e+03
    4200           -7.67060472e+04            3.40655742e-01            9.99659402e-01            1.00034071e+00     6.818794143532239e+03     6.818854003240885e+03     6.818914064998929e+03     6.818973983974041e+03     6.819033932317348e+03     6.819273721102459e+03
    4400           -7.65739885e+04            2.09696674e+00            9.97905230e-01            1.00209917e+00     6.856299004684533e+03     6.856580418275566e+03     6.856862018461276e+03     6.857143479551148e+03     6.857424972330819e+03     6.858550939977106e+03
    4600           -7.65486966e+04            1.36429909e+00            9.98636631e-01            1.00136523e+00     6.830099269853955e+03     6.830286291880479e+03     6.830473520269627e+03     6.830660598424608e+03     6.830847709511610e+03     6.831596149169267e+03
    4800           -7.67072262e+04            1.74341312e+00            9.98258106e-01            1.00174493e+00     6.866173236757203e+03     6.866412090290300e+03     6.866651170784347e+03     6.866890084545746e+03     6.867129035345901e+03     6.868084833934598e+03
    5000           -7.64651767e+04            5.92959397e-01            9.99407216e-01            1.00059314e+00     6.859977273769440e+03     6.860066618421004e+03     6.860156170217784e+03     6.860245567397267e+03     6.860334999745460e+03     6.860692725721480e+03
    5200           -7.66442896e+04            1.97863628e+00            9.98023320e-01            1.00198060e+00     6.877902765347169e+03     6.878166736106526e+03     6.878430888361760e+03     6.878694904745246e+03     6.878958952843167e+03     6.880015140339165e+03
    5400           -7.66834534e+04            9.09453897e-01            9.99090960e-01            1.00090987e+00     6.895397323656782e+03     6.895528605673602e+03     6.895660102016382e+03     6.895791437502664e+03     6.895922810563900e+03     6.896448297471019e+03
    5600           -7.66521362e+04            9.25932491e-02            9.99907411e-01            1.00009260e+00     6.844097949758626e+03     6.844126694207813e+03     6.844155657403709e+03     6.844184457881483e+03     6.844213295451777e+03     6.844328641144929e+03
    5800           -7.67152802e+04            1.18435282e+00            9.98816348e-01            1.00118505e+00     6.895939321935094e+03     6.896102903375006e+03     6.896266761775201e+03     6.896430437314462e+03     6.896594144217185e+03     6.897248966499277e+03
    6000           -7.66814882e+04            1.54156272e+00            9.98459625e-01            1.00154275e+00     6.878049711561611e+03     6.878259334269927e+03     6.878469207700750e+03     6.878678911095308e+03     6.878888646095274e+03     6.879727580628937e+03
    6200           -7.65664635e+04            9.26560787e-01            9.99073868e-01            1.00092699e+00     6.836899719686364e+03     6.837034479519572e+03     6.837169396379184e+03     6.837304190743565e+03     6.837439016080111e+03     6.837978312473860e+03
    6400           -7.67892767e+04            5.18668315e-01            9.99481466e-01            1.00051880e+00     6.851086230051896e+03     6.851166326252664e+03     6.851246674926318e+03     6.851326836260410e+03     6.851407039868716e+03     6.851727849685536e+03
    6600           -7.66323733e+04            3.84772268e-01            9.99615302e-01            1.00038485e+00     6.885451467596835e+03     6.885517403123779e+03     6.885583541076486e+03     6.885649525285034e+03     6.885715545926905e+03     6.885979624256976e+03
    6800           -7.66070000e+04            7.45289494e-01            9.99254988e-01            1.00074557e+00     6.907248105702160e+03     6.907361095811884e+03     6.907474274654979e+03     6.907587308476271e+03     6.907700377726606e+03     6.908152649751052e+03
    7000           -7.65510454e+04            1.62718890e+00            9.98374134e-01            1.00162851e+00     6.899834204506478e+03     6.900053819625335e+03     6.900273639789549e+03     6.900493308192665e+03     6.900713010840248e+03     6.901591817174019e+03
    7200           -7.68642303e+04            6.85047424e-01            9.99315187e-01            1.00068528e+00     6.810098751723326e+03     6.810199182572863e+03     6.810299867484368e+03     6.810400368485010e+03     6.810500909048420e+03     6.810903066373515e+03
    7400           -7.68761644e+04            1.35214925e+00            9.98648764e-01            1.00135306e+00     6.787843758903743e+03     6.788025933723305e+03     6.788208356481492e+03     6.788390613434494e+03     6.788572899672009e+03     6.789302040440276e+03
    7600           -7.67229252e+04            2.40840472e+00            9.97594493e-01            1.00241131e+00     6.843888710938967e+03     6.844208913500976e+03     6.844529345186520e+03     6.844849616229786e+03     6.845169919574664e+03     6.846451128210361e+03
    7800           -7.66468412e+04            2.08252225e+00            9.97919645e-01            1.00208469e+00     6.766642801194336e+03     6.766913219091092e+03     6.767183860400248e+03     6.767454345021464e+03     6.767724861061029e+03     6.768806920927722e+03
    8000           -7.67366217e+04            2.77126435e-01            9.99722912e-01            1.00027716e+00     6.869544795976932e+03     6.869602559199425e+03     6.869660538495266e+03     6.869718362664809e+03     6.869776219505371e+03     6.870007643033810e+03
    8200           -7.67663092e+04            4.93118014e-01            9.99507004e-01            1.00049324e+00     6.864572236897251e+03     6.864646699623861e+03     6.864721377473956e+03     6.864795897799192e+03     6.864870453208941e+03     6.865168669520632e+03
    8400           -7.65046084e+04            6.00504037e-01            9.99399676e-01            1.00060068e+00     6.797347493675966e+03     6.797438476838766e+03     6.797529641500430e+03     6.797620668425797e+03     6.797711728079520e+03     6.798075962483073e+03
    8600           -7.66518856e+04            1.32620696e+00            9.98674672e-01            1.00132709e+00     6.894708484508784e+03     6.894894363896214e+03     6.895080478151174e+03     6.895266429067444e+03     6.895452412388179e+03     6.896196340267575e+03
    8800           -7.66566626e+04            1.29715799e+00            9.98703683e-01            1.00129800e+00     6.852809712242891e+03     6.852988886169284e+03     6.853168272593591e+03     6.853347507423359e+03     6.853526774016825e+03     6.854243835790758e+03
    9000           -7.67612820e+04            8.99244845e-01            9.99101159e-01            1.00089965e+00     6.855288103201800e+03     6.855421114952985e+03     6.855554359068596e+03     6.855687437344532e+03     6.855820550272892e+03     6.856352997343984e+03
    9200           -7.64543289e+04            1.14921103e+00            9.98851449e-01            1.00114987e+00     6.865596746809856e+03     6.865756999542233e+03     6.865917427497794e+03     6.866077716066520e+03     6.866238040679612e+03     6.866879334549369e+03
    9400           -7.66365610e+04            1.04630177e+00            9.98954245e-01            1.00104685e+00     6.838427033694264e+03     6.838575479530431e+03     6.838724161040618e+03     6.838872678611006e+03     6.839021228324449e+03     6.839615422954635e+03
    9600           -7.67213200e+04            1.25879726e+00            9.98741995e-01            1.00125959e+00     6.830102877736402e+03     6.830276594145421e+03     6.830450503666748e+03     6.830624260866658e+03     6.830798056905549e+03     6.831493236074697e+03
    9800           -7.67215537e+04            9.05056653e-01            9.99095353e-01            1.00090547e+00     6.780891416507247e+03     6.781023363380901e+03     6.781155476881164e+03     6.781287466857083e+03     6.781419485042383e+03     6.781947553577518e+03
   10000           -7.66060503e+04            1.68536289e-01            9.99831478e-01            1.00016855e+00     6.848192591620666e+03     6.848235676376698e+03     6.848278928058039e+03     6.848322038084715e+03     6.848365188434535e+03     6.848537785248403e+03
   10200           -7.67401154e+04            1.08149545e+00            9.98919089e-01            1.00108208e+00     6.842550641152627e+03     6.842703582046019e+03     6.842856747071674e+03     6.843009761701267e+03     6.843162803287102e+03     6.843774965421578e+03
   10400           -7.66650785e+04            5.54761500e-01            9.99445392e-01            1.00055492e+00     6.817299208085492e+03     6.817387465213285e+03     6.817475942070510e+03     6.817564257119151e+03     6.817652608190970e+03     6.818006008296446e+03
   10600           -7.67335601e+04            6.39745095e-01            9.99360459e-01            1.00063995e+00     6.836312822444906e+03     6.836410477167249e+03     6.836508339811425e+03     6.836606054140399e+03     6.836703799696184e+03     6.837094776947462e+03
   10800           -7.68522454e+04            1.26138234e+00            9.98739413e-01            1.00126218e+00     6.829768675423104e+03     6.829948878438669e+03     6.830129241219712e+03     6.830309474465173e+03     6.830489742198496e+03     6.831210808973889e+03
   11000           -7.66913101e+04            6.21134334e-01            9.99379059e-01            1.00062133e+00     6.913894263381972e+03     6.913990748783619e+03     6.914087454963133e+03     6.914184004117599e+03     6.914280585513984e+03     6.914666907645997e+03
   11200           -7.65408468e+04            3.16497288e-01            9.99683553e-01            1.00031655e+00     6.805630651651030e+03     6.805690247037701e+03     6.805750060564721e+03     6.805809712374097e+03     6.805869401207621e+03     6.806108150764212e+03
   11400           -7.67377085e+04            4.59852208e+00            9.95412035e-01            1.00460911e+00     6.860513856377592e+03     6.861107525823237e+03     6.861701382066678e+03     6.862295106299787e+03     6.862888858016298e+03     6.865263859655004e+03
   11600           -7.67042715e+04            3.64712218e+00            9.96359520e-01            1.00365378e+00     6.908880615878071e+03     6.909356256386674e+03     6.909832081219838e+03     6.910307757280046e+03     6.910783472603574e+03     6.912686329329077e+03
   11800           -7.67265657e+04            1.37949096e+00            9.98621460e-01            1.00138044e+00     6.946774890841262e+03     6.946965018232199e+03     6.947155338406874e+03     6.947345510879802e+03     6.947535719231037e+03     6.948296547620810e+03
   12000           -7.67587545e+04            2.83021693e+00            9.97173784e-01            1.00283423e+00     6.905040841660210e+03     6.905410917352085e+03     6.905781208639387e+03     6.906151334652467e+03     6.906521500656901e+03     6.908002159653593e+03
   12200           -7.67648725e+04            5.03790553e-01            9.99496336e-01            1.00050392e+00     6.819741746229156e+03     6.819824802309099e+03     6.819908078916003e+03     6.819991197223855e+03     6.820074349473322e+03     6.820406952717488e+03
   12400           -7.67993036e+04            2.99085433e-01            9.99700959e-01            1.00029913e+00     6.781772555264214e+03     6.781826986102335e+03     6.781881628174869e+03     6.781936119390407e+03     6.781990642420912e+03     6.782208729577609e+03
   12600           -7.69700939e+04            1.98799576e+00            9.98013979e-01            1.00198997e+00     6.900398513522715e+03     6.900660702344919e+03     6.900923093064186e+03     6.901185331640419e+03     6.901447606294336e+03     6.902496699065957e+03
   12800           -7.68280983e+04            1.73644184e+00            9.98265065e-01            1.00173795e+00     6.781717278155947e+03     6.781951646403248e+03     6.782186227963913e+03     6.782420666867120e+03     6.782655131437589e+03     6.783592984719231e+03
   13000           -7.68718438e+04            3.77300121e-01            9.99622771e-01            1.00037737e+00     6.833295750357163e+03     6.833361677916578e+03     6.833427811999913e+03     6.833493799733660e+03     6.833559817845568e+03     6.833823885333974e+03
   13200           -7.65908027e+04            5.17082407e-01            9.99483051e-01            1.00051722e+00     6.889603659555260e+03     6.889686873052403e+03     6.889770249098905e+03     6.889853502103837e+03     6.889936784350904e+03     6.890269909146548e+03
   13400           -7.64798572e+04            5.91839367e-01            9.99408336e-01            1.00059201e+00     6.846691538340190e+03     6.846782886188103e+03     6.846874411989317e+03     6.846965792101366e+03     6.847057211548984e+03     6.847422884757777e+03
   13600           -7.65561957e+04            1.29225437e+00            9.98708580e-01            1.00129309e+00     6.874987831923781e+03     6.875162186034557e+03     6.875336783128532e+03     6.875511216018586e+03     6.875685679038006e+03     6.876383526152233e+03
   13800           -7.68094777e+04            1.04396991e+00            9.98956575e-01            1.00104452e+00     6.852100198623547e+03     6.852252910260003e+03     6.852405843567439e+03     6.852558616807698e+03     6.852711424410388e+03     6.853322650197229e+03
   14000           -7.68469360e+04            7.05890171e-01            9.99294359e-01            1.00070614e+00     6.849194846056726e+03     6.849301146339557e+03     6.849407597994406e+03     6.849513918587320e+03     6.849620277634825e+03     6.850045709212926e+03
   14200           -7.65571278e+04            6.41111180e-01            9.99359094e-01            1.00064132e+00     6.822635674637894e+03     6.822735324496551e+03     6.822835188543760e+03     6.822934892713934e+03     6.823034633736760e+03     6.823433592835625e+03
   14400           -7.67623257e+04            4.78794620e-01            9.99521320e-01            1.00047891e+00     6.798946141432508e+03     6.799025150064443e+03     6.799104374871285e+03     6.799183444154205e+03     6.799262546467286e+03     6.799578951502066e+03
   14600           -7.66997795e+04            1.56611733e+00            9.98435108e-01            1.00156734e+00     6.840584461414124e+03     6.840799413790637e+03     6.841014585355935e+03     6.841229598430036e+03     6.841444645746410e+03     6.842304830078697e+03
   14800           -7.65238066e+04            4.99812620e-01            9.99500312e-01            1.00049994e+00     6.825254531590354e+03     6.825337162004263e+03     6.825419969490306e+03     6.825502642103568e+03     6.825585347136568e+03     6.825916162682783e+03
   15000           -7.65988240e+04            1.18267255e+00            9.98818027e-01            1.00118337e+00     6.851873388098981e+03     6.852038573952972e+03     6.852203933010939e+03     6.852369164114192e+03     6.852534424336181e+03     6.853195460573381e+03
   15200           -7.66280783e+04            3.72340008e+00            9.96283523e-01            1.00373034e+00     6.962885661245244e+03     6.963370481722474e+03     6.963855480750405e+03     6.964340341093583e+03     6.964825235999298e+03     6.966764810753354e+03
   15400           -7.66078728e+04            1.06334459e-01            9.99893671e-01            1.00010634e+00     6.936486267504469e+03     6.936521503266470e+03     6.936556941161507e+03     6.936592237818471e+03     6.936627562916496e+03     6.936768858328522e+03
   15600           -7.65665547e+04            1.23019448e+00            9.98770562e-01            1.00123095e+00     6.904248954750899e+03     6.904419460308916e+03     6.904590174377207e+03     6.904760735404681e+03     6.904931330488022e+03     6.905613706225146e+03
   15800           -7.65545133e+04            8.58353003e-01            9.99142015e-01            1.00085872e+00     6.884194875423344e+03     6.884315978240216e+03     6.884437296120834e+03     6.884558460508618e+03     6.884679656803592e+03     6.885164438183840e+03
   16000           -7.67113776e+04            2.62560272e+00            9.97377841e-01            1.00262905e+00     6.846262094505755e+03     6.846608530801835e+03     6.846955191403424e+03     6.847301688308485e+03     6.847648220962245e+03     6.849034347418734e+03
   16200           -7.65114842e+04            1.12569366e+00            9.98874940e-01            1.00112633e+00     6.867428713490511e+03     6.867585569080991e+03     6.867742613315231e+03     6.867899512461347e+03     6.868056447115382e+03     6.868684180740253e+03
   16400           -7.64655706e+04            1.17224096e+00            9.98828446e-01            1.00117293e+00     6.891358059795395e+03     6.891522582163392e+03     6.891687316799304e+03     6.891851894469301e+03     6.892016507432153e+03     6.892674955068910e+03
   16600           -7.66306106e+04            1.34856075e+00            9.98652348e-01            1.00134947e+00     6.871825433306021e+03     6.872014933186881e+03     6.872204658717398e+03     6.872394215675279e+03     6.872583811090738e+03     6.873342188875455e+03
   16800           -7.65870514e+04            1.55987675e+00            9.98441339e-01            1.00156109e+00     6.844220884951681e+03     6.844435308479402e+03     6.844649955667442e+03     6.844864450347657e+03     6.845078973549209e+03     6.845937062146736e+03
   17000           -7.67614858e+04            8.29965266e-01            9.99170379e-01            1.00083031e+00     6.843568066248808e+03     6.843685748394958e+03     6.843803684737491e+03     6.843921449926622e+03     6.844039246413502e+03     6.844510426578195e+03
   17200           -7.66845623e+04            2.13083122e+00            9.97871437e-01            1.00213310e+00     6.909164185138755e+03     6.909444775346383e+03     6.909725574930513e+03     6.910006225439626e+03     6.910286907491421e+03     6.911409629844086e+03
   17400           -7.66789099e+04            1.31809507e+00            9.98682773e-01            1.00131896e+00     6.866217899957348e+03     6.866396175883972e+03     6.866574650714690e+03     6.866752971477624e+03     6.866931330190348e+03     6.867644760423347e+03
   17600           -7.66808606e+04            5.88654388e-01            9.99411519e-01            1.00058883e+00     6.899878147213199e+03     6.899968498820451e+03     6.900059073424912e+03     6.900149485826502e+03     6.900239933444785e+03     6.900601719676371e+03
   17800           -7.67835405e+04            8.29632753e-01            9.99170711e-01            1.00082998e+00     6.782430018848947e+03     6.782551285572979e+03     6.782672706715766e+03     6.782794005072768e+03     6.782915335332525e+03     6.783400651816102e+03
   18000           -7.69010374e+04            7.15146220e-01            9.99285109e-01            1.00071540e+00     6.834242442663427e+03     6.834349965393953e+03     6.834457699651619e+03     6.834565292595499e+03     6.834672910640067e+03     6.835103378616706e+03
   18200           -7.67934036e+04            1.34951173e+00            9.98651398e-01            1.00135042e+00     6.911850368257249e+03     6.912036903993689e+03     6.912223622340155e+03     6.912410213630248e+03     6.912596830029033e+03     6.913343291800817e+03
   18400           -7.66310123e+04            1.02759977e+00            9.98972928e-01            1.00102813e+00     6.887971157828126e+03     6.888119118157012e+03     6.888267240835129e+03     6.888415227715707e+03     6.888563252679930e+03     6.889155347531733e+03
   18600           -7.68325632e+04            1.58415319e+00            9.98417101e-01            1.00158541e+00     6.850555780519226e+03     6.850776608221700e+03     6.850997573278219e+03     6.851218426187932e+03     6.851439309618822e+03     6.852322838718420e+03
   18800           -7.68487743e+04            1.93823492e+00            9.98063642e-01            1.00194011e+00     6.850851159834870e+03     6.851111810794303e+03     6.851372680464600e+03     6.851633403513698e+03     6.851894152669144e+03     6.852937145503418e+03
   19000           -7.67676699e+04            6.32937824e-01            9.99367262e-01            1.00063314e+00     6.873866829257280e+03     6.873970121577388e+03     6.874073637348725e+03     6.874176991668424e+03     6.874280380407284e+03     6.874693931557287e+03
   19200           -7.66453555e+04            9.45974677e-01            9.99054473e-01            1.00094642e+00     6.909306707197594e+03     6.909441207909142e+03     6.909575925473643e+03     6.909710491165712e+03     6.909845086984813e+03     6.910383466772033e+03
   19400           -7.67047976e+04            2.13127012e+00            9.97870999e-01            1.00213354e+00     6.917821423403315e+03     6.918107793144885e+03     6.918394419663605e+03     6.918680883012790e+03     6.918967371345961e+03     6.920113319288606e+03
   19600           -7.65576338e+04            3.28328949e+00            9.96722095e-01            1.00328869e+00     6.846945320226328e+03     6.847370692088816e+03     6.847796232585174e+03     6.848221642602854e+03     6.848647084726173e+03     6.850348849226018e+03
   19800           -7.67126383e+04            1.44890679e-01            9.99855120e-01            1.00014490e+00     6.848578492730132e+03     6.848614156474793e+03     6.848649957098566e+03     6.848685629399081e+03     6.848721343279381e+03     6.848864193828630e+03
   20000           -7.67943654e+04            1.21400123e+00            9.98786735e-01            1.00121474e+00     6.920674836914823e+03     6.920848317724965e+03     6.921022017744803e+03     6.921195562959069e+03     6.921369139719005e+03     6.922063442523187e+03
   20200           -7.68363521e+04            5.66130802e-01            9.99434029e-01            1.00056629e+00     6.892597214994921e+03     6.892690030477082e+03     6.892783043635680e+03     6.892875902051422e+03     6.892968799130869e+03     6.893340383266818e+03
   20400           -7.68132932e+04            4.28381214e-01            9.99571711e-01            1.00042847e+00     6.838189622319650e+03     6.838262912866437e+03     6.838336403061078e+03     6.838409742398678e+03     6.838483117550925e+03     6.838776612782201e+03
   20600           -7.69324061e+04            1.43993858e+00            9.98561098e-01            1.00144098e+00     6.852927769900757e+03     6.853123967651914e+03     6.853320392125061e+03     6.853516649064660e+03     6.853712943426118e+03     6.854498116951479e+03
   20800           -7.69195419e+04            5.10600531e-01            9.99489530e-01            1.00051073e+00     6.901411949774585e+03     6.901491362783368e+03     6.901570965021361e+03     6.901650415060125e+03     6.901729905151151e+03     6.902047860527717e+03
   21000           -7.67794050e+04            1.09791348e+00            9.98902689e-01            1.00109852e+00     6.918590961614444e+03     6.918743044317752e+03     6.918895379936022e+03     6.919047542266249e+03     6.919199737370664e+03     6.919808513126885e+03
   21200           -7.67625367e+04            7.19388828e-01            9.99280870e-01            1.00071965e+00     6.873744665266036e+03     6.873850411189855e+03     6.873956399956483e+03     6.874062219600130e+03     6.874168072577142e+03     6.874591479888247e+03
   21400           -7.66835707e+04            6.83971031e-01            9.99316263e-01            1.00068420e+00     6.875911288557087e+03     6.876017281652210e+03     6.876123497278569e+03     6.876229559395013e+03     6.876335651218536e+03     6.876760013879987e+03
   21600           -7.66144273e+04            7.87137781e-01            9.99213172e-01            1.00078745e+00     6.823730710553400e+03     6.823843170130041e+03     6.823955810037629e+03     6.824068324447123e+03     6.824180863808865e+03     6.824631017064329e+03
   21800           -7.68643850e+04            2.77991161e+00            9.97223949e-01            1.00278378e+00     6.870796794007906e+03     6.871162796115577e+03     6.871528998420710e+03     6.871895072017614e+03     6.872261166248782e+03     6.873725538489657e+03
   22000           -7.67978689e+04            8.54349681e-01            9.99146015e-01            1.00085471e+00     6.868637434838955e+03     6.868760705507790e+03     6.868884163282081e+03     6.869007475399598e+03     6.869130823657531e+03     6.869624212476107e+03
   22200           -7.67936370e+04            1.59791932e+00            9.98403357e-01            1.00159920e+00     6.827761755439928e+03     6.827981327001867e+03     6.828201125309691e+03     6.828420760378720e+03     6.828640430349683e+03     6.829519105259436e+03
   22400           -7.67081454e+04            1.28199647e-01            9.99871809e-01            1.00012821e+00     6.827928936582176e+03     6.827966870801751e+03     6.828004991365098e+03     6.828042976794627e+03     6.828080991605466e+03     6.828233046628757e+03
   22600           -7.67413465e+04            1.78157760e+00            9.98220008e-01            1.00178317e+00     6.869001648485597e+03     6.869243894642338e+03     6.869486309080484e+03     6.869728592528942e+03     6.869970908286619e+03     6.870940168087642e+03
   22800           -7.65514520e+04            6.78202441e-01            9.99322027e-01            1.00067843e+00     6.763208678214964e+03     6.763314843783948e+03     6.763421250346790e+03     6.763527489588547e+03     6.763633761567784e+03     6.764058844920603e+03
   23000           -7.65773354e+04            1.05347808e+00            9.98947077e-01            1.00105403e+00     6.879045097895970e+03     6.879197252951170e+03     6.879349613837306e+03     6.879501826127756e+03     6.879654070552476e+03     6.880263043208981e+03
   23200           -7.64597400e+04            1.23739804e+00            9.98763367e-01            1.00123816e+00     6.822673587544001e+03     6.822846651443766e+03     6.823019932507133e+03     6.823193064358081e+03     6.823366224600429e+03     6.824058861656857e+03
   23400           -7.65554291e+04            6.11898728e-01            9.99388288e-01            1.00061209e+00     6.857786808860494e+03     6.857879515027675e+03     6.857972428352018e+03     6.858065199239104e+03     6.858157997697847e+03     6.858529186535201e+03
   23600           -7.65290543e+04            1.00239871e+00            9.98998104e-01            1.00100290e+00     6.873359516085599e+03     6.873505019399742e+03     6.873650743915907e+03     6.873796314648056e+03     6.873941915698217e+03     6.874524315310834e+03
   23800           -7.66484547e+04            2.64044846e+00            9.97363034e-01            1.00264394e+00     6.894149927966176e+03     6.894492647431442e+03     6.894835564603014e+03     6.895178338702218e+03     6.895521144068740e+03     6.896892360171304e+03
   24000           -7.66893982e+04            8.60955797e-01            9.99139415e-01            1.00086133e+00     6.880205391316966e+03     6.880329159543145e+03     6.880453170851093e+03     6.880577019573022e+03     6.880700897575123e+03     6.881196403833281e+03
   24200           -7.67384731e+04            2.12075664e+00            9.97881491e-01            1.00212301e+00     6.935826599144187e+03     6.936111067968880e+03     6.936395701191884e+03     6.936680193240662e+03     6.936964726151176e+03     6.938102853158166e+03
   24400           -7.66861150e+04            1.55565141e+00            9.98445558e-01            1.00155686e+00     6.902016703966877e+03     6.902229907914179e+03     6.902443322492522e+03     6.902656574310837e+03     6.902869865841443e+03     6.903723027716010e+03
   24600           -7.66952246e+04            7.67692154e-02            9.99923234e-01            1.00007677e+00     6.898413224676921e+03     6.898440026332918e+03     6.898467037780609e+03     6.898493898829342e+03     6.898520792124103e+03     6.898628359571284e+03
   24800           -7.67446745e+04            8.91861876e-01            9.99108536e-01            1.00089226e+00     6.858658609517761e+03     6.858789374492651e+03     6.858920369621591e+03     6.859051186668790e+03     6.859182046973671e+03     6.859705484429582e+03
   25000           -7.67678812e+04            4.59462032e-01            9.99540644e-01            1.00045957e+00     6.793818754732310e+03     6.793894645036647e+03     6.793970752537444e+03     6.794046703416108e+03     6.794122687591756e+03     6.794426620451202e+03
   25200           -7.65993965e+04            8.82674529e-01            9.99117715e-01            1.00088306e+00     6.906011240035155e+03     6.906142681807058e+03     6.906274341468403e+03     6.906405829476770e+03     6.906537360962365e+03     6.907063481889574e+03
   25400           -7.67360458e+04            2.55947828e+00            9.97443794e-01            1.00256276e+00     6.862848118757070e+03     6.863186515976419e+03     6.863525126622638e+03     6.863863578682122e+03     6.864202067113515e+03     6.865556015469961e+03
   25600           -7.66710999e+04            1.35906844e+00            9.98641855e-01            1.00135999e+00     6.916737909876726e+03     6.916925153091300e+03     6.917112574698261e+03     6.917299873307429e+03     6.917487196100815e+03     6.918236482324903e+03
   25800           -7.66979688e+04            1.27045709e+00            9.98730350e-01            1.00127126e+00     6.913028305274277e+03     6.913206995880739e+03     6.913385891266716e+03     6.913564628209520e+03     6.913743404304754e+03     6.914458503335231e+03
   26000           -7.67989297e+04            6.03437500e-01            9.99396745e-01            1.00060362e+00     6.826166071127903e+03     6.826257657764432e+03     6.826349416413125e+03     6.826441033248935e+03     6.826532688959011e+03     6.826899306790118e+03
   26200           -7.67819815e+04            1.02465776e+00            9.98975867e-01            1.00102518e+00     6.813816949832865e+03     6.813960826512351e+03     6.814104835479934e+03     6.814248734503250e+03     6.814392664386019e+03     6.814968378939173e+03
   26400           -7.67908433e+04            1.02072839e+00            9.98979792e-01            1.00102125e+00     6.843753562999588e+03     6.843901996487513e+03     6.844050673905515e+03     6.844199174895896e+03     6.844347713852358e+03     6.844941864705126e+03
   26600           -7.64768500e+04            5.01344949e-01            9.99498781e-01            1.00050147e+00     6.905947837887305e+03     6.906029920664821e+03     6.906112162054835e+03     6.906194288746145e+03     6.906276440712486e+03     6.906605043537666e+03
   26800           -7.65416581e+04            4.72971993e+00            9.95281448e-01            1.00474092e+00     6.872073227680537e+03     6.872682108991658e+03     6.873291212147004e+03     6.873900160416878e+03     6.874509139597683e+03     6.876945051514829e+03
   27000           -7.66982269e+04            1.39038187e+00            9.98610584e-01            1.00139135e+00     6.874849676428961e+03     6.875039955128070e+03     6.875230454180892e+03     6.875420802967631e+03     6.875611179899345e+03     6.876372683369728e+03
   27200           -7.65579995e+04            1.73558121e+00            9.98265924e-01            1.00173709e+00     6.878848966714478e+03     6.879082913007601e+03     6.879316980283041e+03     6.879550933205756e+03     6.879784923836407e+03     6.880720880958337e+03
   27400           -7.65325650e+04            2.61485173e+00            9.97388564e-01            1.00261827e+00     6.887067731800270e+03     6.887414092763558e+03     6.887760604764321e+03     6.888106996258732e+03     6.888453419410253e+03     6.889839107020237e+03
   27600           -7.64901902e+04            2.51338724e+00            9.97489769e-01            1.00251655e+00     6.938643972500880e+03     6.938975016217219e+03     6.939306233331688e+03     6.939637304923984e+03     6.939968417241362e+03     6.941292861981844e+03
   27800           -7.65564385e+04            6.60846452e-01            9.99339372e-01            1.00066106e+00     6.888596799394025e+03     6.888699420272104e+03     6.888802241335698e+03     6.888904918462327e+03     6.889007626225739e+03     6.889418453057454e+03
   28000           -7.68384569e+04            2.22703761e+00            9.97775440e-01            1.00222952e+00     6.806628875270337e+03     6.806930113814566e+03     6.807231585365425e+03     6.807532886549210e+03     6.807834224883763e+03     6.809039574497190e+03
   28200           -7.67882094e+04            2.31288081e+00            9.97689792e-01            1.00231556e+00     6.871144619316564e+03     6.871451131550856e+03     6.871757867854686e+03     6.872064436079480e+03     6.872371043199448e+03     6.873597467082333e+03
   28400           -7.68567072e+04            9.22358550e-01            9.99078067e-01            1.00092278e+00     6.881067379119778e+03     6.881204196736812e+03     6.881341227831495e+03     6.881478100873998e+03     6.881615009395532e+03     6.882162639671286e+03
   28600           -7.68419976e+04            1.30806623e+00            9.98692789e-01            1.00130892e+00     6.875919025547902e+03     6.876101398151525e+03     6.876283983683189e+03     6.876466417415135e+03     6.876648882795428e+03     6.877378740042955e+03
   28800           -7.66541466e+04            3.46715555e+00            9.96538848e-01            1.00347317e+00     6.849051820303774e+03     6.849499627839200e+03     6.849947662449083e+03     6.850395527568200e+03     6.850843431341292e+03     6.852635042378810e+03
   29000           -7.69018282e+04            2.38500819e+00            9.97617834e-01            1.00238785e+00     6.850341703116357e+03     6.850653877000410e+03     6.850966223461168e+03     6.851278442667209e+03     6.851590691222893e+03     6.852839679329429e+03
   29200           -7.67488632e+04            1.53652254e+00            9.98464657e-01            1.00153770e+00     6.905026136087392e+03     6.905233749445027e+03     6.905441531275234e+03     6.905649169690734e+03     6.905856848825064e+03     6.906687561562735e+03
   29400           -7.67974487e+04            7.65509372e-01            9.99234784e-01            1.00076580e+00     6.785708027362109e+03     6.785823406303100e+03     6.785938980984959e+03     6.786054404877214e+03     6.786169865213908e+03     6.786631703065706e+03
   29600           -7.67875317e+04            1.87289008e+00            9.98128863e-01            1.00187465e+00     6.867617589189171e+03     6.867873139853869e+03     6.868128870580686e+03     6.868384455188866e+03     6.868640078742998e+03     6.869662568296825e+03
   29800           -7.69545460e+04            1.92577037e+00            9.98076083e-01            1.00192763e+00     6.819799620429694e+03     6.820057295457646e+03     6.820315117834131e+03     6.820572819087351e+03     6.820830553300209e+03     6.821861486170726e+03
   30000           -7.66372820e+04            1.20063517e+00            9.98800085e-01            1.00120136e+00     6.838013392651825e+03     6.838183111271255e+03     6.838353051696081e+03     6.838522839462987e+03     6.838692656615963e+03     6.839371920580102e+03
   30200           -7.68053509e+04            7.81839605e-01            9.99218466e-01            1.00078215e+00     6.861260584112682e+03     6.861378453675342e+03     6.861496503545054e+03     6.861614419208629e+03     6.861732366033323e+03     6.862204147953963e+03
   30400           -7.65547041e+04            8.38367757e-01            9.99161984e-01            1.00083872e+00     6.872424069931907e+03     6.872552475819391e+03     6.872681089488320e+03     6.872809558229583e+03     6.872938055864249e+03     6.873452041796590e+03
   30600           -7.64870657e+04            9.30999487e-01            9.99069434e-01            1.00093143e+00     6.943895186673380e+03     6.944030667614117e+03     6.944166338264973e+03     6.944301873293444e+03     6.944437437022575e+03     6.944979687371771e+03
   30800           -7.66132133e+04            9.03507977e-01            9.99096900e-01            1.00090392e+00     6.847870057558662e+03     6.848000370378802e+03     6.848130889424162e+03     6.848261257331446e+03     6.848391658765852e+03     6.848913259973044e+03
   31000           -7.66523130e+04            7.73596863e-01            9.99226702e-01            1.00077390e+00     6.850157921067668e+03     6.850272468493484e+03     6.850387250995919e+03     6.850501865774765e+03     6.850616515676221e+03     6.851075110284773e+03
   31200           -7.66194836e+04            7.62524557e-01            9.99237766e-01            1.00076282e+00     6.880124039709879e+03     6.880237819913998e+03     6.880351822051953e+03     6.880465662133402e+03     6.880579537819850e+03     6.881035035929821e+03
   31400           -7.66271911e+04            9.97644255e-01            9.99002853e-01            1.00099814e+00     6.885457260708225e+03     6.885599841459793e+03     6.885742604262819e+03     6.885885228930719e+03     6.886027886392817e+03     6.886598512077409e+03
   31600           -7.66685608e+04            2.91773415e+00            9.97086518e-01            1.00292199e+00     6.850082367485079e+03     6.850463963607841e+03     6.850845760510530e+03     6.851227409509464e+03     6.851609091597622e+03     6.853135815710164e+03
   31800           -7.66732870e+04            1.07342599e+00            9.98927150e-01            1.00107400e+00     6.879944651136206e+03     6.880097211000631e+03     6.880250022292495e+03     6.880402659142366e+03     6.880555330148355e+03     6.881166009160504e+03
   32000           -7.65754666e+04            2.55741781e+00            9.97445850e-01            1.00256069e+00     6.875227147805286e+03     6.875562999682927e+03     6.875899046978834e+03     6.876234934405512e+03     6.876570865097246e+03     6.877914582389207e+03
   32200           -7.66272605e+04            2.49258561e+00            9.97510518e-01            1.00249569e+00     6.858883467240621e+03     6.859210099522131e+03     6.859536942467537e+03     6.859863639925962e+03     6.860190365505652e+03     6.861497263770683e+03
   32400           -7.64085006e+04            6.45801324e-01            9.99354407e-01            1.00064601e+00     6.851739360279686e+03     6.851837373065299e+03     6.851935532470618e+03     6.852033565173897e+03     6.852131635255701e+03     6.852523910231716e+03
   32600           -7.66648838e+04            6.68471880e-01            9.99331751e-01            1.00066870e+00     6.809057343261985e+03     6.809157244628740e+03     6.809257337339500e+03     6.809357283002664e+03     6.809457264317126e+03     6.809857185372266e+03
   32800           -7.66102293e+04            9.61910583e-01            9.99038552e-01            1.00096237e+00     6.915712933912838e+03     6.915854210161975e+03     6.915995694091001e+03     6.916137042103662e+03     6.916278412271994e+03     6.916843890631150e+03
   33000           -7.67508531e+04            2.65202756e+00            9.97351486e-01            1.00265555e+00     6.919869687087753e+03     6.920222614687546e+03     6.920575787322603e+03     6.920928787967153e+03     6.921281823313133e+03     6.922693959538514e+03
   33200           -7.66443252e+04            1.34927016e+00            9.98651640e-01            1.00135018e+00     6.822116563191150e+03     6.822305192036965e+03     6.822494024052305e+03     6.822682698655919e+03     6.822871412018798e+03     6.823626260846446e+03
   33400           -7.66441546e+04            1.75821165e+00            9.98243333e-01            1.00175976e+00     6.868061618960941e+03     6.868300738285568e+03     6.868540076981187e+03     6.868779251811302e+03     6.869018464030398e+03     6.869975309099856e+03
   33600           -7.66249629e+04            1.77447526e+00            9.98227098e-01            1.00177605e+00     6.799224159970607e+03     6.799463131878185e+03     6.799702352017116e+03     6.799941397189556e+03     6.800180477656720e+03     6.801136795342833e+03
   33800           -7.65816545e+04            1.40646405e+00            9.98594525e-01            1.00140745e+00     6.864324761076316e+03     6.864519568306312e+03     6.864714611807727e+03     6.864909503637012e+03     6.865104419275483e+03     6.865884077474649e+03
   34000           -7.65989472e+04            9.14136842e-01            9.99086281e-01            1.00091455e+00     6.937496570486228e+03     6.937631184591279e+03     6.937766040430963e+03     6.937900731127105e+03     6.938035453001470e+03     6.938574335516711e+03
   34200           -7.67496085e+04            5.35574435e-01            9.99464569e-01            1.00053572e+00     6.961183704308353e+03     6.961270832094006e+03     6.961358124513940e+03     6.961445284896684e+03     6.961532480080924e+03     6.961881255853495e+03
   34400           -7.67036389e+04            1.19418191e+00            9.98806531e-01            1.00119490e+00     6.875313187553168e+03     6.875478234235366e+03     6.875643518837805e+03     6.875808651088489e+03     6.875973806775148e+03     6.876634425997128e+03
   34600           -7.68190800e+04            5.41340067e-01            9.99458806e-01            1.00054149e+00     6.884744119479578e+03     6.884829362679908e+03     6.884914841766332e+03     6.885000165000991e+03     6.885085514660111e+03     6.885426909840647e+03
   34800           -7.67222541e+04            1.06537249e+00            9.98935195e-01            1.00106594e+00     6.894632647341825e+03     6.894780040764995e+03     6.894927639111054e+03     6.895075091400129e+03     6.895222574151247e+03     6.895812500960669e+03
   35000           -7.67325573e+04            6.70378477e-01            9.99329846e-01            1.00067060e+00     6.897388661872339e+03     6.897485176066582e+03     6.897581925528608e+03     6.897678507589087e+03     6.897775124498478e+03     6.898161587124618e+03
   35200           -7.67774324e+04            3.11659381e-01            9.99688389e-01            1.00031171e+00     6.845564465385992e+03     6.845622296451134e+03     6.845680402415531e+03     6.845738315493129e+03     6.845796267434563e+03     6.846028069483130e+03
   35400           -7.66780719e+04            1.46768280e+00            9.98533394e-01            1.00146876e+00     6.808635868968260e+03     6.808837105566400e+03     6.809038542248497e+03     6.809239832586063e+03     6.809441155454261e+03     6.810246441940263e+03
   35600           -7.67652265e+04            2.75788797e-01            9.99724249e-01            1.00027583e+00     6.940388308074584e+03     6.940442902298189e+03     6.940497705414402e+03     6.940552363416728e+03     6.940607050314510e+03     6.940825792554436e+03
   35800           -7.68025045e+04            1.08202835e+00            9.98918557e-01            1.00108261e+00     6.793269854781831e+03     6.793423935269202e+03     6.793578260045090e+03     6.793732410458329e+03     6.793886597467686e+03     6.794503340153541e+03
   36000           -7.66017950e+04            1.06846505e+00            9.98932106e-01            1.00106904e+00     6.865550958222736e+03     6.865702677759527e+03     6.865854562130728e+03     6.866006318266591e+03     6.866158106334636e+03     6.866765254446535e+03
   36200           -7.66701450e+04            3.70381739e-01            9.99629687e-01            1.00037045e+00     6.948822041348652e+03     6.948886182522096e+03     6.948950499384698e+03     6.949014675252104e+03     6.949078888337490e+03     6.949335735326326e+03
   36400           -7.66160975e+04            1.50807112e+00            9.98493065e-01            1.00150921e+00     6.852104356371392e+03     6.852312220695019e+03     6.852520314360234e+03     6.852728243504298e+03     6.852936207686577e+03     6.853768059001762e+03
   36600           -7.67453366e+04            2.08539956e-01            9.99791482e-01            1.00020856e+00     6.928017104386039e+03     6.928061983034469e+03     6.928107069222399e+03     6.928151987495205e+03     6.928196949801564e+03     6.928376795217089e+03
   36800           -7.66601966e+04            9.99853745e-01            9.99000646e-01            1.00100035e+00     6.872438535438007e+03     6.872583567640075e+03     6.872728841343790e+03     6.872873933878705e+03     6.873019068249491e+03     6.873599601060975e+03
   37000           -7.69093031e+04            3.68488785e-01            9.99631579e-01            1.00036856e+00     6.911647556993025e+03     6.911715005638577e+03     6.911782654454708e+03     6.911850141316636e+03     6.911917671219695e+03     6.912187785446365e+03
   37200           -7.67048390e+04            7.78172685e-01            9.99222130e-01            1.00077848e+00     6.891191279939879e+03     6.891307641221152e+03     6.891424225774436e+03     6.891540641773658e+03     6.891657097256679e+03     6.892122914573479e+03
   37400           -7.67062095e+04            1.37388693e+00            9.98627056e-01            1.00137483e+00     6.830243484812679e+03     6.830435156537712e+03     6.830627035691727e+03     6.830818771383102e+03     6.831010535098852e+03     6.831777585385026e+03
   37600           -7.64431783e+04            1.23132217e+00            9.98769436e-01            1.00123208e+00     6.871452511038486e+03     6.871627838992744e+03     6.871803359219964e+03     6.871978734222391e+03     6.872154143491665e+03     6.872855775944846e+03
   37800           -7.66199762e+04            1.45558640e+00            9.98545472e-01            1.00145665e+00     6.785358543213040e+03     6.785557893721136e+03     6.785757475685613e+03     6.785956896805954e+03     6.786156349780327e+03     6.786954156347613e+03
   38000           -7.63643700e+04            4.53812595e-01            9.99546290e-01            1.00045392e+00     6.942826188848481e+03     6.942902234073097e+03     6.942978429689996e+03     6.943054498748312e+03     6.943130603837854e+03     6.943435018827228e+03
   38200           -7.63680131e+04            2.59261424e+00            9.97410744e-01            1.00259598e+00     6.901175488388264e+03     6.901516942138713e+03     6.901858612547961e+03     6.902200134699880e+03     6.902541685056514e+03     6.903907881724766e+03
   38400           -7.65721717e+04            3.01834832e+00            9.96986202e-01            1.00302291e+00     6.899294022021094e+03     6.899688488009961e+03     6.900083123510874e+03     6.900477628573667e+03     6.900872165786437e+03     6.902450309551779e+03
   38600           -7.65988692e+04            1.35289619e+00            9.98648019e-01            1.00135381e+00     6.854984989543163e+03     6.855176161571510e+03     6.855367518781688e+03     6.855558731872275e+03     6.855749981123440e+03     6.856514972703717e+03
   38800           -7.67951122e+04            6.36301929e-01            9.99363900e-01            1.00063650e+00     6.810226931323904e+03     6.810324482993808e+03     6.810422279316643e+03     6.810519892814013e+03     6.810617548297353e+03     6.811008165270802e+03
   39000           -7.66650892e+04            5.33207229e-01            9.99466935e-01            1.00053335e+00     6.876766463623711e+03     6.876851897505898e+03     6.876937546920786e+03     6.877023038794761e+03     6.877108565376142e+03     6.877450667128573e+03
   39200           -7.67792602e+04            8.00965334e-01            9.99199355e-01            1.00080129e+00     6.787857636300256e+03     6.787975046436532e+03     6.788092620457353e+03     6.788210066918376e+03     6.788327545316599e+03     6.788797454332942e+03
   39400           -7.67599570e+04            1.63274350e+00            9.98368589e-01            1.00163408e+00     6.941969369267884e+03     6.942192032338648e+03     6.942414909559137e+03     6.942637624155590e+03     6.942860377421700e+03     6.943751385575516e+03
   39600           -7.66377112e+04            1.56186689e-01            9.99843826e-01            1.00015620e+00     6.895113741781646e+03     6.895147731314204e+03     6.895181933580645e+03     6.895215984095816e+03     6.895250067037630e+03     6.895386392293618e+03
   39800           -7.67243773e+04            1.36041247e+00            9.98640512e-01            1.00136134e+00     6.891147640923310e+03     6.891342003779956e+03     6.891536586440709e+03     6.891731006489375e+03     6.891925463113816e+03     6.892703285304323e+03
   40000           -7.68167968e+04            1.87599039e+00            9.98125768e-01            1.00187775e+00     6.887998819753228e+03     6.888254228364590e+03     6.888509853165792e+03     6.888765327231768e+03     6.889020830888797e+03     6.890042842024366e+03
   40200           -7.69287877e+04            4.81360170e+00            9.95197965e-01            1.00482521e+00     6.870203032925654e+03     6.870823837693582e+03     6.871444832320978e+03     6.872065699334272e+03     6.872686589826664e+03     6.875170146727675e+03
   40400           -7.68088213e+04            2.01535562e+00            9.97986674e-01            1.00201739e+00     6.896811576447871e+03     6.897082117490089e+03     6.897352840326886e+03     6.897623432637164e+03     6.897894052757873e+03     6.898976529067875e+03
   40600           -7.70767575e+04            1.16961334e+00            9.98831070e-01            1.00117030e+00     6.838258782938187e+03     6.838422465879537e+03     6.838586326902628e+03     6.838750053189029e+03     6.838913811593111e+03     6.839568840248035e+03
   40800           -7.67028360e+04            6.95163587e-01            9.99305078e-01            1.00069541e+00     6.872180206755464e+03     6.872286563895013e+03     6.872393124816422e+03     6.872499528795144e+03     6.872605971129725e+03     6.873031735503987e+03
   41000           -7.67624253e+04            2.35615940e+00            9.97646614e-01            1.00235894e+00     6.859287685826299e+03     6.859599301326500e+03     6.859911100395553e+03     6.860222765325318e+03     6.860534460171345e+03     6.861781234516391e+03
   41200           -7.66383171e+04            4.27113309e+00            9.95737975e-01            1.00428027e+00     6.858373244992516e+03     6.858925280127786e+03     6.859477458137071e+03     6.860029512125516e+03     6.860581602628499e+03     6.862789960264483e+03
   41400           -7.68230963e+04            2.88711127e-01            9.99711331e-01            1.00028875e+00     6.917781145265869e+03     6.917836667600698e+03     6.917892394718029e+03     6.917947968516660e+03     6.918003577799129e+03     6.918226010332389e+03
   41600           -7.66260289e+04            6.36886937e-01            9.99363316e-01            1.00063709e+00     6.891000949668930e+03     6.891095831385754e+03     6.891190917696898e+03     6.891285857900600e+03     6.891380829103362e+03     6.891760708537794e+03
   41800           -7.65143013e+04            1.17958972e+00            9.98821106e-01            1.00118029e+00     6.844939169838771e+03     6.845104288462036e+03     6.845269636919742e+03     6.845434825783348e+03     6.845600046064929e+03     6.846260922291087e+03
   42000           -7.67977991e+04            6.10749388e-01            9.99389437e-01            1.00061094e+00     6.850266405667067e+03     6.850363826255621e+03     6.850461467645938e+03     6.850558951114499e+03     6.850656468427224e+03     6.851046531187380e+03
   42200           -7.68170320e+04            4.34935618e-01            9.99565159e-01            1.00043503e+00     6.954315995444911e+03     6.954388578515980e+03     6.954461416548103e+03     6.954534085153974e+03     6.954606783371597e+03     6.954897571298282e+03
   42400           -7.68652027e+04            2.54108267e+00            9.97462143e-01            1.00254431e+00     6.916469895770535e+03     6.916809652887312e+03     6.917149604191715e+03     6.917489410819359e+03     6.917829250626745e+03     6.919188605482957e+03
   42600           -7.68910306e+04            1.20157678e+00            9.98799145e-01            1.00120230e+00     6.828182377342685e+03     6.828349587905549e+03     6.828516977275991e+03     6.828684237318824e+03     6.828851525522313e+03     6.829520673701941e+03
   42800           -7.68254876e+04            4.27628584e-01            9.99572463e-01            1.00042772e+00     6.904537477795203e+03     6.904613674459360e+03     6.904690112257765e+03     6.904766375215997e+03     6.904842675761239e+03     6.905147873727274e+03
   43000           -7.69772999e+04            8.70155233e-01            9.99130223e-01            1.00087053e+00     6.937688749477870e+03     6.937817605253342e+03     6.937946640696649e+03     6.938075533079255e+03     6.938204462617110e+03     6.938720175756349e+03
   43200           -7.68431230e+04            1.54771370e+00            9.98453483e-01            1.00154891e+00     6.813695537706289e+03     6.813907349449971e+03     6.814119382201519e+03     6.814331252989814e+03     6.814543159596862e+03     6.815390781487436e+03
   43400           -7.68701371e+04            1.26889620e+00            9.98731909e-01            1.00126970e+00     6.915050080114371e+03     6.915230571979771e+03     6.915411249561675e+03     6.915591789405333e+03     6.915772360547485e+03     6.916494640980600e+03
   43600           -7.69108061e+04            2.53559145e+00            9.97467620e-01            1.00253881e+00     6.827398589753646e+03     6.827736190639373e+03     6.828074069814596e+03     6.828411765730120e+03     6.828749492752226e+03     6.830100395750806e+03
   43800           -7.66945902e+04            6.88916937e-01            9.99311320e-01            1.00068915e+00     6.889180745464901e+03     6.889285532731173e+03     6.889390548744619e+03     6.889495400089058e+03     6.889600286370155e+03     6.890019827275410e+03
   44000           -7.67784273e+04            1.11499910e+00            9.98885622e-01            1.00111562e+00     6.887209151183698e+03     6.887365905904242e+03     6.887522875536192e+03     6.887679676419460e+03     6.887836519813287e+03     6.888463888442875e+03
   44200           -7.65671537e+04            1.23154787e+00            9.98769210e-01            1.00123231e+00     6.912526460415001e+03     6.912702827665838e+03     6.912879355512538e+03     6.913055751637922e+03     6.913232183438499e+03     6.913937906461997e+03
   44400           -7.67598482e+04            3.50937544e-01            9.99649124e-01            1.00035100e+00     6.936852562593580e+03     6.936914711124391e+03     6.936977065312894e+03     6.937039271984844e+03     6.937101510108374e+03     6.937350457623168e+03
   44600           -7.67961484e+04            1.67323279e-01            9.99832691e-01            1.00016734e+00     6.912634357496368e+03     6.912677692305370e+03     6.912721206029486e+03     6.912764589685185e+03     6.912808001561338e+03     6.912981645626308e+03
   44800           -7.66714375e+04            5.17187713e-01            9.99482946e-01            1.00051732e+00     6.859792043527323e+03     6.859871426336431e+03     6.859950993458154e+03     6.860030422213608e+03     6.860109883433989e+03     6.860427723340659e+03
   45000           -7.67762060e+04            2.44684125e+00            9.97556150e-01            1.00244984e+00     6.847463506613042e+03     6.847788727170401e+03     6.848114165605255e+03     6.848439447079513e+03     6.848764762240930e+03     6.850066017868819e+03
   45200           -7.65214082e+04            2.29770482e+00            9.97704933e-01            1.00230035e+00     6.880696242123825e+03     6.881001930387682e+03     6.881307796413673e+03     6.881613518808446e+03     6.881919279517422e+03     6.883142316911020e+03
   45400           -7.67563646e+04            1.63618050e+00            9.98365157e-01            1.00163752e+00     6.838561738804202e+03     6.838783953509534e+03     6.839006358026541e+03     6.839228623337566e+03     6.839450919743224e+03     6.840340100682247e+03
   45600           -7.67446355e+04            1.43143702e+00            9.98569587e-01            1.00143246e+00     6.900663014397159e+03     6.900855783645868e+03     6.901048744420788e+03     6.901241560449035e+03     6.901434410940873e+03     6.902205807484587e+03
   45800           -7.66162496e+04            1.95133980e+00            9.98050563e-01            1.00195324e+00     6.842027201941654e+03     6.842283346394362e+03     6.842539653303830e+03     6.842795828039454e+03     6.843052038271049e+03     6.844076874600444e+03
   46000           -7.68670037e+04            6.33725738e-01            9.99366475e-01            1.00063393e+00     6.929223768693542e+03     6.929323829560318e+03     6.929424114729617e+03     6.929524229795407e+03     6.929624384513646e+03     6.930025000333750e+03
   46200           -7.67263412e+04            1.16891252e+00            9.98831770e-01            1.00116960e+00     6.882962787836509e+03     6.883129862140541e+03     6.883297108429854e+03     6.883464214846706e+03     6.883631358984107e+03     6.884299930131706e+03
   46400           -7.68695306e+04            2.67062684e+00            9.97332936e-01            1.00267420e+00     6.817362632148761e+03     6.817713096069337e+03     6.818063798420929e+03     6.818414328948532e+03     6.818764895801010e+03     6.820167159453261e+03
   46600           -7.68969335e+04            1.18312016e+00            9.98817579e-01            1.00118382e+00     6.901250538593119e+03     6.901418619376877e+03     6.901586901573805e+03     6.901755027161296e+03     6.901923191468662e+03     6.902595844344207e+03
   46800           -7.67486320e+04            1.37933948e+00            9.98621611e-01            1.00138029e+00     6.935985092716261e+03     6.936179138474045e+03     6.936373369043273e+03     6.936567452008670e+03     6.936761573419513e+03     6.937538054122767e+03
   47000           -7.67079060e+04            7.55644408e-01            9.99244641e-01            1.00075593e+00     6.855015041867999e+03     6.855129443767406e+03     6.855244064311966e+03     6.855358523446339e+03     6.855473018700207e+03     6.855930995532416e+03
   47200           -7.68105736e+04            2.39180473e-01            9.99760848e-01            1.00023921e+00     6.818414521661000e+03     6.818464350389419e+03     6.818514395158330e+03     6.818564280022495e+03     6.818614201006167e+03     6.818813880351334e+03
   47400           -7.68446138e+04            1.03853274e+00            9.98962006e-01            1.00103907e+00     6.855711470744536e+03     6.855855368795515e+03     6.855999529036079e+03     6.856143511310253e+03     6.856287526512375e+03     6.856863582280213e+03
   47600           -7.68389214e+04            3.38599409e+00            9.96619732e-01            1.00339173e+00     6.858925339401059e+03     6.859365860795822e+03     6.859806632193228e+03     6.860247234217481e+03     6.860687867348313e+03     6.862450395295567e+03
   47800           -7.65507726e+04            8.04794291e-01            9.99195529e-01            1.00080512e+00     6.889220209248218e+03     6.889338578229625e+03     6.889457141114893e+03     6.889575556778013e+03     6.889694007375178e+03     6.890167805502138e+03
   48000           -7.65887353e+04            8.13378918e-01            9.99186952e-01            1.00081371e+00     6.921464688050341e+03     6.921579652520326e+03     6.921694784342759e+03     6.921809776987400e+03     6.921924808170643e+03     6.922384928290944e+03
   48200           -7.66966754e+04            1.85422226e-01            9.99814595e-01            1.00018544e+00     6.873895129254839e+03     6.873932531269384e+03     6.873970211585377e+03     6.874007706222568e+03     6.874045233411315e+03     6.874195337567790e+03
   48400           -7.68998833e+04            5.19021032e+00            9.94823236e-01            1.00520370e+00     6.912351160814716e+03     6.913013484029671e+03     6.913676007976755e+03     6.914338397523190e+03     6.915000811528646e+03     6.917650462242574e+03
   48600           -7.66778926e+04            2.09613940e+00            9.97906056e-01            1.00209834e+00     6.842012261228823e+03     6.842292442151223e+03     6.842572840535923e+03     6.842853078337479e+03     6.843133352133788e+03     6.844254443038753e+03
   48800           -7.67631173e+04            2.10971820e+00            9.97892506e-01            1.00211195e+00     6.831228352076101e+03     6.831509578950865e+03     6.831790943794995e+03     6.832072191924105e+03     6.832353473420206e+03     6.833478594764311e+03
   49000           -7.66539562e+04            2.26000846e+00            9.97742543e-01            1.00226256e+00     6.886269754788988e+03     6.886567259856456e+03     6.886865037218519e+03     6.887162624198623e+03     6.887460248963766e+03     6.888650743138543e+03
   49200           -7.65269441e+04            7.74850958e-01            9.99225449e-01            1.00077515e+00     6.846784438883934e+03     6.846898721322451e+03     6.847013229855688e+03     6.847127574798576e+03     6.847241954838718e+03     6.847699470793502e+03
   49400           -7.67142674e+04            1.42676648e+00            9.98574251e-01            1.00142778e+00     6.927956071561188e+03     6.928148934121985e+03     6.928342007591614e+03     6.928534933729136e+03     6.928727889461820e+03     6.929499707362453e+03
   49600           -7.67183744e+04            6.42149351e-01            9.99358057e-01            1.00064236e+00     6.971347656252369e+03     6.971441990769922e+03     6.971536551872064e+03     6.971630954130215e+03     6.971725388026633e+03     6.972103119800896e+03
   49800           -7.67962818e+04            1.52037180e+00            9.98480783e-01            1.00152153e+00     6.886527918242126e+03     6.886731756887139e+03     6.886935872531268e+03     6.887139799385926e+03     6.887343761572459e+03     6.888159604902792e+03
   50000           -7.68032289e+04            5.37684561e-01            9.99462460e-01            1.00053783e+00     6.814900006301401e+03     6.814988820449096e+03     6.815077828518574e+03     6.815166683910904e+03     6.815255578103944e+03     6.815611149906486e+03
