#This file was generated on Sun Sep  3 13:03:31 2023
#Using the somd command, of the molecular library Sire version <2023.1.3> 
#For more information visit: https://github.com/openbiosim/sire
#
#General information on simulation parameters:
#Simulation used 25000 moves, 2 cycles and 200 ps of simulation time
#Generating lambda is		 0.50000
#Alchemical array is		 (0.0, 0.125, 0.25, 0.375, 0.5, 1.0)
#Generating temperature is 	25°C
#Energy was saved every 200 steps 
#
#
#   [step]      [potential kcal/mol]       [gradient kcal/mol]      [forward Metropolis]     [backward Metropolis]                   [u_kl]
     200           -1.27676562e+05            2.60190277e+00            9.97392692e-01            1.00259646e+00     9.982500336173205e+03     9.982814380120504e+03     9.983128707411297e+03     9.983442814560452e+03     9.983756975920607e+03     9.985013615668009e+03
     400           -1.23941071e+05            1.21252774e+00            9.98793048e-01            1.00121812e+00     1.001280838006567e+04     1.001294932874389e+04     1.001309057510616e+04     1.001323160036042e+04     1.001337267609211e+04     1.001393697211856e+04
     600           -1.21365535e+05            7.32923446e+00            9.92703621e-01            1.00736231e+00     9.987544310783427e+03     9.988448781949723e+03     9.989353611606370e+03     9.990258180420589e+03     9.991162806044449e+03     9.994781301305471e+03
     800           -1.19984556e+05            1.02882369e+00            9.98980679e-01            1.00103835e+00     9.975325775010300e+03     9.975445156896199e+03     9.975564841122892e+03     9.975684286812622e+03     9.975803793036637e+03     9.976281811062974e+03
    1000           -1.18837461e+05            1.38451877e+00            9.98623462e-01            1.00139252e+00     9.937271716185911e+03     9.937433840542204e+03     9.937596281729209e+03     9.937758467710786e+03     9.937920720384898e+03     9.938569724583887e+03
    1200           -1.18281549e+05            2.30139114e+00            9.97711785e-01            1.00231462e+00     9.869052982632948e+03     9.869331453284474e+03     9.869610181740676e+03     9.869888694882226e+03     9.870167267748770e+03     9.871281552864593e+03
    1400           -1.17773254e+05            4.64797181e+00            9.95354040e-01            1.00464994e+00     1.000681768473262e+04     1.000738850044519e+04     1.000795958564756e+04     1.000853044769516e+04     1.000910137104937e+04     1.001138505736613e+04
    1600           -1.17552033e+05            4.65005417e+00            9.95359679e-01            1.00465981e+00     1.002186701964567e+04     1.002243752555469e+04     1.002300835819333e+04     1.002357895745059e+04     1.002414960548228e+04     1.002643219131889e+04
    1800           -1.17262122e+05            3.34926235e+00            9.96650218e-01            1.00334871e+00     1.004116505637257e+04     1.004157158173615e+04     1.004197841708424e+04     1.004238500825546e+04     1.004279166123137e+04     1.004441826609017e+04
    2000           -1.17309087e+05            2.91860299e+00            9.97082193e-01            1.00291939e+00     1.004804916510426e+04     1.004840346817423e+04     1.004875806471660e+04     1.004911242000412e+04     1.004946684060755e+04     1.005088451611085e+04
    2200           -1.17249934e+05            3.28663866e+00            9.96711144e-01            1.00328438e+00     1.001214275767437e+04     1.001254149087720e+04     1.001294053832101e+04     1.001333936029382e+04     1.001373823008658e+04     1.001533370249880e+04
    2400           -1.17323442e+05            6.83537992e+00            9.93183339e-01            1.00685414e+00     9.900676640958060e+03     9.901519381916863e+03     9.902362456066161e+03     9.903205285407203e+03     9.904048168947296e+03     9.907419696936533e+03
    2600           -1.17458464e+05            2.97158129e+00            9.97032596e-01            1.00297577e+00     9.974987777887145e+03     9.975348240239959e+03     9.975709108612211e+03     9.976069677541618e+03     9.976430312557201e+03     9.977872847227254e+03
    2800           -1.17434375e+05            4.14132718e+00            9.95867276e-01            1.00414995e+00     9.959965853809161e+03     9.960471690141399e+03     9.960977838459445e+03     9.961483738990451e+03     9.961989703474546e+03     9.964013553139932e+03
    3000           -1.17281876e+05            2.29870523e+00            9.97704432e-01            1.00230185e+00     9.981072455412508e+03     9.981348250707599e+03     9.981624446579821e+03     9.981900343493313e+03     9.982176308696940e+03     9.983280161981373e+03
    3200           -1.17423782e+05            4.63516880e+00            9.95373474e-01            1.00464383e+00     9.859345218454877e+03     9.859912964331890e+03     9.860481021519647e+03     9.861048832214483e+03     9.861616705917022e+03     9.863888193379167e+03
    3400           -1.17120720e+05            3.26337612e+00            9.96744591e-01            1.00327137e+00     1.003655065139563e+04     1.003694809616576e+04     1.003734593711317e+04     1.003774349535108e+04     1.003814111207288e+04     1.003973157275014e+04
    3600           -1.17429954e+05            2.75495564e+00            9.97257611e-01            1.00276758e+00     1.014015850454396e+04     1.014049222941121e+04     1.014082630133459e+04     1.014116010027114e+04     1.014149396761738e+04     1.014282943069079e+04
    3800           -1.17267014e+05            7.39757332e-01            9.99255210e-01            1.00073472e+00     1.003881143399234e+04     1.003889267042070e+04     1.003897425766282e+04     1.003905557811212e+04     1.003913696190124e+04     1.003946248981013e+04
    4000           -1.17293092e+05            3.10193270e+00            9.96906367e-01            1.00311026e+00     9.900215537605074e+03     9.900592280233041e+03     9.900969388382749e+03     9.901346225062833e+03     9.901723123551714e+03     9.903230709498353e+03
    4200           -1.17171398e+05            3.15722014e+00            9.96851139e-01            1.00316561e+00     1.003152552956090e+04     1.003190923546133e+04     1.003229329041320e+04     1.003267706996213e+04     1.003306091919247e+04     1.003459630882404e+04
    4400           -1.17088418e+05            6.49206537e+00            9.93534383e-01            1.00651868e+00     9.991690086362853e+03     9.992490418502593e+03     9.993291083217504e+03     9.994091499934795e+03     9.994891973328851e+03     9.998093860294850e+03
    4600           -1.17087941e+05            3.35469644e+00            9.96645196e-01            1.00335456e+00     9.960635074406826e+03     9.961042680153994e+03     9.961450616696084e+03     9.961858292256826e+03     9.962266033854086e+03     9.963896993301347e+03
    4800           -1.16907616e+05            2.00876182e+00            9.97994157e-01            1.00201169e+00     9.973449430984007e+03     9.973690651143503e+03     9.973932259746951e+03     9.974173573798946e+03     9.974414957034258e+03     9.975380483084509e+03
    5000           -1.16892725e+05            3.64817967e+00            9.96348658e-01            1.00364496e+00     1.000100298848127e+04     1.000144913055672e+04     1.000189558768263e+04     1.000234180422241e+04     1.000278807839628e+04     1.000457316831130e+04
    5200           -1.17054956e+05            6.33367279e+00            9.93678788e-01            1.00634612e+00     9.950713170431331e+03     9.951493740994323e+03     9.952274614256547e+03     9.953055255449684e+03     9.953835952891699e+03     9.956958735352067e+03
    5400           -1.16614695e+05            1.16691179e+00            9.98840340e-01            1.00117418e+00     1.002310612903359e+04     1.002324249961588e+04     1.002337917311544e+04     1.002351561661180e+04     1.002365211476721e+04     1.002419810050083e+04
    5600           -1.16690267e+05            2.03580721e+00            9.97963952e-01            1.00203556e+00     1.001861256529780e+04     1.001885584669112e+04     1.001909941199249e+04     1.001934274320872e+04     1.001958613846654e+04     1.002055971163529e+04
    5800           -1.16702822e+05            1.20379769e+00            9.98803484e-01            1.00121110e+00     9.976143858979103e+03     9.976283360216414e+03     9.976423170972270e+03     9.976562735263231e+03     9.976702363234668e+03     9.977260867490233e+03
    6000           -1.16827424e+05            6.56958652e+00            9.93450784e-01            1.00659004e+00     9.900221573456582e+03     9.901032384851274e+03     9.901843478233366e+03     9.902654358122874e+03     9.903465288668855e+03     9.906709003881128e+03
    6200           -1.16794891e+05            2.24806377e+00            9.97754145e-01            1.00225027e+00     1.000496074672741e+04     1.000523003830052e+04     1.000549968743204e+04     1.000576906415470e+04     1.000603850557423e+04     1.000711626442105e+04
    6400           -1.16953817e+05            2.89651695e+00            9.97113423e-01            1.00290650e+00     9.987944889063303e+03     9.988296373858688e+03     9.988648135294747e+03     9.988999668750543e+03     9.989351263981906e+03     9.990757638900510e+03
    6600           -1.16952290e+05            2.67499047e+00            9.97319539e-01            1.00266948e+00     9.847987408670668e+03     9.848311704689437e+03     9.848636313625952e+03     9.848960680111328e+03     9.849285106341858e+03     9.850582804013051e+03
    6800           -1.16988482e+05            6.19272082e+00            9.93818695e-01            1.00620412e+00     9.957765018109150e+03     9.958527252789820e+03     9.959289808796631e+03     9.960052127147646e+03     9.960814499479475e+03     9.963863980849799e+03
    7000           -1.16981005e+05            5.76614089e+00            9.94248889e-01            1.00578122e+00     9.969800628996998e+03     9.970509995449036e+03     9.971219658706959e+03     9.971929101536123e+03     9.972638594386273e+03     9.975476559775552e+03
    7200           -1.16839585e+05            1.70852173e+00            9.98289665e-01            1.00170670e+00     1.002388544014346e+04     1.002408760990997e+04     1.002429014287733e+04     1.002449239957067e+04     1.002469472177033e+04     1.002550400339720e+04
    7400           -1.17075447e+05            1.90511644e+00            9.98103833e-01            1.00191410e+00     1.000306997730418e+04     1.000329843585686e+04     1.000352724021710e+04     1.000375579441862e+04     1.000398440271914e+04     1.000489882813410e+04
    7600           -1.17103059e+05            3.48156837e+00            9.96530585e-01            1.00349378e+00     9.947606081246280e+03     9.948030504146114e+03     9.948455247018981e+03     9.948879743970005e+03     9.949304300504511e+03     9.951002519762744e+03
    7800           -1.17050952e+05            1.06729434e+00            9.98933724e-01            1.00106831e+00     1.002277898048711e+04     1.002290165968188e+04     1.002302463278515e+04     1.002314738062651e+04     1.002327018271284e+04     1.002376138493857e+04
    8000           -1.17005261e+05            1.17104990e+00            9.98829343e-01            1.00117144e+00     1.004322704248070e+04     1.004336119236261e+04     1.004349567605332e+04     1.004362990270552e+04     1.004376419203386e+04     1.004430134158702e+04
    8200           -1.17020832e+05            2.34542470e+00            9.97648464e-01            1.00233928e+00     9.955349665594800e+03     9.955631574740715e+03     9.955913824404224e+03     9.956195835231230e+03     9.956477893914400e+03     9.957606122233999e+03
    8400           -1.17290456e+05            2.17437080e+00            9.97822687e-01            1.00217141e+00     1.001884646038141e+04     1.001910698770915e+04     1.001936788684626e+04     1.001962851068386e+04     1.001988919650761e+04     1.002093193263380e+04
    8600           -1.17187806e+05            8.06684102e-01            9.99190450e-01            1.00080381e+00     9.977760650127357e+03     9.977851306546039e+03     9.977942344186114e+03     9.978033104726906e+03     9.978123925216927e+03     9.978487200306496e+03
    8800           -1.17068797e+05            2.61809463e+00            9.97385825e-01            1.00262202e+00     9.930620914067073e+03     9.930937361366030e+03     9.931254178377487e+03     9.931570738650576e+03     9.931887349159068e+03     9.933153784251064e+03
    9000           -1.17057169e+05            3.78515455e+00            9.96223300e-01            1.00379364e+00     9.959450032761197e+03     9.959911651923207e+03     9.960373606766865e+03     9.960835309055306e+03     9.961297070241717e+03     9.963144107722237e+03
    9200           -1.17143047e+05            2.56175119e+00            9.97438782e-01            1.00256228e+00     9.908544628057216e+03     9.908853833582745e+03     9.909163376107186e+03     9.909472669271378e+03     9.909782018513068e+03     9.911019408968918e+03
    9400           -1.17105359e+05            1.18440926e+00            9.98809257e-01            1.00117806e+00     9.940094555105568e+03     9.940230750940587e+03     9.940367247001603e+03     9.940503508847749e+03     9.940639829059804e+03     9.941185103014041e+03
    9600           -1.17022032e+05            1.62674967e+00            9.98366076e-01            1.00161955e+00     9.885910325023522e+03     9.886102169939719e+03     9.886294367196044e+03     9.886486297518682e+03     9.886678290151562e+03     9.887446255279603e+03
    9800           -1.17034348e+05            3.02815585e+00            9.96974871e-01            1.00303118e+00     9.957179376374477e+03     9.957546261238118e+03     9.957913452358505e+03     9.958280403903575e+03     9.958647415362380e+03     9.960115454350282e+03
   10000           -1.17090403e+05            2.25436499e+00            9.97744215e-01            1.00225293e+00     9.999964953119234e+03     1.000023598897832e+04     1.000050733825398e+04     1.000077845309598e+04     1.000104962195033e+04     1.000213429078143e+04
   10200           -1.16987359e+05            1.25570875e+00            9.98748635e-01            1.00126006e+00     9.932136023659594e+03     9.932281781307744e+03     9.932427902891541e+03     9.932573758278368e+03     9.932719671986955e+03     9.933303320314317e+03
   10400           -1.17164757e+05            9.80290640e-01            9.99021026e-01            1.00098161e+00     9.919352756971077e+03     9.919464416226932e+03     9.919576428527844e+03     9.919688160798027e+03     9.919799964092637e+03     9.920247171214196e+03
   10600           -1.17216743e+05            2.09701833e+00            9.97905619e-01            1.00209966e+00     9.960911822896287e+03     9.961162025131849e+03     9.961412628879472e+03     9.961662936989134e+03     9.961913310746982e+03     9.962914798597676e+03
   10800           -1.17122664e+05            3.30790178e+00            9.96710708e-01            1.00332661e+00     1.004686794499012e+04     1.004727027555970e+04     1.004767296214342e+04     1.004807539194624e+04     1.004847787677104e+04     1.005008780855196e+04
   11000           -1.16848840e+05            1.12039427e+00            9.98884686e-01            1.00112549e+00     9.894325731573046e+03     9.894454390294002e+03     9.894583370792137e+03     9.894712109350749e+03     9.894840904355191e+03     9.895356077137336e+03
   11200           -1.16951595e+05            6.23522811e-01            9.99371771e-01            1.00061881e+00     1.002140543600917e+04     1.002147182375365e+04     1.002153852386030e+04     1.002160498198494e+04     1.002167150011723e+04     1.002193756422530e+04
   11400           -1.17245417e+05            3.43432155e+00            9.96566205e-01            1.00343482e+00     9.976417634869349e+03     9.976834862431368e+03     9.977252408684995e+03     9.977669699581420e+03     9.978087056497185e+03     9.979756478125022e+03
   11600           -1.17119986e+05            4.48916852e+00            9.95511309e-01            1.00448959e+00     1.001902378694961e+04     1.001957384489263e+04     1.002012421665546e+04     1.002067434623113e+04     1.002122453480296e+04     1.002342528265630e+04
   11800           -1.17140104e+05            8.32343359e-01            9.99171623e-01            1.00083632e+00     9.941047719315975e+03     9.941140510343910e+03     9.941233639398284e+03     9.941326530024164e+03     9.941419469344992e+03     9.941791219374009e+03
   12000           -1.16960075e+05            5.73846615e+00            9.94276825e-01            1.00575381e+00     9.932119538076626e+03     9.932826216327676e+03     9.933533252313367e+03     9.934240034829916e+03     9.934946868863379e+03     9.937774199650130e+03
   12200           -1.17090752e+05            3.01483674e+00            9.96987375e-01            1.00301704e+00     9.927136007740437e+03     9.927502604200332e+03     9.927869538734456e+03     9.928236219947388e+03     9.928602959914540e+03     9.930069912088644e+03
   12400           -1.17074696e+05            2.92450399e+00            9.97072031e-01            1.00292100e+00     9.997268913055568e+03     9.997624094975175e+03     9.997979639065112e+03     9.998334916234060e+03     9.998690253074235e+03     1.000011159309290e+04
   12600           -1.16937515e+05            3.66974079e+00            9.96328757e-01            1.00366819e+00     9.959579100749588e+03     9.960027090448159e+03     9.960475388183724e+03     9.960923434702436e+03     9.961371547571298e+03     9.963163994393008e+03
   12800           -1.17073082e+05            1.70597648e+00            9.98297043e-01            1.00170900e+00     9.938477654780463e+03     9.938679008374949e+03     9.938880676547949e+03     9.939082111622101e+03     9.939283599278586e+03     9.940089543776710e+03
   13000           -1.17191136e+05            2.44492654e+00            9.97553340e-01            1.00244317e+00     9.988563561349813e+03     9.988858434932381e+03     9.989153632266532e+03     9.989448580198527e+03     9.989743588769343e+03     9.990923616188873e+03
   13200           -1.17057151e+05            2.48498007e+00            9.97516534e-01            1.00248649e+00     1.000581593437499e+04     1.000611553983243e+04     1.000641550164750e+04     1.000671521193608e+04     1.000701497338392e+04     1.000821401239284e+04
   13400           -1.16996881e+05            2.85509329e+00            9.97147299e-01            1.00285748e+00     9.959812774692848e+03     9.960159472930614e+03     9.960506492342187e+03     9.960853262895513e+03     9.961200094550089e+03     9.962587414407331e+03
   13600           -1.16992537e+05            1.69189237e+00            9.98301898e-01            1.00168566e+00     9.907005544618014e+03     9.907205910751445e+03     9.907406613319245e+03     9.907607052088961e+03     9.907807556901169e+03     9.908609569184326e+03
   13800           -1.17165102e+05            1.83393950e+00            9.98174832e-01            1.00184274e+00     1.003085199043470e+04     1.003107005755598e+04     1.003128842827557e+04     1.003150655055786e+04     1.003172473995767e+04     1.003259748948064e+04
   14000           -1.17181023e+05            1.33471173e+00            9.98663939e-01            1.00133336e+00     1.001271881548803e+04     1.001287393392764e+04     1.001302932781311e+04     1.001318448643790e+04     1.001333971148229e+04     1.001396060747654e+04
   14200           -1.17628217e+05            5.32304570e+00            9.94686157e-01            1.00533225e+00     9.852570994341544e+03     9.853225255043046e+03     9.853879867696362e+03     9.854534211123102e+03     9.855188618691856e+03     9.857806243042169e+03
   14400           -1.17026469e+05            2.78524065e+00            9.97218148e-01            1.00278863e+00     9.953690205966283e+03     9.954026942896544e+03     9.954364047373731e+03     9.954700898818550e+03     9.955037798872583e+03     9.956385391778884e+03
   14600           -1.16984224e+05            2.15634428e+00            9.97842655e-01            1.00215533e+00     1.000645191058601e+04     1.000671025284437e+04     1.000696895345867e+04     1.000722739860132e+04     1.000748589734226e+04     1.000851988409852e+04
   14800           -1.17103962e+05            2.02846620e+00            9.97973007e-01            1.00202994e+00     9.970542415594096e+03     9.970784871997208e+03     9.971027682855240e+03     9.971270209058392e+03     9.971512809165995e+03     9.972483202737894e+03
   15000           -1.17157181e+05            8.81530304e+00            9.91230376e-01            1.00886133e+00     9.946253861522546e+03     9.947345242174963e+03     9.948437054140701e+03     9.949528551179939e+03     9.950620116645290e+03     9.954986371768035e+03
   15200           -1.17188280e+05            3.17803315e+00            9.96823620e-01            1.00317968e+00     1.000244761774451e+04     1.000283368988938e+04     1.000322010574792e+04     1.000360627347070e+04     1.000399249369890e+04     1.000553736965330e+04
   15400           -1.17356641e+05            2.87319353e+00            9.97129569e-01            1.00287596e+00     1.000800489065653e+04     1.000835307448154e+04     1.000870161692832e+04     1.000904989633123e+04     1.000939823477214e+04     1.001079157888776e+04
   15600           -1.17255884e+05            1.17173187e+00            9.98840703e-01            1.00118419e+00     9.921980115270793e+03     9.922116715020438e+03     9.922253644585267e+03     9.922390322340512e+03     9.922527060214659e+03     9.923074005158525e+03
   15800           -1.17249589e+05            2.80886429e+00            9.97190077e-01            1.00280779e+00     9.957447902828784e+03     9.957788007778590e+03     9.958128463392817e+03     9.958468652084373e+03     9.958808904166342e+03     9.960169905503901e+03
   16000           -1.17261138e+05            2.96676514e+00            9.97036381e-01            1.00296991e+00     9.933279848062313e+03     9.933640353760180e+03     9.934001202302508e+03     9.934361784069466e+03     9.934722431745993e+03     9.936165015429671e+03
   16200           -1.17180955e+05            1.87507282e+00            9.98127897e-01            1.00187805e+00     9.786859919105706e+03     9.787083664225636e+03     9.787307804871689e+03     9.787531654204939e+03     9.787755568314195e+03     9.788651217522682e+03
   16400           -1.17248081e+05            8.02189163e-01            9.99205083e-01            1.00080947e+00     9.963923116770249e+03     9.964012707891770e+03     9.964102597695013e+03     9.964192241473782e+03     9.964281951995024e+03     9.964640787219801e+03
   16600           -1.17033991e+05            1.67236741e+00            9.98326154e-01            1.00167088e+00     1.006514012399010e+04     1.006533845839775e+04     1.006553716534956e+04     1.006573560399237e+04     1.006593409949974e+04     1.006672807500938e+04
   16800           -1.17113195e+05            1.34433182e+00            9.98661427e-01            1.00135010e+00     9.881925912754541e+03     9.882083384644295e+03     9.882241203183947e+03     9.882398769629359e+03     9.882556390884571e+03     9.883186869014598e+03
   17000           -1.17199312e+05            7.64190368e-01            9.99232313e-01            1.00076069e+00     9.972616141036848e+03     9.972701492020458e+03     9.972787165862539e+03     9.972872602857551e+03     9.972958092416047e+03     9.973300043795249e+03
   17200           -1.17150677e+05            2.44287471e+00            9.97560385e-01            1.00244614e+00     9.884874322866201e+03     9.885168768145670e+03     9.885463479506781e+03     9.885757977402192e+03     9.886052531471059e+03     9.887230740075918e+03
   17400           -1.16980267e+05            2.62132049e+00            9.97376320e-01            1.00261894e+00     9.921204660220690e+03     9.921520780364990e+03     9.921837238365470e+03     9.922153433790294e+03     9.922469693792489e+03     9.923734727364288e+03
   17600           -1.17253570e+05            3.02084060e+00            9.96977647e-01            1.00301930e+00     9.821380646941463e+03     9.821746784213010e+03     9.822113256634517e+03     9.822479480568911e+03     9.822845761089711e+03     9.824310875237961e+03
   17800           -1.17198681e+05            7.01244450e-01            9.99297623e-01            1.00070011e+00     9.883241526371205e+03     9.883318225997267e+03     9.883395266469493e+03     9.883472048477759e+03     9.883548891341408e+03     9.883856256311610e+03
   18000           -1.17289581e+05            2.09697156e+00            9.97902091e-01            1.00209602e+00     9.959950325721538e+03     9.960201077737353e+03     9.960452106328128e+03     9.960702904667121e+03     9.960953766451228e+03     9.961957207180916e+03
   18200           -1.17199479e+05            1.18700821e+00            9.98807274e-01            1.00118128e+00     1.002660092818267e+04     1.002673732112697e+04     1.002687412792561e+04     1.002701063084058e+04     1.002714720006406e+04     1.002769347194545e+04
   18400           -1.17173239e+05            1.89383751e+00            9.98098938e-01            1.00188658e+00     1.001062741418442e+04     1.001085393352798e+04     1.001108078666839e+04     1.001130738464546e+04     1.001153404400961e+04     1.001244067383481e+04
   18600           -1.17263764e+05            1.34537885e+00            9.98650913e-01            1.00134166e+00     9.925126049725204e+03     9.925283101725881e+03     9.925440548998786e+03     9.925597701838975e+03     9.925754921480344e+03     9.926383793235485e+03
   18800           -1.17301906e+05            1.84313026e+00            9.98155603e-01            1.00184185e+00     9.929924548203933e+03     9.930143704084619e+03     9.930363194783709e+03     9.930582436594310e+03     9.930801734990569e+03     9.931678921777206e+03
   19000           -1.17005734e+05            1.24995860e+00            9.98744681e-01            1.00124458e+00     9.891677744380991e+03     9.891822772522562e+03     9.891968132376063e+03     9.892113242448473e+03     9.892258410246550e+03     9.892839076112110e+03
   19200           -1.17083363e+05            2.19207739e+00            9.97818942e-01            1.00220314e+00     9.822887436292403e+03     9.823150562754510e+03     9.823414061566633e+03     9.823677293276936e+03     9.823940581065346e+03     9.824993725838289e+03
   19400           -1.17291627e+05            3.37763135e+00            9.96630304e-01            1.00338559e+00     9.931656489932453e+03     9.932068186693090e+03     9.932480240256424e+03     9.932892049511080e+03     9.933303905080607e+03     9.934951320228762e+03
   19600           -1.17263751e+05            5.76568105e+00            9.94245272e-01            1.00577663e+00     9.878695088189381e+03     9.879404105127960e+03     9.880113516427729e+03     9.880822626292793e+03     9.881531808052809e+03     9.884368527916236e+03
   19800           -1.16947440e+05            4.76201907e+00            9.95250446e-01            1.00477453e+00     9.949562838540873e+03     9.950147075058050e+03     9.950731620266375e+03     9.951315909445422e+03     9.951900268497035e+03     9.954237698453197e+03
   20000           -1.17006950e+05            4.16440024e+00            9.95849704e-01            1.00417857e+00     9.919649496910164e+03     9.920158945793555e+03     9.920668729214573e+03     9.921178269190154e+03     9.921687862374596e+03     9.923726227839028e+03
   20200           -1.16832328e+05            5.73818070e+00            9.94269399e-01            1.00574572e+00     9.923725093788758e+03     9.924431843697574e+03     9.925138887147488e+03     9.925845714731653e+03     9.926552590024123e+03     9.929380086259487e+03
   20400           -1.17045635e+05            8.42874463e+00            9.91600962e-01            1.00845855e+00     1.005662123788618e+04     1.005766394119164e+04     1.005870701737282e+04     1.005974982238999e+04     1.006079268623306e+04     1.006496413457994e+04
   20600           -1.17137623e+05            1.88617141e+00            9.98120770e-01            1.00189313e+00     9.994779940764927e+03     9.995005435566814e+03     9.995231245929941e+03     9.995456803516159e+03     9.995682426596943e+03     9.996584912428960e+03
   20800           -1.17279943e+05            9.90772809e-01            9.99012379e-01            1.00099393e+00     9.935457280923943e+03     9.935570331423596e+03     9.935683730598330e+03     9.935796874384121e+03     9.935910074509145e+03     9.936362868094346e+03
   21000           -1.17177578e+05            3.01983921e+00            9.96982896e-01            1.00302257e+00     1.001051643228474e+04     1.001088174192967e+04     1.001124736177120e+04     1.001161275050069e+04     1.001197819199380e+04     1.001343995170286e+04
   21200           -1.17189779e+05            2.55409678e+00            9.97452033e-01            1.00256025e+00     9.946614752767169e+03     9.946922881236833e+03     9.947231351574213e+03     9.947539563405044e+03     9.947847835668646e+03     9.949080918570124e+03
   21400           -1.17092724e+05            6.23215823e+00            9.93788971e-01            1.00625339e+00     9.898161073580821e+03     9.898930013702675e+03     9.899699240892809e+03     9.900468249388132e+03     9.901237310374690e+03     9.904313547168560e+03
   21600           -1.17298562e+05            3.87592948e+00            9.96124519e-01            1.00387634e+00     9.884909283558596e+03     9.885382349106991e+03     9.885855753807924e+03     9.886328910404149e+03     9.886802121543535e+03     9.888694959528473e+03
   21800           -1.16853107e+05            3.18360378e+00            9.96819871e-01            1.00318708e+00     9.977953627584107e+03     9.978340725930571e+03     9.978728090164523e+03     9.979115249052131e+03     9.979502458296112e+03     9.981051289008115e+03
   22000           -1.17215288e+05            4.21085961e+00            9.95800815e-01            1.00422258e+00     9.882255576977708e+03     9.882770530025778e+03     9.883285773058509e+03     9.883800773442794e+03     9.884315841534821e+03     9.886376106091931e+03
   22200           -1.17094897e+05            2.64456940e+00            9.97352434e-01            1.00264154e+00     9.888010263660641e+03     9.888329840012731e+03     9.888649698253650e+03     9.888969327996949e+03     9.889289018588071e+03     9.890567773515502e+03
   22400           -1.17184575e+05            2.75079110e+00            9.97247829e-01            1.00274939e+00     9.971484157264922e+03     9.971816443386399e+03     9.972149009965930e+03     9.972481353130075e+03     9.972813754274810e+03     9.974143351284696e+03
   22600           -1.17282672e+05            1.70010748e+00            9.98291451e-01            1.00169163e+00     9.932592696349580e+03     9.932793233967279e+03     9.932994069738004e+03     9.933194670142377e+03     9.933395330229914e+03     9.934197964110248e+03
   22800           -1.17415498e+05            5.13840003e+00            9.94874108e-01            1.00515095e+00     9.906722471385636e+03     9.907353074338140e+03     9.907984020323287e+03     9.908614696336042e+03     9.909245440521390e+03     9.911768409657145e+03
   23000           -1.17315149e+05            2.57786158e+00            9.97431123e-01            1.00258688e+00     9.944472108900198e+03     9.944783484917529e+03     9.945095124659760e+03     9.945406554050971e+03     9.945718038192355e+03     9.946963967484515e+03
   23200           -1.17340415e+05            6.45942049e+00            9.93570667e-01            1.00648972e+00     9.921780681672924e+03     9.922577226487685e+03     9.923374069951311e+03     9.924170671763004e+03     9.924967337244394e+03     9.928153992815864e+03
   23400           -1.17453649e+05            5.22640435e+00            9.94785768e-01            1.00523861e+00     9.853114724965879e+03     9.853756325252931e+03     9.854398307128777e+03     9.855039996322284e+03     9.855681755904363e+03     9.858248786842845e+03
   23600           -1.17144029e+05            1.78752163e+00            9.98206039e-01            1.00178106e+00     9.981504572886974e+03     9.981716906280088e+03     9.981929541927369e+03     9.982141935553360e+03     9.982354392324267e+03     9.983204211761560e+03
   23800           -1.17159945e+05            4.03571222e+00            9.95973354e-01            1.00404481e+00     9.873413567849928e+03     9.873907353252580e+03     9.874401416323433e+03     9.874895250101987e+03     9.875389146619413e+03     9.877364725388899e+03
   24000           -1.17119282e+05            3.10933354e+00            9.96902396e-01            1.00312112e+00     9.871716358498677e+03     9.872094394281317e+03     9.872472825539298e+03     9.872850970972991e+03     9.873229177401337e+03     9.874741996303997e+03
   24200           -1.17011021e+05            2.17325755e+00            9.97837222e-01            1.00218378e+00     9.969265335018892e+03     9.969524486040838e+03     9.969783923031846e+03     9.970043141420269e+03     9.970302413154954e+03     9.971339491291015e+03
   24400           -1.17035270e+05            3.75573021e+00            9.96243106e-01            1.00375452e+00     9.876137722182693e+03     9.876595272699733e+03     9.877053175541963e+03     9.877510816049738e+03     9.877968516399000e+03     9.879799310615308e+03
   24600           -1.17192282e+05            3.06132710e+00            9.96938450e-01            1.00306108e+00     9.952330111293437e+03     9.952701948204098e+03     9.953074097981727e+03     9.953446004152622e+03     9.953817970781818e+03     9.955305830270201e+03
   24800           -1.16931659e+05            2.39314402e+00            9.97614222e-01            1.00240054e+00     9.995582705605993e+03     9.995871114000798e+03     9.996159858107119e+03     9.996448337093681e+03     9.996736882955965e+03     9.997891060305938e+03
   25000           -1.16900793e+05            1.26853286e+00            9.98734644e-01            1.00127172e+00     9.981474948445963e+03     9.981623211886075e+03     9.981771768580538e+03     9.981920092995657e+03     9.982068476917813e+03     9.982662005389664e+03
   25200           -1.17208523e+05            1.45602560e+00            9.98540818e-01            1.00145286e+00     9.863971099882549e+03     9.864142397748838e+03     9.864314052017568e+03     9.864485451490460e+03     9.864656904613918e+03     9.865342709345286e+03
   25400           -1.17033967e+05            6.14498236e+00            9.93871256e-01            1.00616127e+00     9.882383550550130e+03     9.883140415908967e+03     9.883897577652524e+03     9.884654508300941e+03     9.885411496769022e+03     9.888439442987914e+03
   25600           -1.17003964e+05            3.53713397e+00            9.96469835e-01            1.00354412e+00     9.959234051046216e+03     9.959665607291183e+03     9.960097525805051e+03     9.960529176193610e+03     9.960960887010227e+03     9.962687722974240e+03
   25800           -1.17309431e+05            2.90456878e+00            9.97100033e-01            1.00290918e+00     9.933815407846312e+03     9.934167364343879e+03     9.934519650802995e+03     9.934871678347206e+03     9.935223770767114e+03     9.936632133687915e+03
   26000           -1.17154238e+05            3.11052821e+00            9.96897111e-01            1.00311819e+00     1.000155820638525e+04     1.000193723257806e+04     1.000231656652708e+04     1.000269565964065e+04     1.000307481316305e+04     1.000459141994084e+04
   26200           -1.17349003e+05            8.81959796e-01            9.99108365e-01            1.00087227e+00     9.934117331346637e+03     9.934217865380333e+03     9.934318698415358e+03     9.934419305150866e+03     9.934519965766191e+03     9.934922600185744e+03
   26400           -1.17071019e+05            2.29141402e+00            9.97721369e-01            1.00230425e+00     9.938634612304866e+03     9.938909155714991e+03     9.939184097384339e+03     9.939458760102105e+03     9.939733478492442e+03     9.940832344680019e+03
   26600           -1.17223623e+05            2.87045564e+00            9.97133599e-01            1.00287452e+00     9.988348225651142e+03     9.988695401947725e+03     9.989042920706437e+03     9.989390173517197e+03     9.989737491693846e+03     9.991126757736551e+03
   26800           -1.16926113e+05            4.62383016e+00            9.95389378e-01            1.00463709e+00     9.891792546654173e+03     9.892359042259608e+03     9.892925869842815e+03     9.893492455032752e+03     9.894059093707849e+03     9.896325640761526e+03
   27000           -1.17029632e+05            1.79711810e+00            9.98209344e-01            1.00180360e+00     9.880328646598966e+03     9.880543268537107e+03     9.880758249509234e+03     9.880972957342216e+03     9.881187729833169e+03     9.882046813067373e+03
   27200           -1.17062685e+05            4.00202592e+00            9.96014286e-01            1.00401843e+00     9.874543511871847e+03     9.875031955260849e+03     9.875520777717620e+03     9.876009335936109e+03     9.876497946318736e+03     9.878452380765622e+03
   27400           -1.16924193e+05            4.19671058e+00            9.95813249e-01            1.00420670e+00     9.909361941112656e+03     9.909875062783716e+03     9.910388603826088e+03     9.910901842467927e+03     9.911415145673694e+03     9.913468350234732e+03
   27600           -1.17231665e+05            7.99303713e-01            9.99198232e-01            1.00079684e+00     9.839644438947127e+03     9.839732596192565e+03     9.839821037384872e+03     9.839909252942673e+03     9.839997526450758e+03     9.840350613954386e+03
   27800           -1.16925455e+05            1.07794018e+00            9.98918532e-01            1.00107440e+00     9.835558640737847e+03     9.835681171774979e+03     9.835803971931527e+03     9.835926567986797e+03     9.836049211687272e+03     9.836539782636697e+03
   28000           -1.17044830e+05            8.31478287e+00            9.91723809e-01            1.00835364e+00     9.984356138256800e+03     9.985385416246909e+03     9.986415045806496e+03     9.987444433236420e+03     9.988473867067838e+03     9.992591595878877e+03
   28200           -1.17368675e+05            4.08599830e+00            9.95922636e-01            1.00409466e+00     9.899463839965203e+03     9.899963096134155e+03     9.900462615015420e+03     9.900961899531903e+03     9.901461255387941e+03     9.903458670810680e+03
   28400           -1.17091733e+05            2.79639395e+00            9.97203310e-01            1.00279608e+00     9.930440456238683e+03     9.930778563264608e+03     9.931116980269822e+03     9.931455157841508e+03     9.931793394021053e+03     9.933146331803422e+03
   28600           -1.17018427e+05            3.49579693e+00            9.96500181e-01            1.00349172e+00     9.967017792243980e+03     9.967444180885608e+03     9.967870907111599e+03     9.968297376982355e+03     9.968723907708683e+03     9.970430023173389e+03
   28800           -1.17159523e+05            1.82784766e+00            9.98175700e-01            1.00183140e+00     9.939124554181568e+03     9.939343648431557e+03     9.939563048573877e+03     9.939782214584960e+03     9.940001436390152e+03     9.940878318598736e+03
   29000           -1.17156937e+05            2.51611400e+00            9.97493835e-01            1.00252610e+00     9.929991918317950e+03     9.930296295812117e+03     9.930601044634746e+03     9.930905533820971e+03     9.931210075080904e+03     9.932428231843860e+03
   29200           -1.17030313e+05            1.80746888e+00            9.98181341e-01            1.00179623e+00     9.977843215543337e+03     9.978058786965574e+03     9.978274675143848e+03     9.978490301598506e+03     9.978705998967447e+03     9.979568782391558e+03
   29400           -1.16730817e+05            2.16326683e+00            9.97837510e-01            1.00216404e+00     9.879929670464435e+03     9.880188646092987e+03     9.880447861622159e+03     9.880706873152729e+03     9.880965943001791e+03     9.882002215539147e+03
   29600           -1.16980329e+05            2.51873882e+00            9.97489241e-01            1.00252675e+00     9.988029129444087e+03     9.988332800770711e+03     9.988636752857081e+03     9.988940477309678e+03     9.989244261712787e+03     9.990459393981488e+03
   29800           -1.17066253e+05            3.68066363e+00            9.96321126e-01            1.00368243e+00     9.943170210848397e+03     9.943617966338770e+03     9.944066069793320e+03     9.944513929275228e+03     9.944961837431738e+03     9.946753464015079e+03
   30000           -1.17002648e+05            9.02308803e-01            9.99090804e-01            1.00089541e+00     9.875579963695378e+03     9.875682598143896e+03     9.875785549249878e+03     9.875888253577499e+03     9.875991019183723e+03     9.876402074672067e+03
   30200           -1.16962285e+05            6.38312737e-01            9.99361696e-01            1.00063832e+00     9.845032978271001e+03     9.845100797806648e+03     9.845169066828505e+03     9.845237019742548e+03     9.845305035595500e+03     9.845577092919999e+03
   30400           -1.16760264e+05            3.70365056e+00            9.96303400e-01            1.00371072e+00     9.903775658941031e+03     9.904227086656654e+03     9.904678769721642e+03     9.905130222484737e+03     9.905581745872350e+03     9.907387832803668e+03
   30600           -1.16905632e+05            2.40838200e+00            9.97597001e-01            1.00241378e+00     1.000913121082439e+04     1.000941997639361e+04     1.000970904349116e+04     1.000999788792156e+04     1.001028678261715e+04     1.001144235440991e+04
   30800           -1.17006453e+05            1.91890513e+00            9.98085066e-01            1.00192289e+00     9.950426518733486e+03     9.950655951754290e+03     9.950885708150316e+03     9.951115221146736e+03     9.951344790656571e+03     9.952263062579654e+03
   31000           -1.17253298e+05            2.33287222e+00            9.97667846e-01            1.00233359e+00     9.955256893105701e+03     9.955538130666539e+03     9.955819662365877e+03     9.956100954678359e+03     9.956382311046978e+03     9.957507728988256e+03
   31200           -1.17304447e+05            1.28431214e+00            9.98719065e-01            1.00128770e+00     9.795203477571431e+03     9.795352840460946e+03     9.795502588051706e+03     9.795652042033784e+03     9.795801565455315e+03     9.796399653339198e+03
   31400           -1.17048315e+05            1.22554672e+00            9.98778551e-01            1.00122965e+00     9.906851143242136e+03     9.906993142520831e+03     9.907135441604356e+03     9.907277517163098e+03     9.907419643976460e+03     9.907988144710784e+03
   31600           -1.17044136e+05            3.73578277e+00            9.96267907e-01            1.00373947e+00     9.901555093008703e+03     9.902010805023741e+03     9.902466896790573e+03     9.902922701254553e+03     9.903378572776790e+03     9.905202052544877e+03
   31800           -1.17165289e+05            3.30226420e+00            9.96712088e-01            1.00331669e+00     9.909577763707704e+03     9.909979599708337e+03     9.910381785641577e+03     9.910783707897706e+03     9.911185691596353e+03     9.912793619485001e+03
   32000           -1.17086770e+05            1.69276999e+00            9.98309611e-01            1.00169516e+00     9.847052142520568e+03     9.847252720848681e+03     9.847453661642838e+03     9.847654335293124e+03     9.847855068537678e+03     9.848657994554786e+03
   32200           -1.17149652e+05            1.83421393e+00            9.98168213e-01            1.00183665e+00     9.829043139051750e+03     9.829260980203340e+03     9.829479121022361e+03     9.829697015534568e+03     9.829914976547441e+03     9.830786814043135e+03
   32400           -1.17053395e+05            4.73554779e+00            9.95278520e-01            1.00474968e+00     9.997299415581769e+03     9.997880708434030e+03     9.998462350788768e+03     9.999043759490378e+03     9.999625209564503e+03     1.000195100354724e+04
   32600           -1.17117342e+05            1.99842719e+00            9.97999611e-01            1.00199645e+00     9.832319593703502e+03     9.832559116938373e+03     9.832798889300697e+03     9.833038466261929e+03     9.833278092731131e+03     9.834236591758761e+03
   32800           -1.16913666e+05            3.90313853e+00            9.96114079e-01            1.00392045e+00     9.929587026572135e+03     9.930065051406677e+03     9.930543341050401e+03     9.931021388956504e+03     9.931499512045306e+03     9.933411997518479e+03
   33000           -1.17002660e+05            2.56162686e+00            9.97434144e-01            1.00255736e+00     9.848979937693066e+03     9.849287817313092e+03     9.849596065143158e+03     9.849904046897555e+03     9.850212085587089e+03     9.851444233481114e+03
   33200           -1.17287077e+05            3.76098546e+00            9.96246353e-01            1.00376834e+00     9.922831405243602e+03     9.923290508743026e+03     9.923749970577477e+03     9.924209164568334e+03     9.924668419478234e+03     9.926505433712866e+03
   33400           -1.17257839e+05            3.33517924e+00            9.96665629e-01            1.00333597e+00     9.921567082085166e+03     9.921974379964084e+03     9.922382028546252e+03     9.922789405265456e+03     9.923196848645437e+03     9.924826615205708e+03
   33600           -1.17180796e+05            2.94242037e+00            9.97060827e-01            1.00294567e+00     9.967263208642915e+03     9.967619507562720e+03     9.967976114492636e+03     9.968332486651165e+03     9.968688914853588e+03     9.970114621064264e+03
   33800           -1.17204803e+05            4.40247655e+00            9.95602886e-01            1.00440783e+00     9.934107673736755e+03     9.934647391484807e+03     9.935187470256184e+03     9.935727281085392e+03     9.936267152517026e+03     9.938426631297296e+03
   34000           -1.17065370e+05            2.85449906e+00            9.97144597e-01            1.00285357e+00     9.866406747412933e+03     9.866752277025122e+03     9.867098182025102e+03     9.867443814288597e+03     9.867789505437369e+03     9.869172263461805e+03
   34200           -1.17198534e+05            2.69472033e+00            9.97305930e-01            1.00269536e+00     9.903561734200743e+03     9.903889354395573e+03     9.904217244967345e+03     9.904544928905425e+03     9.904872662921995e+03     9.906183591643248e+03
   34400           -1.17135951e+05            2.94571689e+00            9.97052452e-01            1.00294386e+00     1.002846508834350e+04     1.002882227205403e+04     1.002917973793715e+04     1.002953697114668e+04     1.002989426788366e+04     1.003132344742382e+04
   34600           -1.17324846e+05            3.92521612e+00            9.96081569e-01            1.00393201e+00     9.921993947303818e+03     9.922474662689121e+03     9.922955667015551e+03     9.923436442736687e+03     9.923917276734126e+03     9.925840606164433e+03
   34800           -1.17067872e+05            4.93859088e+00            9.95078573e-01            1.00495584e+00     9.690477287971213e+03     9.691083259892919e+03     9.691689592040422e+03     9.692295660986121e+03     9.692901787872828e+03     9.695326287774444e+03
   35000           -1.17060490e+05            5.57802878e+00            9.94431325e-01            1.00558737e+00     9.934172805789081e+03     9.934859711299392e+03     9.935546920978535e+03     9.936233895318765e+03     9.936920926820025e+03     9.939669047850966e+03
   35200           -1.17035261e+05            2.26609101e+00            9.97732772e-01            1.00226494e+00     9.910530837062601e+03     9.910802449603247e+03     9.911074375351380e+03     9.911346058793008e+03     9.911617801854803e+03     9.912704766647008e+03
   35400           -1.17131928e+05            3.65079927e+00            9.96356821e-01            1.00365844e+00     9.851203031179086e+03     9.851648319948623e+03     9.852093942771895e+03     9.852539304923534e+03     9.852984731527462e+03     9.854766431875838e+03
   35600           -1.17283998e+05            1.52805142e+00            9.98464301e-01            1.00152038e+00     9.940051385800765e+03     9.940230781851613e+03     9.940410440319058e+03     9.940589887967843e+03     9.940769391104939e+03     9.941487396409113e+03
   35800           -1.17509310e+05            4.89856170e+00            9.95111542e-01            1.00490869e+00     9.878759543004702e+03     9.879360876288461e+03     9.879962560819105e+03     9.880563995997865e+03     9.881165482798713e+03     9.883571422592726e+03
   36000           -1.17193997e+05            3.20811463e+00            9.96800627e-01            1.00321689e+00     9.916810908755975e+03     9.917201011078247e+03     9.917591564123344e+03     9.917981805184225e+03     9.918372106295496e+03     9.919933303835016e+03
   36200           -1.17162521e+05            4.67293750e+00            9.95337873e-01            1.00468378e+00     9.890171080564129e+03     9.890744292052446e+03     9.891317822265233e+03     9.891891088636625e+03     9.892464426731774e+03     9.894757772899420e+03
   36400           -1.17189139e+05            2.33952314e+00            9.97666708e-01            1.00234578e+00     9.937860994193348e+03     9.938142609831018e+03     9.938424526462346e+03     9.938706202644194e+03     9.938987940685245e+03     9.940114887177144e+03
   36600           -1.17165662e+05            5.09867485e+00            9.94901439e-01            1.00509870e+00     9.959641055609793e+03     9.960267534670398e+03     9.960894342061652e+03     9.961520925648838e+03     9.962147551568483e+03     9.964654047527174e+03
   36800           -1.17102608e+05            1.11621406e+00            9.98887122e-01            1.00111956e+00     9.930691560335908e+03     9.930820203793781e+03     9.930949217928948e+03     9.931077955545348e+03     9.931206756388623e+03     9.931721952441336e+03
   37000           -1.17396008e+05            3.60936169e+00            9.96400641e-01            1.00361941e+00     9.890722302884087e+03     9.891162257419641e+03     9.891602531551864e+03     9.892042539925113e+03     9.892482620523793e+03     9.894242938163499e+03
   37200           -1.17351512e+05            3.76788169e+00            9.96239942e-01            1.00377573e+00     9.958198095102502e+03     9.958658039401471e+03     9.959118247120670e+03     9.959578249757174e+03     9.960038303172618e+03     9.961878511242734e+03
   37400           -1.17120967e+05            2.62202580e+00            9.97397426e-01            1.00264157e+00     9.972651838404356e+03     9.972968507232270e+03     9.973285530341860e+03     9.973602289092556e+03     9.973919108379216e+03     9.975186378354078e+03
   37600           -1.16816800e+05            5.97291606e+00            9.94041265e-01            1.00598713e+00     9.949400472707364e+03     9.950136628259779e+03     9.950873076651353e+03     9.951609290064502e+03     9.952345564783514e+03     9.955290656859663e+03
   37800           -1.17059703e+05            2.20284425e+00            9.97799723e-01            1.00220542e+00     9.962179827716589e+03     9.962443669290482e+03     9.962707931475294e+03     9.962971883258906e+03     9.963235903650835e+03     9.964291979585079e+03
   38000           -1.16895857e+05            1.81414496e+00            9.98180115e-01            1.00180838e+00     9.855345072609225e+03     9.855560977545225e+03     9.855777201779196e+03     9.855993187926426e+03     9.856209229247914e+03     9.857073385886602e+03
   38200           -1.16929212e+05            2.14228803e+00            9.97860281e-01            1.00214486e+00     9.977694503326868e+03     9.977951102619789e+03     9.978207951084967e+03     9.978464585090334e+03     9.978721281047876e+03     9.979748058768882e+03
   38400           -1.17096032e+05            1.25155459e+00            9.98757041e-01            1.00126017e+00     9.919621562675842e+03     9.919766745649820e+03     9.919912302798870e+03     9.920057586263716e+03     9.920202929893952e+03     9.920784297112061e+03
   38600           -1.16939861e+05            2.80554536e+00            9.97200936e-01            1.00281205e+00     9.899891870379830e+03     9.900232465261644e+03     9.900573435092161e+03     9.900914127693190e+03     9.901254881889819e+03     9.902617893399811e+03
   38800           -1.17037072e+05            3.31062644e+00            9.96690488e-01            1.00331172e+00     9.889522474425927e+03     9.889924766089738e+03     9.890327402862158e+03     9.890729787511216e+03     9.891132226299493e+03     9.892741978173057e+03
   39000           -1.16865737e+05            4.50104818e+00            9.95507101e-01            1.00450921e+00     9.952109012350780e+03     9.952659704651933e+03     9.953210792165572e+03     9.953761588837608e+03     9.954312449764417e+03     9.956515887178053e+03
   39200           -1.17071881e+05            2.21135252e+00            9.97791472e-01            1.00221418e+00     9.941709297727906e+03     9.941974212222345e+03     9.942239440366346e+03     9.942504420586187e+03     9.942769463883367e+03     9.943829630038828e+03
   39400           -1.17186362e+05            2.44441879e+00            9.97560967e-01            1.00244982e+00     9.870806764313909e+03     9.871100060229224e+03     9.871393655220541e+03     9.871687011069660e+03     9.871980429299771e+03     9.873154094285630e+03
   39600           -1.17136889e+05            3.37157969e+00            9.96630920e-01            1.00337407e+00     9.884861552423057e+03     9.885272322045390e+03     9.885683445779136e+03     9.886094303642571e+03     9.886505223311440e+03     9.888148894199823e+03
   39800           -1.16929120e+05            9.96612848e-01            9.98997772e-01            1.00099099e+00     9.856343635977863e+03     9.856456650774815e+03     9.856570016065931e+03     9.856683118713068e+03     9.856796281548919e+03     9.857248927119976e+03
   40000           -1.16974493e+05            2.62302485e+00            9.97377167e-01            1.00262321e+00     9.811797912345108e+03     9.812113922492235e+03     9.812430291365688e+03     9.812746393034389e+03     9.813062555578073e+03     9.814327198811039e+03
   40200           -1.16984117e+05            1.92041844e+00            9.98083147e-01            1.00192399e+00     9.891392397929765e+03     9.891621931085219e+03     9.891851793076126e+03     9.892081413269671e+03     9.892311087345644e+03     9.893229776761525e+03
   40400           -1.17143729e+05            7.58703442e-01            9.99235943e-01            1.00075334e+00     9.852201639762718e+03     9.852285163514172e+03     9.852368995858204e+03     9.852452577313481e+03     9.852536225448415e+03     9.852870811134113e+03
   40600           -1.17174081e+05            8.55372319e-01            9.99139539e-01            1.00085027e+00     9.937110343875562e+03     9.937207050750212e+03     9.937304107028771e+03     9.937400911646911e+03     9.937497769376825e+03     9.937885194878087e+03
   40800           -1.17210403e+05            1.44466857e+00            9.98551009e-01            1.00144033e+00     9.814714311512938e+03     9.814883843296582e+03     9.815053762191979e+03     9.815223394178058e+03     9.815393090583384e+03     9.816071869653830e+03
   41000           -1.17067450e+05            1.74073341e+00            9.98267518e-01            1.00174901e+00     9.857921409796825e+03     9.858127724832237e+03     9.858334420151125e+03     9.858540844108853e+03     9.858747324610425e+03     9.859573239424026e+03
   41200           -1.17177583e+05            5.45973028e+00            9.94548885e-01            1.00546833e+00     9.962312577434146e+03     9.962983925777082e+03     9.963655606835575e+03     9.964327042999194e+03     9.964998533962247e+03     9.967684490490348e+03
   41400           -1.17063337e+05            2.46130037e+00            9.97541032e-01            1.00246363e+00     9.964130532215735e+03     9.964426973466709e+03     9.964723732952283e+03     9.965020256453938e+03     9.965316833110688e+03     9.966503134005641e+03
   41600           -1.17211316e+05            8.75641739e-01            9.99138779e-01            1.00089009e+00     9.922693495218848e+03     9.922792451574978e+03     9.922891760886556e+03     9.922990801872138e+03     9.923089905879609e+03     9.923486316540369e+03
   41800           -1.17223064e+05            2.22934624e+00            9.97771882e-01            1.00223057e+00     9.870860772044794e+03     9.871128357525355e+03     9.871396226794473e+03     9.871663871781137e+03     9.871931574275135e+03     9.873002376505474e+03
   42000           -1.17288093e+05            3.80580049e+00            9.96198563e-01            1.00381016e+00     9.813737028844782e+03     9.814201060313329e+03     9.814665382667536e+03     9.815129473634812e+03     9.815593624442081e+03     9.817450220039378e+03
   42200           -1.17344869e+05            2.80988360e+00            9.97192555e-01            1.00281232e+00     9.963988429946932e+03     9.964328969845610e+03     9.964669761870684e+03     9.965010357759116e+03     9.965351002595458e+03     9.966713575243986e+03
   42400           -1.17484460e+05            9.33166646e-01            9.99068494e-01            1.00093483e+00     9.947016141241096e+03     9.947120736622659e+03     9.947225679523335e+03     9.947330357387060e+03     9.947435098397405e+03     9.947854055553713e+03
   42600           -1.17420157e+05            3.17246464e+00            9.96831183e-01            1.00317611e+00     9.960941919765301e+03     9.961329145017366e+03     9.961716623707116e+03     9.962103895817314e+03     9.962491223570029e+03     9.964040527374756e+03
   42800           -1.17421828e+05            1.23883185e+00            9.98756273e-01            1.00123392e+00     9.864263395344678e+03     9.864409024365763e+03     9.864554985684224e+03     9.864700710308003e+03     9.864846484119866e+03     9.865429572895051e+03
   43000           -1.17354849e+05            1.61917404e+00            9.98374936e-01            1.00161326e+00     9.978658716341972e+03     9.978849585166705e+03     9.979040826908980e+03     9.979231789059289e+03     9.979422815726015e+03     9.980186915110058e+03
   43200           -1.17351625e+05            9.05893479e-01            9.99092188e-01            1.00090397e+00     9.863362584171533e+03     9.863464900753970e+03     9.863567530107794e+03     9.863669919924290e+03     9.863772367604135e+03     9.864182151036735e+03
   43400           -1.17273375e+05            4.70161715e+00            9.95315061e-01            1.00471838e+00     1.002030108661511e+04     1.002087762978413e+04     1.002145450738325e+04     1.002203113410099e+04     1.002260781892290e+04     1.002491455123069e+04
   43600           -1.17090792e+05            3.22160886e+00            9.96787713e-01            1.00323097e+00     9.981890686259005e+03     9.982283122736690e+03     9.982675835702712e+03     9.983068308654611e+03     9.983460852237027e+03     9.985031018215050e+03
   43800           -1.17350377e+05            6.76503914e+00            9.93260161e-01            1.00679038e+00     9.861994296184024e+03     9.862829374375075e+03     9.863664803499376e+03     9.864499971218456e+03     9.865335198647037e+03     9.868676101110050e+03
   44000           -1.17044337e+05            2.13998916e+00            9.97868685e-01            1.00214869e+00     9.881125433845909e+03     9.881381631615010e+03     9.881638120628209e+03     9.881894372231200e+03     9.882150687094292e+03     9.883175940342677e+03
   44200           -1.17026603e+05            6.78909193e-01            9.99325558e-01            1.00068338e+00     1.001661820409820e+04     1.001669079965502e+04     1.001676370740673e+04     1.001683637744113e+04     1.001690910405560e+04     1.001720000401299e+04
   44400           -1.16947701e+05            1.25495892e+00            9.98747683e-01            1.00125761e+00     9.923257491561100e+03     9.923402958162245e+03     9.923548755471689e+03     9.923694299923109e+03     9.923839904621873e+03     9.924422317682645e+03
   44600           -1.17113085e+05            9.29626659e-01            9.99066583e-01            1.00092583e+00     9.931224395518082e+03     9.931330122830355e+03     9.931436221115640e+03     9.931542060287151e+03     9.931647950711133e+03     9.932071505904185e+03
   44800           -1.17013491e+05            3.85154783e+00            9.96163348e-01            1.00386652e+00     9.950567993550683e+03     9.951039455003911e+03     9.951511242729748e+03     9.951982795615122e+03     9.952454398845950e+03     9.954340804141217e+03
   45000           -1.17026555e+05            2.62396650e+00            9.97375221e-01            1.00262314e+00     9.953788935715689e+03     9.954106620032037e+03     9.954424674476073e+03     9.954742464534895e+03     9.955060310041705e+03     9.956331684367718e+03
   45200           -1.17167724e+05            1.54329737e+00            9.98461517e-01            1.00154812e+00     9.871869420667254e+03     9.872050650179159e+03     9.872232177718637e+03     9.872413485308389e+03     9.872594842495726e+03     9.873320264324198e+03
   45400           -1.17059143e+05            3.62445611e+00            9.96371943e-01            1.00362080e+00     9.963030214226530e+03     9.963472785520300e+03     9.963915627857112e+03     9.964358262888170e+03     9.964800948054446e+03     9.966571681882362e+03
   45600           -1.17196336e+05            2.93855949e+00            9.97060951e-01            1.00293805e+00     9.930545874759860e+03     9.930902441847256e+03     9.931259275927330e+03     9.931615907939055e+03     9.931972588381006e+03     9.933399302002153e+03
   45800           -1.17122079e+05            2.19459730e+00            9.97803772e-01            1.00219295e+00     9.882267113456586e+03     9.882531927480006e+03     9.882797058979328e+03     9.883061944929264e+03     9.883326891199320e+03     9.884386668942052e+03
   46000           -1.17093994e+05            4.05556340e+00            9.95955861e-01            1.00406704e+00     9.871734200774426e+03     9.872230969331622e+03     9.872728056932892e+03     9.873224910885705e+03     9.873721816420208e+03     9.875709432065987e+03
   46200           -1.17184248e+05            3.82121824e+00            9.96182108e-01            1.00382453e+00     9.887461941462974e+03     9.887927828334507e+03     9.888394038712688e+03     9.888860014726555e+03     9.889326041501627e+03     9.891190141540281e+03
   46400           -1.17217599e+05            2.59237723e+00            9.97412843e-01            1.00259761e+00     9.834434300512334e+03     9.834748119202075e+03     9.835062271921655e+03     9.835376164213230e+03     9.835690121533211e+03     9.836945942554086e+03
   46600           -1.17395286e+05            2.08998946e+00            9.97907484e-01            1.00208745e+00     9.854730864501786e+03     9.854979946054124e+03     9.855229385114091e+03     9.855478555183083e+03     9.855727786557189e+03     9.856724708612592e+03
   46800           -1.17249879e+05            3.08835365e+00            9.96916046e-01            1.00309276e+00     9.915022199978648e+03     9.915396299347032e+03     9.915770745920896e+03     9.916144937526260e+03     9.916519185908404e+03     9.918016171838161e+03
   47000           -1.17091225e+05            1.28871954e+00            9.98702832e-01            1.00128025e+00     9.841779196668504e+03     9.841928570529817e+03     9.842078260484053e+03     9.842227699768988e+03     9.842377202728847e+03     9.842975208789190e+03
   47200           -1.17243415e+05            2.30347849e+00            9.97701820e-01            1.00230879e+00     9.863692751027544e+03     9.863969414109844e+03     9.864246431766544e+03     9.864523189214689e+03     9.864800004101471e+03     9.865907257175399e+03
   47400           -1.17189041e+05            3.85303349e+00            9.96154268e-01            1.00386035e+00     9.915663583903215e+03     9.916134450221860e+03     9.916605623015299e+03     9.917076543691304e+03     9.917547532384206e+03     9.919431480865196e+03
   47600           -1.17261374e+05            4.14148504e+00            9.95860084e-01            1.00414302e+00     9.894142009067138e+03     9.894648735873976e+03     9.895155806161509e+03     9.895662626038675e+03     9.896169500945280e+03     9.898196992823419e+03
   47800           -1.17073267e+05            5.39660109e+00            9.94619534e-01            1.00541281e+00     9.905554251201267e+03     9.906217890929265e+03     9.906881776203303e+03     9.907545438594387e+03     9.908209169658017e+03     9.910864088114766e+03
   48000           -1.16926601e+05            4.46830211e+00            9.95545597e-01            1.00448227e+00     9.961965790326572e+03     9.962513772120376e+03     9.963062072017350e+03     9.963610129659954e+03     9.964158244491589e+03     9.966350698656606e+03
   48200           -1.17028562e+05            2.19722860e+00            9.97807379e-01            1.00220185e+00     9.859977118489765e+03     9.860241181010586e+03     9.860505588090406e+03     9.860769739781843e+03     9.861033949573723e+03     9.862090780657680e+03
   48400           -1.17043350e+05            2.03598139e+00            9.97963422e-01            1.00203538e+00     1.005197296307433e+04     1.005221582734779e+04     1.005245901936048e+04     1.005270194329042e+04     1.005294493952322e+04     1.005391691597212e+04
   48600           -1.17172746e+05            3.08848230e+00            9.96916064e-01            1.00309304e+00     9.884204869643831e+03     9.884580147704159e+03     9.884955719911946e+03     9.885331057729376e+03     9.885706456017057e+03     9.887208042390281e+03
   48800           -1.17071144e+05            2.58693084e+00            9.97415730e-01            1.00258959e+00     1.002675920262952e+04     1.002707020945397e+04     1.002738152505918e+04     1.002769260015069e+04     1.002800373504635e+04     1.002924826746319e+04
   49000           -1.17039668e+05            3.59010014e+00            9.96419901e-01            1.00360014e+00     9.988502355566377e+03     9.988941102916398e+03     9.989380165301947e+03     9.989818984525638e+03     9.990257862511389e+03     9.992013369456401e+03
   49200           -1.17305676e+05            1.62720309e+00            9.98376140e-01            1.00163055e+00     9.852733513833926e+03     9.852926785153144e+03     9.853120369948678e+03     9.853313712368585e+03     9.853507114015218e+03     9.854280714196510e+03
   49400           -1.17130799e+05            1.52428575e+00            9.98464871e-01            1.00151341e+00     9.973267858171688e+03     9.973448240780506e+03     9.973628967321056e+03     9.973809433893131e+03     9.973989961638332e+03     9.974712065104977e+03
   49600           -1.17049601e+05            8.38451885e+00            9.91642168e-01            1.00841126e+00     9.903769794505435e+03     9.904806595452892e+03     9.905843755231217e+03     9.906880666039282e+03     9.907917625140359e+03     9.912065455775284e+03
   49800           -1.17102997e+05            4.90522053e+00            9.95108434e-01            1.00491893e+00     9.948968406840759e+03     9.949571064399808e+03     9.950174012384521e+03     9.950776749224429e+03     9.951379532117850e+03     9.953790657394939e+03
   50000           -1.17118163e+05            2.30102423e+00            9.97702764e-01            1.00230482e+00     9.815485606171613e+03     9.815762776778598e+03     9.816040191880202e+03     9.816317416224732e+03     9.816594688934734e+03     9.817703771697856e+03
