#This file was generated on Fri Feb 14 11:48:12 2025
#Using the somd command, of the molecular library Sire version <2024.4.0.dev> 
#For more information visit: https://github.com/openbiosim/sire
#
#General information on simulation parameters:
#Simulation used 50000 moves, 1 cycles and 200 ps of simulation time
#Generating lambda is		 0.50000
#Alchemical array is		 (0.0, 0.125, 0.25, 0.375, 0.5, 1.0)
#Generating temperature is 	25°C
#Energy was saved every 200 steps 
#
#
#   [step]               [potential]                [gradient]      [forward Metropolis]     [backward Metropolis]                   [u_kl]
     200           -8.34923231e+04            2.34674250e+00            9.97639313e-01            1.00233272e+00     6.844832341053448e+03     6.845120996977135e+03     6.845409868484303e+03     6.845698580840532e+03     6.845987329113970e+03     6.847142317174492e+03
     400           -8.09608518e+04            4.76437207e+00            9.95237745e-01            1.00476644e+00     6.844342197417645e+03     6.844933919561088e+03     6.845525797111981e+03     6.846117546295210e+03     6.846709330674216e+03     6.849076463930788e+03
     600           -7.96772587e+04            8.28487689e-01            9.99151036e-01            1.00080798e+00     6.813766518713591e+03     6.813864645329320e+03     6.813962932567796e+03     6.814061093415619e+03     6.814159286395321e+03     6.814552054077052e+03
     800           -7.85131237e+04            9.68825573e-01            9.99019043e-01            1.00095667e+00     6.818205897761582e+03     6.818322371304357e+03     6.818438980128200e+03     6.818555466607469e+03     6.818671991356511e+03     6.819138084951439e+03
    1000           -7.77516797e+04            4.68323778e+00            9.95317041e-01            1.00468345e+00     6.906077041837852e+03     6.906657645942967e+03     6.907238408066167e+03     6.907819040573137e+03     6.908399708556664e+03     6.910722375275476e+03
    1200           -7.73783636e+04            1.75810176e+00            9.98227889e-01            1.00174404e+00     6.771546095636402e+03     6.771760680975834e+03     6.771975476814879e+03     6.772190112298465e+03     6.772404786281543e+03     6.773263476926684e+03
    1400           -7.72001086e+04            1.75652869e+00            9.98230964e-01            1.00174397e+00     6.849075265577026e+03     6.849289917394443e+03     6.849504867119950e+03     6.849719611816528e+03     6.849934395421722e+03     6.850793525266417e+03
    1600           -7.69937851e+04            2.62731241e+00            9.97366092e-01            1.00262067e+00     6.751455018618724e+03     6.751778563947043e+03     6.752102285116855e+03     6.752425889203127e+03     6.752749514337269e+03     6.754044010055813e+03
    1800           -7.70088287e+04            2.00235985e+00            9.97983752e-01            1.00198841e+00     6.854429935799700e+03     6.854675124935789e+03     6.854920482484711e+03     6.855165698932403e+03     6.855410954984680e+03     6.856391974169660e+03
    2000           -7.69429814e+04            3.38232541e+00            9.96610144e-01            1.00337472e+00     6.705001595682948e+03     6.705419253111371e+03     6.705837095933702e+03     6.706254788729562e+03     6.706672521425909e+03     6.708343447168868e+03
    2200           -7.69301535e+04            1.62588022e+00            9.98356764e-01            1.00160846e+00     6.812532871889620e+03     6.812731591108234e+03     6.812930504947589e+03     6.813129271542954e+03     6.813328072996567e+03     6.814123274103514e+03
    2400           -7.68851647e+04            1.88673032e+00            9.98106716e-01            1.00188015e+00     6.810351157553378e+03     6.810582244411848e+03     6.810813490053076e+03     6.811044602056082e+03     6.811275751904334e+03     6.812200346255290e+03
    2600           -7.65659452e+04            3.63029690e+00            9.96361687e-01            1.00362219e+00     6.774474230999957e+03     6.774922998800598e+03     6.775371947586341e+03     6.775820761053677e+03     6.776269605842658e+03     6.778064980685359e+03
    2800           -7.66732237e+04            1.18702650e+00            9.98796720e-01            1.00117073e+00     6.863642880889908e+03     6.863786227838341e+03     6.863929755207332e+03     6.864073161535994e+03     6.864216589964974e+03     6.864790299040041e+03
    3000           -7.66518379e+04            8.33243938e+00            9.91688797e-01            1.00835364e+00     6.802926966317618e+03     6.803963828653289e+03     6.805000886923978e+03     6.806037796891975e+03     6.807074741900052e+03     6.811222517482486e+03
    3200           -7.65813800e+04            2.41596528e+00            9.97570454e-01            1.00240231e+00     6.860326617726753e+03     6.860623444121759e+03     6.860920495312141e+03     6.861217385110157e+03     6.861514308987752e+03     6.862702000248751e+03
    3400           -7.65697115e+04            3.08898444e+00            9.96898333e-01            1.00307620e+00     6.858363582739776e+03     6.858743804051981e+03     6.859124219671292e+03     6.859504491851674e+03     6.859884796528337e+03     6.861406010316898e+03
    3600           -7.65572287e+04            1.37542897e+00            9.98606834e-01            1.00135764e+00     6.815595347287230e+03     6.815762426015080e+03     6.815929742460054e+03     6.816096884965318e+03     6.816264065706004e+03     6.816932784124779e+03
    3800           -7.67814247e+04            1.48646759e+00            9.98503032e-01            1.00147593e+00     6.790794663451043e+03     6.790975456965177e+03     6.791156451151705e+03     6.791337298450815e+03     6.791518178419454e+03     6.792241693387865e+03
    4000           -7.67911998e+04            5.97195283e-01            9.99392751e-01            1.00058713e+00     6.861137632819469e+03     6.861208017247131e+03     6.861278577814985e+03     6.861349004390740e+03     6.861419463118360e+03     6.861701293417250e+03
    4200           -7.66835835e+04            2.47946962e+00            9.97522663e-01            1.00248160e+00     6.868201897733657e+03     6.868507720729162e+03     6.868813740546825e+03     6.869119610265676e+03     6.869425516080886e+03     6.870649134428115e+03
    4400           -7.67800745e+04            6.15617118e-01            9.99373917e-01            1.00060514e+00     6.831080637596692e+03     6.831152944398792e+03     6.831225412158182e+03     6.831297747088081e+03     6.831370118950696e+03     6.831659600304701e+03
    4600           -7.66402089e+04            1.10837151e+00            9.98887749e-01            1.00110448e+00     6.852205227232156e+03     6.852339588177147e+03     6.852474125913496e+03     6.852608523888048e+03     6.852742957626375e+03     6.853280688020594e+03
    4800           -7.67250294e+04            2.20174135e+00            9.97787719e-01            1.00219115e+00     6.799551151599974e+03     6.799821248826048e+03     6.800091514363397e+03     6.800361645393217e+03     6.800631811687703e+03     6.801712471775431e+03
    5000           -7.66878009e+04            2.89992418e+00            9.97094249e-01            1.00289405e+00     6.851258601757176e+03     6.851616861020245e+03     6.851975331917985e+03     6.852333651031408e+03     6.852692002314971e+03     6.854125402872765e+03
    5200           -7.69190691e+04            2.55010434e+00            9.97450001e-01            1.00255020e+00     6.770805937112700e+03     6.771120683481800e+03     6.771435610970417e+03     6.771750393156684e+03     6.772065213259698e+03     6.773324489406696e+03
    5400           -7.69747284e+04            3.38632052e+00            9.96608267e-01            1.00338085e+00     6.841219674354224e+03     6.841637962353462e+03     6.842056509510486e+03     6.842474881624384e+03     6.842893285560062e+03     6.844566896765901e+03
    5600           -7.67422518e+04            3.81337290e+00            9.96184575e-01            1.00381127e+00     6.836142401276601e+03     6.836614467187949e+03     6.837086746096039e+03     6.837558870447971e+03     6.838031028343875e+03     6.839919655411149e+03
    5800           -7.64923485e+04            4.17020546e+00            9.95824253e-01            1.00416457e+00     6.844121137425731e+03     6.844636800215307e+03     6.845152663590654e+03     6.845668382283361e+03     6.846184131939273e+03     6.848247126452816e+03
    6000           -7.67911460e+04            2.76137590e+00            9.97231699e-01            1.00275440e+00     6.793798959346877e+03     6.794139002466231e+03     6.794479249973801e+03     6.794819349187826e+03     6.795159480538200e+03     6.796520001729523e+03
    6200           -7.68305451e+04            7.88217067e-01            9.99200691e-01            1.00077711e+00     6.848543954797955e+03     6.848638010232146e+03     6.848732243867558e+03     6.848826346076527e+03     6.848920477653832e+03     6.849297000509710e+03
    6400           -7.69133862e+04            6.54373492e-01            9.99326712e-01            1.00063543e+00     6.728954688119441e+03     6.729031560878342e+03     6.729108626409030e+03     6.729185546306492e+03     6.729262500812739e+03     6.729570313506039e+03
    6600           -7.69353087e+04            4.14383796e+00            9.95854965e-01            1.00414258e+00     6.804683510850818e+03     6.805196547993892e+03     6.805709791810236e+03     6.806222886636295e+03     6.806736013065569e+03     6.808788515280319e+03
    6800           -7.68445436e+04            1.01067471e+00            9.98980061e-01            1.00100139e+00     6.778151986713111e+03     6.778273127188874e+03     6.778394479595022e+03     6.778515681256607e+03     6.778636914314139e+03     6.779121841915166e+03
    7000           -7.68826667e+04            2.35680978e+00            9.97628972e-01            1.00234252e+00     6.853129937995883e+03     6.853419243420698e+03     6.853708740413542e+03     6.853998093301777e+03     6.854287480032588e+03     6.855445022069292e+03
    7200           -7.68258934e+04            9.70229415e-01            9.99014086e-01            1.00095451e+00     6.855059019836654e+03     6.855174973992135e+03     6.855291132240121e+03     6.855407138880908e+03     6.855523180482903e+03     6.855987341129151e+03
    7400           -7.69649520e+04            3.82076926e+00            9.96169126e-01            1.00381055e+00     6.851217522856543e+03     6.851690801794611e+03     6.852164241645163e+03     6.852637554991563e+03     6.853110900789439e+03     6.855004278722336e+03
    7600           -7.69408076e+04            1.77567081e+00            9.98205376e-01            1.00175665e+00     6.823600723804544e+03     6.823817403822130e+03     6.824034288974685e+03     6.824251031371212e+03     6.824467801836545e+03     6.825334879868546e+03
    7800           -7.67572364e+04            8.43732776e-01            9.99142430e-01            1.00082987e+00     6.877760263689716e+03     6.877860658203188e+03     6.877961331726024e+03     6.878061805736959e+03     6.878162321287960e+03     6.878564378886205e+03
    8000           -7.68741134e+04            7.09633811e+00            9.92914107e-01            1.00710669e+00     6.878919117426697e+03     6.879800551829797e+03     6.880682164431129e+03     6.881563637432197e+03     6.882445145697744e+03     6.885971173968791e+03
    8200           -7.69344419e+04            1.69816423e+00            9.98293815e-01            1.00169011e+00     6.822963976773542e+03     6.823171672550295e+03     6.823379541136740e+03     6.823587283046906e+03     6.823795053836848e+03     6.824626130900155e+03
    8400           -7.68082647e+04            2.22005598e+00            9.97767929e-01            1.00220798e+00     6.794981145684145e+03     6.795253615403453e+03     6.795526252057030e+03     6.795798759152251e+03     6.796071298546611e+03     6.797161451409076e+03
    8600           -7.67418041e+04            1.74002605e+00            9.98247929e-01            1.00172794e+00     6.884521826709094e+03     6.884734085851471e+03     6.884946551383353e+03     6.885158860016896e+03     6.885371205839296e+03     6.886220584969496e+03
    8800           -7.66587793e+04            2.12325839e+00            9.97866166e-01            1.00211263e+00     6.852486680128164e+03     6.852746736700415e+03     6.853006976820609e+03     6.853267080234938e+03     6.853527215290520e+03     6.854567750452877e+03
    9000           -7.67224933e+04            8.32857414e-01            9.99155098e-01            1.00082079e+00     6.870191920418642e+03     6.870291943175042e+03     6.870392195541857e+03     6.870492289192331e+03     6.870592413649285e+03     6.870992906879927e+03
    9200           -7.66680192e+04            2.18579111e+00            9.97803541e-01            1.00217507e+00     6.913753752935594e+03     6.914022604625786e+03     6.914291646300899e+03     6.914560552438808e+03     6.914829486987534e+03     6.915905221039475e+03
    9400           -7.67934017e+04            1.94953528e+00            9.98041740e-01            1.00194077e+00     6.811874962744670e+03     6.812113732582196e+03     6.812352701664332e+03     6.812591525015370e+03     6.812830380748483e+03     6.813785798752297e+03
    9600           -7.68004193e+04            4.79031656e+00            9.95205521e-01            1.00478604e+00     6.867215748340851e+03     6.867809990381601e+03     6.868404397624163e+03     6.868998682332570e+03     6.869592995268280e+03     6.871970242195709e+03
    9800           -7.69588337e+04            1.88647008e+00            9.98100915e-01            1.00187380e+00     6.790575198698444e+03     6.790806343802598e+03     6.791037696129631e+03     6.791268910755381e+03     6.791500149520542e+03     6.792425100342639e+03
   10000           -7.66946973e+04            3.45922078e+00            9.96535075e-01            1.00345345e+00     6.841956007442053e+03     6.842383354859880e+03     6.842810985176137e+03     6.843238421717722e+03     6.843665894902286e+03     6.845375782362517e+03
   10200           -7.67147531e+04            1.15089710e+00            9.98839190e-01            1.00114096e+00     6.818113233709621e+03     6.818251453023808e+03     6.818389895341175e+03     6.818528171644781e+03     6.818666486360134e+03     6.819219739010647e+03
   10400           -7.69314839e+04            4.06717299e-01            9.99577009e-01            1.00039043e+00     6.922801455268348e+03     6.922846935995039e+03     6.922892641753078e+03     6.922938178831329e+03     6.922983754626269e+03     6.923166053984190e+03
   10600           -7.69456824e+04            2.76064399e+00            9.97227335e-01            1.00274854e+00     6.803729958501304e+03     6.804069741901037e+03     6.804409743142420e+03     6.804749578572550e+03     6.805089453598491e+03     6.806448948695678e+03
   10800           -7.67451389e+04            2.47490499e-01            9.99736632e-01            1.00023160e+00     6.889833011401434e+03     6.889858626375576e+03     6.889884469604041e+03     6.889910135646207e+03     6.889935845508920e+03     6.890038679616407e+03
   11000           -7.65829241e+04            2.04426078e+00            9.97945887e-01            1.00203436e+00     6.713404913670343e+03     6.713655602442762e+03     6.713906447969765e+03     6.714157164200895e+03     6.714407916101243e+03     6.715410918532142e+03
   11200           -7.66366243e+04            6.44546051e-01            9.99351256e-01            1.00064034e+00     6.832643665300024e+03     6.832719795614238e+03     6.832796183096898e+03     6.832872393582097e+03     6.832948637999576e+03     6.833253610699128e+03
   11400           -7.65536857e+04            1.00316380e+00            9.98979260e-01            1.00098555e+00     6.799025155603020e+03     6.799145256542131e+03     6.799265558090910e+03     6.799385713141515e+03     6.799505900779131e+03     6.799986645955243e+03
   11600           -7.66869017e+04            3.31859138e+00            9.96673918e-01            1.00331103e+00     6.762436832919939e+03     6.762846132274963e+03     6.763255619494141e+03     6.763664958479151e+03     6.764074335527434e+03     6.765711838134929e+03
   11800           -7.65262633e+04            8.09363810e-01            9.99175282e-01            1.00079398e+00     6.825581979155487e+03     6.825679085646238e+03     6.825776423954794e+03     6.825873607354355e+03     6.825970818417238e+03     6.826359657678988e+03
   12000           -7.66380177e+04            2.00596432e+00            9.97989294e-01            1.00200120e+00     6.795123304029554e+03     6.795369612244185e+03     6.795616139662538e+03     6.795862495875590e+03     6.796108894682463e+03     6.797094485335370e+03
   12200           -7.67094510e+04            3.74501586e-01            9.99607745e-01            1.00035674e+00     6.826015883132477e+03     6.826057325286406e+03     6.826098969848175e+03     6.826140484367415e+03     6.826182019764078e+03     6.826348156395679e+03
   12400           -7.67516919e+04            5.69127420e+00            9.94309162e-01            1.00569159e+00     6.844818516913192e+03     6.845525075145868e+03     6.846231874548636e+03     6.846938514985327e+03     6.847645182468512e+03     6.850471848023832e+03
   12600           -7.67236690e+04            6.17823398e+00            9.93829259e-01            1.00618566e+00     6.815761768077878e+03     6.816529031038198e+03     6.817296492702482e+03     6.818063810802009e+03     6.818831159905067e+03     6.821900551732256e+03
   12800           -7.68478682e+04            7.76521249e-01            9.99211868e-01            1.00076489e+00     6.828198960983627e+03     6.828292073976829e+03     6.828385371650045e+03     6.828478531007406e+03     6.828571722672119e+03     6.828944484360612e+03
   13000           -7.68144156e+04            1.94373398e+00            9.98046532e-01            1.00193396e+00     6.920899834920408e+03     6.921137900247219e+03     6.921376199437929e+03     6.921614327147134e+03     6.921852492793247e+03     6.922805150666084e+03
   13200           -7.68280646e+04            5.47302503e-01            9.99440772e-01            1.00053536e+00     6.797479656300995e+03     6.797543097737719e+03     6.797606716354110e+03     6.797670205755649e+03     6.797733722880248e+03     6.797987789459501e+03
   13400           -7.67066276e+04            3.30506246e+00            9.96686762e-01            1.00329681e+00     6.835939974440494e+03     6.836347642506022e+03     6.836755473721296e+03     6.837163175326594e+03     6.837570910693353e+03     6.839201846946213e+03
   13600           -7.67613349e+04            1.50036375e+00            9.98489389e-01            1.00149008e+00     6.843066384468486e+03     6.843248753259395e+03     6.843431318101816e+03     6.843613737516329e+03     6.843796190322499e+03     6.844525996176511e+03
   13800           -7.68102710e+04            4.98850434e-01            9.99487603e-01            1.00048529e+00     6.766739319220542e+03     6.766797059461084e+03     6.766855014084335e+03     6.766912815337921e+03     6.766970648658593e+03     6.767201978096645e+03
   14000           -7.68983922e+04            1.14658136e+00            9.98845037e-01            1.00113818e+00     6.842506223791030e+03     6.842644440726493e+03     6.842782872540508e+03     6.842921146374148e+03     6.843059455564117e+03     6.843612687337205e+03
   14200           -7.67138368e+04            2.41304535e+00            9.97574945e-01            1.00240097e+00     6.810101792753602e+03     6.810398138263639e+03     6.810694769757677e+03     6.810991211620332e+03     6.811287685874816e+03     6.812473578996030e+03
   14400           -7.69688330e+04            7.48273050e-01            9.99235220e-01            1.00073174e+00     6.861573448430077e+03     6.861662407957225e+03     6.861751615948709e+03     6.861840649580437e+03     6.861929718422506e+03     6.862285988414934e+03
   14600           -7.70001166e+04            3.37856591e+00            9.96605976e-01            1.00336298e+00     6.902771423711164e+03     6.903188686669837e+03     6.903606144544962e+03     6.904023475205029e+03     6.904440827145206e+03     6.906110230579246e+03
   14800           -7.68130770e+04            1.87122781e+00            9.98109992e-01            1.00185237e+00     6.860663016616072e+03     6.860892211975479e+03     6.861121623318623e+03     6.861350881295182e+03     6.861580170544101e+03     6.862497324472130e+03
   15000           -7.69679919e+04            4.32681667e+00            9.95666236e-01            1.00431975e+00     6.865229299290854e+03     6.865765177310622e+03     6.866301283790812e+03     6.866837214908921e+03     6.867373188310952e+03     6.869517077331050e+03
   15200           -7.69765545e+04            2.39554202e+00            9.97594466e-01            1.00238549e+00     6.827774481697055e+03     6.828067966782251e+03     6.828361687870034e+03     6.828655244459071e+03     6.828948833633998e+03     6.830123185570941e+03
   15400           -7.67050343e+04            1.92464800e+00            9.98065430e-01            1.00191468e+00     6.853497492026452e+03     6.853733091102038e+03     6.853968918685839e+03     6.854204579111532e+03     6.854440276453140e+03     6.855383060879828e+03
   15600           -7.65494098e+04            1.81596390e+00            9.98173021e-01            1.00180491e+00     6.861938288291810e+03     6.862160344136443e+03     6.862382605334094e+03     6.862604708695493e+03     6.862826850270284e+03     6.863715412248759e+03
   15800           -7.64974221e+04            3.57517673e+00            9.96419392e-01            1.00356968e+00     6.766599842234898e+03     6.767042479703276e+03     6.767485345267662e+03     6.767928050243651e+03     6.768370787819720e+03     6.770141733404541e+03
   16000           -7.66594719e+04            1.36141081e+00            9.98624091e-01            1.00134687e+00     6.865998590285725e+03     6.866163757076338e+03     6.866329122194553e+03     6.866494338949985e+03     6.866659590181656e+03     6.867320590077587e+03
   16200           -7.67753178e+04            2.98867923e+00            9.97002352e-01            1.00297964e+00     6.841872389336048e+03     6.842241764474394e+03     6.842611312043083e+03     6.842980728140989e+03     6.843350175834598e+03     6.844827962333147e+03
   16400           -7.68093741e+04            2.28344816e+00            9.97708305e-01            1.00227516e+00     6.819003093408824e+03     6.819284165784465e+03     6.819565454723321e+03     6.819846580192449e+03     6.820127743943671e+03     6.821252394478518e+03
   16600           -7.69841899e+04            1.06967199e+00            9.98924628e-01            1.00106396e+00     6.756201554526689e+03     6.756331131558534e+03     6.756460923985681e+03     6.756590568820852e+03     6.756720241793530e+03     6.757238929060373e+03
   16800           -7.68330250e+04            2.43650946e+00            9.97551393e-01            1.00242434e+00     6.874158838330300e+03     6.874458845501596e+03     6.874759017265355e+03     6.875059061468685e+03     6.875359137667228e+03     6.876559437004157e+03
   17000           -7.67632881e+04            1.65435694e+00            9.98336639e-01            1.00164532e+00     6.909573549870137e+03     6.909776463435727e+03     6.909979563189766e+03     6.910182514329531e+03     6.910385503495254e+03     6.911197457120371e+03
   17200           -7.67680117e+04            4.31593841e+00            9.95677818e-01            1.00430959e+00     6.900583172650777e+03     6.901117677244776e+03     6.901652381047541e+03     6.902186923596418e+03     6.902721508831246e+03     6.904859845011715e+03
   17400           -7.67492830e+04            2.57032532e+00            9.97414820e-01            1.00255538e+00     6.840309346790750e+03     6.840625931013908e+03     6.840942751511471e+03     6.841259410518569e+03     6.841576099730169e+03     6.842842852669586e+03
   17600           -7.68080322e+04            1.10211945e+00            9.98877920e-01            1.00108211e+00     6.832952029305221e+03     6.833084559934040e+03     6.833217320212107e+03     6.833349921480976e+03     6.833482553625286e+03     6.834013077945349e+03
   17800           -7.67438338e+04            1.49248385e+00            9.98496602e-01            1.00148154e+00     6.847528120412477e+03     6.847709700076919e+03     6.847891535135530e+03     6.848073193442734e+03     6.848254885709847e+03     6.848981651007218e+03
   18000           -7.66004614e+04            3.00915734e+00            9.96985045e-01            1.00300331e+00     6.790883096170543e+03     6.791254490216652e+03     6.791626054781426e+03     6.791997490709658e+03     6.792368957380152e+03     6.793854818589762e+03
   18200           -7.68247470e+04            1.04182553e+00            9.98947187e-01            1.00103081e+00     6.907039252663871e+03     6.907164674898301e+03     6.907290313307638e+03     6.907415790444556e+03     6.907541304569451e+03     6.908043356475031e+03
   18400           -7.65850847e+04            1.69119556e+00            9.98298861e-01            1.00168121e+00     6.780216411646444e+03     6.780422835095636e+03     6.780629476165442e+03     6.780835952819762e+03     6.781042468196011e+03     6.781868524745579e+03
   18600           -7.65467034e+04            1.63083964e+00            9.98356872e-01            1.00161851e+00     6.842874400087398e+03     6.843072801463608e+03     6.843271413216963e+03     6.843469870067682e+03     6.843668361707924e+03     6.844462323328450e+03
   18800           -7.64616587e+04            1.53456692e+00            9.98451132e-01            1.00152022e+00     6.802691113858800e+03     6.802878193202857e+03     6.803065516602448e+03     6.803252677485420e+03     6.803439867013919e+03     6.804188620169038e+03
   19000           -7.65569382e+04            7.97027353e-01            9.99184675e-01            1.00077870e+00     6.780339959136510e+03     6.780434813837252e+03     6.780529857904607e+03     6.780624757846957e+03     6.780719692416436e+03     6.781099425696362e+03
   19200           -7.65144875e+04            7.82291753e-01            9.99201430e-01            1.00076599e+00     6.838558721015382e+03     6.838652037512650e+03     6.838745544675876e+03     6.838838902112917e+03     6.838932297221958e+03     6.839305873428534e+03
   19400           -7.66047145e+04            3.40251807e+00            9.96589113e-01            1.00339407e+00     6.782731582960436e+03     6.783152185731628e+03     6.783572990608975e+03     6.783993639403342e+03     6.784414326796611e+03     6.786097070632785e+03
   19600           -7.64862032e+04            9.27825850e-01            9.99058335e-01            1.00091396e+00     6.882337506678304e+03     6.882447874415292e+03     6.882558443317530e+03     6.882668861552313e+03     6.882779314589327e+03     6.883221122500348e+03
   19800           -7.69651143e+04            1.13328101e+00            9.98849657e-01            1.00111618e+00     6.812872945943186e+03     6.813008649310135e+03     6.813144583222431e+03     6.813280353149928e+03     6.813416157081767e+03     6.813959368220349e+03
   20000           -7.66283626e+04            1.78484836e+00            9.98203855e-01            1.00177351e+00     6.814125985705073e+03     6.814344017064723e+03     6.814562269814575e+03     6.814780368686319e+03     6.814998497708805e+03     6.815871009712539e+03
   20200           -7.67862158e+04            1.41797351e+00            9.98576272e-01            1.00141220e+00     6.875220797425752e+03     6.875393463295150e+03     6.875566316992859e+03     6.875739030568325e+03     6.875911776891726e+03     6.876602756357701e+03
   20400           -7.68388462e+04            2.12879474e+00            9.97865467e-01            1.00212303e+00     6.830863492973270e+03     6.831124857781211e+03     6.831386477263456e+03     6.831647907594199e+03     6.831909380928636e+03     6.832955268884002e+03
   20600           -7.68827428e+04            4.10613066e+00            9.95892719e-01            1.00410492e+00     6.817858896542599e+03     6.818366622540634e+03     6.818874509654270e+03     6.819382267998490e+03     6.819890060050964e+03     6.821921223559329e+03
   20800           -7.67811341e+04            5.54634459e+00            9.94457911e-01            1.00555053e+00     6.811408354804839e+03     6.812096799137304e+03     6.812785447562274e+03     6.813473951627014e+03     6.814162485585987e+03     6.816916616367135e+03
   21000           -7.68882514e+04            2.80152263e+00            9.97191726e-01            1.00279472e+00     6.761936556232195e+03     6.762281379477413e+03     6.762626391300679e+03     6.762971264519841e+03     6.763316169090519e+03     6.764695781948844e+03
   21200           -7.70129734e+04            2.97421433e+00            9.97023029e-01            1.00297142e+00     6.840639035834288e+03     6.841006730960944e+03     6.841374650844146e+03     6.841742415238690e+03     6.842110210128600e+03     6.843581384422912e+03
   21400           -7.68927284e+04            1.82785690e+00            9.98155149e-01            1.00181080e+00     6.769785598392047e+03     6.770009387106772e+03     6.770233333382571e+03     6.770457157856637e+03     6.770681012683533e+03     6.771576426975021e+03
   21600           -7.67373523e+04            2.74399354e+00            9.97242112e-01            1.00273001e+00     6.790141667950898e+03     6.790478753104201e+03     6.790816077719033e+03     6.791153230173985e+03     6.791490419096897e+03     6.792839170242896e+03
   21800           -7.65871336e+04            1.34888720e+00            9.98638692e-01            1.00133643e+00     6.874690177484938e+03     6.874853336967648e+03     6.875016720319766e+03     6.875179942732097e+03     6.875343199352350e+03     6.875996221219762e+03
   22000           -7.64718600e+04            1.32290432e+00            9.98663964e-01            1.00130974e+00     6.797796876760790e+03     6.797958327089996e+03     6.798120010694663e+03     6.798281527944957e+03     6.798443079966037e+03     6.799089283171284e+03
   22200           -7.66347543e+04            8.10354258e-01            9.99176644e-01            1.00079733e+00     6.876110691180344e+03     6.876207950056503e+03     6.876305406438842e+03     6.876402718612702e+03     6.876500062745978e+03     6.876889434311612e+03
   22400           -7.66733446e+04            7.88990839e-01            9.99196572e-01            1.00077453e+00     6.832022737721830e+03     6.832116359512163e+03     6.832210179737631e+03     6.832303856987901e+03     6.832397564546476e+03     6.832772391371122e+03
   22600           -7.67756357e+04            1.76496836e+00            9.98224644e-01            1.00175454e+00     6.835915511074491e+03     6.836130823261585e+03     6.836346394298802e+03     6.836561793573107e+03     6.836777222980558e+03     6.837638934886624e+03
   22800           -7.68544038e+04            1.30212229e+00            9.98684130e-01            1.00128834e+00     6.799172123609053e+03     6.799330408201030e+03     6.799488838507655e+03     6.799647135165605e+03     6.799805474143320e+03     6.800438824677586e+03
   23000           -7.68967349e+04            9.28456041e-01            9.99051451e-01            1.00090832e+00     6.809863538094275e+03     6.809974702645569e+03     6.810086017965507e+03     6.810197212388352e+03     6.810308438789797e+03     6.810753339485318e+03
   23200           -7.67595970e+04            9.82441423e-01            9.99004638e-01            1.00096949e+00     6.829539404532759e+03     6.829656690053364e+03     6.829774217021852e+03     6.829891581007492e+03     6.830008974825014e+03     6.830478545117268e+03
   23400           -7.68606135e+04            4.52956540e-01            9.99533965e-01            1.00043987e+00     6.786877380247196e+03     6.786928764181213e+03     6.786980348327627e+03     6.787031775875666e+03     6.787083242748727e+03     6.787289105250256e+03
   23600           -7.68698505e+04            2.28552123e+00            9.97698519e-01            1.00226948e+00     6.841909409569264e+03     6.842189653108467e+03     6.842470087639208e+03     6.842750379260093e+03     6.843030704165078e+03     6.844151998760891e+03
   23800           -7.70408119e+04            1.43759847e+00            9.98543308e-01            1.00141845e+00     6.826586433738270e+03     6.826761379491435e+03     6.826936473148715e+03     6.827111458784279e+03     6.827286468399405e+03     6.827986503060540e+03
   24000           -7.67650857e+04            2.21787323e+00            9.97773117e-01            1.00220882e+00     6.858292798575188e+03     6.858565088839109e+03     6.858837615894186e+03     6.859109979184945e+03     6.859382374369357e+03     6.860471950163526e+03
   24200           -7.67417626e+04            1.14015521e+00            9.98842824e-01            1.00112309e+00     6.805508424600049e+03     6.805645949100827e+03     6.805783742927127e+03     6.805921345310477e+03     6.806058986806305e+03     6.806609549012563e+03
   24400           -7.67433421e+04            9.81872825e-01            9.99010025e-01            1.00097375e+00     6.791245709417788e+03     6.791364133265732e+03     6.791482748278462e+03     6.791601229037649e+03     6.791719737232401e+03     6.792193765047013e+03
   24600           -7.67020428e+04            1.30461699e+00            9.98683113e-01            1.00129231e+00     6.881960861974594e+03     6.882119642012576e+03     6.882278630847583e+03     6.882437463799087e+03     6.882596332620684e+03     6.883231803266774e+03
   24800           -7.67187607e+04            1.51672987e+00            9.98471805e-01            1.00150523e+00     6.833409159475832e+03     6.833593908253054e+03     6.833778872079084e+03     6.833963680789094e+03     6.834148522755926e+03     6.834887886036019e+03
   25000           -7.69486448e+04            5.80587500e+00            9.94197688e-01            1.00580935e+00     6.826203030569594e+03     6.826924676972858e+03     6.827646477675396e+03     6.828368145704420e+03     6.829089852149393e+03     6.831976673729191e+03
   25200           -7.65401755e+04            2.73099909e+00            9.97259702e-01            1.00272164e+00     6.775242309819307e+03     6.775577988348840e+03     6.775913898941117e+03     6.776249644049341e+03     6.776585424212891e+03     6.777928538606474e+03
   25400           -7.68297987e+04            2.73238679e+00            9.97267149e-01            1.00273191e+00     6.824592256306474e+03     6.824929467995890e+03     6.825266894922299e+03     6.825604162489458e+03     6.825941465577978e+03     6.827290674849486e+03
   25600           -7.68785387e+04            1.15198037e+00            9.98838574e-01            1.00114251e+00     6.835509827633467e+03     6.835648891710410e+03     6.835788161253879e+03     6.835927277999691e+03     6.836066429662186e+03     6.836623031690907e+03
   25800           -7.68693674e+04            8.73659400e-01            9.99110885e-01            1.00085818e+00     6.863202841567137e+03     6.863307363594986e+03     6.863412079646176e+03     6.863516649186451e+03     6.863621253265832e+03     6.864039664964527e+03
   26000           -7.67322514e+04            4.48658640e+00            9.95509896e-01            1.00448298e+00     6.854649322514547e+03     6.855204501016357e+03     6.855759873962674e+03     6.856315089982651e+03     6.856870347772789e+03     6.859091373031030e+03
   26200           -7.66034729e+04            7.35957950e+00            9.92658221e-01            1.00737738e+00     6.765106954342820e+03     6.766022723458231e+03     6.766938783032161e+03     6.767854643033658e+03     6.768770540810207e+03     6.772434127277592e+03
   26400           -7.65878500e+04            3.33389724e+00            9.96660961e-01            1.00332870e+00     6.757096375901389e+03     6.757508031101144e+03     6.757919860409934e+03     6.758331557472629e+03     6.758743286086596e+03     6.760390196271802e+03
   26600           -7.65819419e+04            2.81521380e-01            9.99704663e-01            1.00026770e+00     6.858431807081979e+03     6.858461809898345e+03     6.858492020815765e+03     6.858522090425129e+03     6.858552186530598e+03     6.858672565979217e+03
   26800           -7.68435890e+04            1.66219668e+00            9.98327606e-01            1.00165196e+00     6.810029470578801e+03     6.810233777188612e+03     6.810438265428716e+03     6.810642622352801e+03     6.810847007826972e+03     6.811664545075142e+03
   27000           -7.68758910e+04            3.37490870e+00            9.96617277e-01            1.00336702e+00     6.855455136910216e+03     6.855872044803129e+03     6.856289171323272e+03     6.856706134497648e+03     6.857123135350744e+03     6.858791133791272e+03
   27200           -7.67168748e+04            1.83337930e+00            9.98152875e-01            1.00181958e+00     6.756209585960049e+03     6.756433518069505e+03     6.756657592906612e+03     6.756881542110648e+03     6.757105529288370e+03     6.758001472616690e+03
   27400           -7.65026807e+04            7.29259300e-01            9.99262431e-01            1.00072094e+00     6.762194675561318e+03     6.762281321749997e+03     6.762368126315200e+03     6.762454805745412e+03     6.762541517078246e+03     6.762888358595173e+03
   27600           -7.65054375e+04            2.94439739e+00            9.97052534e-01            1.00294129e+00     6.777456886689822e+03     6.777820509619781e+03     6.778184371154002e+03     6.778548052627599e+03     6.778911776462778e+03     6.780366666235735e+03
   27800           -7.67729111e+04            7.67527216e-01            9.99225850e-01            1.00076089e+00     6.749313900787375e+03     6.749405519809200e+03     6.749497367581186e+03     6.749589051841534e+03     6.749680770513012e+03     6.750047640238649e+03
   28000           -7.66878864e+04            1.95515336e+00            9.98033529e-01            1.00194379e+00     6.770226528549551e+03     6.770466719166760e+03     6.770707118168784e+03     6.770947366213984e+03     6.771187647092250e+03     6.772148765634947e+03
   28200           -7.67162008e+04            3.38893974e+00            9.96602826e-01            1.00338062e+00     6.708401522451585e+03     6.708820113590544e+03     6.709238888770302e+03     6.709657526727443e+03     6.710076196543888e+03     6.711750870636190e+03
   28400           -7.66421276e+04            1.06499939e+00            9.98917754e-01            1.00104771e+00     6.875364937802162e+03     6.875493053157757e+03     6.875621386886687e+03     6.875749575839261e+03     6.875877790174583e+03     6.876390642547004e+03
   28600           -7.68126516e+04            7.94169778e-01            9.99192435e-01            1.00078075e+00     6.818752854489717e+03     6.818847127092271e+03     6.818941541986374e+03     6.819035836754145e+03     6.819130165429880e+03     6.819507476370042e+03
   28800           -7.66305364e+04            2.74826185e-01            9.99714489e-01            1.00026414e+00     6.780740352324527e+03     6.780770144284973e+03     6.780800112821713e+03     6.780829943753120e+03     6.780859809086528e+03     6.780979265848530e+03
   29000           -7.65750794e+04            3.23766156e+00            9.96749316e-01            1.00322453e+00     6.869770983739352e+03     6.870170453809703e+03     6.870570178560330e+03     6.870969727760888e+03     6.871369310749966e+03     6.872967637760579e+03
   29200           -7.67414771e+04            2.71376370e+00            9.97279352e-01            1.00270683e+00     6.795582030990480e+03     6.795916356352102e+03     6.796250912241144e+03     6.796585298097655e+03     6.796919721803893e+03     6.798257412617308e+03
   29400           -7.66858342e+04            2.97137183e+00            9.97013339e-01            1.00295597e+00     6.769086752241377e+03     6.769452618209451e+03     6.769818691382482e+03     6.770184612755046e+03     6.770550567521857e+03     6.772014382802337e+03
   29600           -7.66811832e+04            8.29714008e-01            9.99152761e-01            1.00081216e+00     6.771300228949901e+03     6.771398636550226e+03     6.771497259922214e+03     6.771595737580289e+03     6.771694242493236e+03     6.772088256036572e+03
   29800           -7.67331951e+04            2.94319504e+00            9.97048958e-01            1.00293528e+00     6.831265251641034e+03     6.831627784537577e+03     6.831990503634516e+03     6.832353088150095e+03     6.832715701945699e+03     6.834166152250363e+03
   30000           -7.66573609e+04            1.93100209e+00            9.98065730e-01            1.00192772e+00     6.767094919691331e+03     6.767331820492683e+03     6.767568925759915e+03     6.767805874853905e+03     6.768042861275643e+03     6.768990802859956e+03
   30200           -7.66787165e+04            1.08002501e+00            9.98911836e-01            1.00107187e+00     6.803205740656114e+03     6.803336597296184e+03     6.803467691229225e+03     6.803598616994227e+03     6.803729577569965e+03     6.804253414483816e+03
   30400           -7.67939199e+04            1.57081606e+00            9.98418111e-01            1.00155971e+00     6.833318135558609e+03     6.833510776955096e+03     6.833703588670121e+03     6.833896272952035e+03     6.834088987083753e+03     6.834859838608895e+03
   30600           -7.66868979e+04            1.87460239e+00            9.98113125e-01            1.00186228e+00     6.777759631125187e+03     6.777989592285317e+03     6.778219739511425e+03     6.778449746128414e+03     6.778679786126581e+03     6.779599941127978e+03
   30800           -7.66487268e+04            3.29916109e+00            9.96692721e-01            1.00329097e+00     6.806785837422740e+03     6.807192685882676e+03     6.807599734934358e+03     6.808006632711099e+03     6.808413566086863e+03     6.810041294750988e+03
   31000           -7.67465357e+04            1.22493513e+00            9.98758452e-01            1.00120828e+00     6.758437812198318e+03     6.758585508863932e+03     6.758733440328376e+03     6.758881200149923e+03     6.759028997917525e+03     6.759620183636733e+03
   31200           -7.67332413e+04            1.74817210e+00            9.98242796e-01            1.00173910e+00     6.850697724009317e+03     6.850910985140375e+03     6.851124378000961e+03     6.851337644325565e+03     6.851550952992523e+03     6.852404181975729e+03
   31400           -7.68348577e+04            6.75616514e+00            9.93250141e-01            1.00676235e+00     6.766504192237225e+03     6.767343230966284e+03     6.768182444545155e+03     6.769021516701691e+03     6.769860626539188e+03     6.773217060841152e+03
   31600           -7.69381278e+04            4.46033476e+00            9.95540853e-01            1.00446147e+00     6.817628456292824e+03     6.818182051092273e+03     6.818735861003259e+03     6.819289522892119e+03     6.819843213668269e+03     6.822057971043713e+03
   31800           -7.68749540e+04            2.38174788e+00            9.97600150e-01            1.00236355e+00     6.814214975707177e+03     6.814507323839224e+03     6.814799923709357e+03     6.815092341348065e+03     6.815384797825194e+03     6.816554619943212e+03
   32000           -7.68534677e+04            1.25443153e+00            9.98736095e-01            1.00124493e+00     6.845462090258990e+03     6.845614933558293e+03     6.845767995410152e+03     6.845920892336497e+03     6.846073828037041e+03     6.846685565815094e+03
   32200           -7.69705505e+04            1.25799184e+00            9.98728699e-01            1.00124465e+00     6.812813863860207e+03     6.812966424556231e+03     6.813119223058989e+03     6.813271857244273e+03     6.813424522995762e+03     6.814035182131317e+03
   32400           -7.68527244e+04            3.47702895e+00            9.96514991e-01            1.00346896e+00     6.814576099023136e+03     6.815005943242100e+03     6.815435958057392e+03     6.815865838788643e+03     6.816295753743428e+03     6.818015408463720e+03
   32600           -7.68531549e+04            1.07117165e+00            9.98914158e-01            1.00105647e+00     6.826928344056049e+03     6.827057099303663e+03     6.827186094000858e+03     6.827314909557143e+03     6.827443766510772e+03     6.827959188965494e+03
   32800           -7.67815142e+04            1.06430827e+00            9.98928624e-01            1.00105722e+00     6.837038951883767e+03     6.837167745191970e+03     6.837296736439464e+03     6.837425590786564e+03     6.837554471422968e+03     6.838069990962169e+03
   33000           -7.67353549e+04            3.14443392e+00            9.96843197e-01            1.00313197e+00     6.844153011316710e+03     6.844540328815066e+03     6.844927827074497e+03     6.845315201343707e+03     6.845702599843431e+03     6.847252188370153e+03
   33200           -7.67061460e+04            1.78450784e+00            9.98203287e-01            1.00177226e+00     6.881989107048680e+03     6.882208117145272e+03     6.882427334425910e+03     6.882646408024551e+03     6.882865510128101e+03     6.883741913207521e+03
   33400           -7.68249878e+04            2.04185422e-01            9.99776511e-01            1.00018487e+00     6.869197097974362e+03     6.869217551009978e+03     6.869238212926258e+03     6.869258721125740e+03     6.869279263323185e+03     6.869361428672010e+03
   33600           -7.68995828e+04            1.63792920e+00            9.98348257e-01            1.00162407e+00     6.897932140466220e+03     6.898131971236518e+03     6.898332016022124e+03     6.898531916427616e+03     6.898731843678553e+03     6.899531546890886e+03
   33800           -7.68061894e+04            9.58899691e-01            9.99028335e-01            1.00094611e+00     6.858129148626784e+03     6.858243850187210e+03     6.858358685191703e+03     6.858473404745411e+03     6.858588158420350e+03     6.859047168213916e+03
   34000           -7.67073320e+04            1.06040091e+00            9.98926700e-01            1.00104747e+00     6.807988542692193e+03     6.808116469344662e+03     6.808244623367299e+03     6.808372619387906e+03     6.808500646488957e+03     6.809012750285721e+03
   34200           -7.66865261e+04            1.51873516e+00            9.98462305e-01            1.00149972e+00     6.782078421607152e+03     6.782263511810912e+03     6.782448813855447e+03     6.782633953455891e+03     6.782819132671422e+03     6.783559843735693e+03
   34400           -7.67315422e+04            3.89099896e+00            9.96101238e-01            1.00388314e+00     6.787147412269352e+03     6.787628950291395e+03     6.788110668853476e+03     6.788592248467952e+03     6.789073861993797e+03     6.791000311718243e+03
   34600           -7.67906006e+04            6.74088740e-01            9.99314193e-01            1.00066235e+00     6.795510735881327e+03     6.795589710096248e+03     6.795668895136367e+03     6.795747935895619e+03     6.795827003970907e+03     6.796143272060487e+03
   34800           -7.69877416e+04            7.87481846e-01            9.99201648e-01            1.00077659e+00     6.866924802446581e+03     6.867017948288249e+03     6.867111309671579e+03     6.867204508711000e+03     6.867297745543206e+03     6.867670688639833e+03
   35000           -7.71146813e+04            1.33296209e+00            9.98652615e-01            1.00131850e+00     6.849677074248117e+03     6.849838379879701e+03     6.849999880385921e+03     6.850161235817830e+03     6.850322624549523e+03     6.850968174850928e+03
   35200           -7.67303757e+04            2.48641032e+00            9.97507729e-01            1.00248051e+00     6.889549190338688e+03     6.889854687469253e+03     6.890160405541971e+03     6.890465967045098e+03     6.890771560861949e+03     6.891993931385210e+03
   35400           -7.67049937e+04            1.55922558e+00            9.98431529e-01            1.00154995e+00     6.819997966356629e+03     6.820188524144687e+03     6.820379257066321e+03     6.820569855667205e+03     6.820760487247518e+03     6.821523008138406e+03
   35600           -7.66210340e+04            1.04422997e+00            9.98937769e-01            1.00102619e+00     6.865935861056917e+03     6.866061440449055e+03     6.866187220967611e+03     6.866312854648409e+03     6.866438520839678e+03     6.866941180622438e+03
   35800           -7.66887641e+04            1.89265130e+00            9.98095828e-01            1.00188108e+00     6.831862284034672e+03     6.832093956528517e+03     6.832325915230387e+03     6.832557672806212e+03     6.832789470592237e+03     6.833716657149804e+03
   36000           -7.66519661e+04            1.57781987e+00            9.98409531e-01            1.00156513e+00     6.765035353347772e+03     6.765227818581548e+03     6.765420426501155e+03     6.765612915749472e+03     6.765805438098516e+03     6.766575522849259e+03
   36200           -7.68091737e+04            1.71041353e+00            9.98281874e-01            1.00170267e+00     6.856655173470140e+03     6.856864836559661e+03     6.857074691166432e+03     6.857284399571676e+03     6.857494143411659e+03     6.858333113353177e+03
   36400           -7.65711444e+04            8.32058474e-01            9.99151608e-01            1.00081570e+00     6.774510641477984e+03     6.774609107734834e+03     6.774707788162315e+03     6.774806306203229e+03     6.774904862274580e+03     6.775299083071177e+03
   36600           -7.65477266e+04            6.73348689e-01            9.99317421e-01            1.00066411e+00     6.851169487523560e+03     6.851248801027767e+03     6.851328379344142e+03     6.851407773438984e+03     6.851487203610815e+03     6.851804919698069e+03
   36800           -7.66025504e+04            2.99824285e+00            9.96986320e-01            1.00298269e+00     6.846637448523474e+03     6.847006505569100e+03     6.847375751688615e+03     6.847744846742652e+03     6.848113981301957e+03     6.849590514080440e+03
   37000           -7.64751180e+04            1.00358985e+00            9.98983927e-01            1.00099108e+00     6.849100684567434e+03     6.849220939375577e+03     6.849341390256138e+03     6.849461693938262e+03     6.849582032058966e+03     6.850063379550496e+03
   37200           -7.66074328e+04            1.36648142e+00            9.98623288e-01            1.00135622e+00     6.749163880475235e+03     6.749329336653553e+03     6.749495059651302e+03     6.749660593248646e+03     6.749826165825175e+03     6.750488451175116e+03
   37400           -7.66241675e+04            2.43700158e+00            9.97559689e-01            1.00243367e+00     6.875451599607883e+03     6.875752082353244e+03     6.876052776383798e+03     6.876353322996370e+03     6.876653899166766e+03     6.877856198725649e+03
   37600           -7.65021035e+04            1.70091012e+00            9.98288839e-01            1.00169062e+00     6.761783494462888e+03     6.761991507374608e+03     6.762199762086675e+03     6.762407836589467e+03     6.762615952454786e+03     6.763448410446682e+03
   37800           -7.64308978e+04            4.08413038e+00            9.95910232e-01            1.00407840e+00     6.833153416063054e+03     6.833659417368018e+03     6.834165639824223e+03     6.834671700210505e+03     6.835177796628879e+03     6.837202177194704e+03
   38000           -7.63725946e+04            1.99916666e+00            9.97989394e-01            1.00198768e+00     6.786105325046757e+03     6.786350435125973e+03     6.786595791739926e+03     6.786840973517510e+03     6.787086191428790e+03     6.788067057810823e+03
   38200           -7.66369185e+04            1.96333633e+00            9.98027332e-01            1.00195396e+00     6.918351144756843e+03     6.918591483393204e+03     6.918831979895313e+03     6.919072347756447e+03     6.919312750180117e+03     6.920274355603391e+03
   38400           -7.65550609e+04            2.78142910e+00            9.97207809e-01            1.00277059e+00     6.861882998613722e+03     6.862226165567364e+03     6.862569575453425e+03     6.862912817246451e+03     6.863256091657102e+03     6.864629184700483e+03
   38600           -7.65671471e+04            1.02972347e+00            9.98959615e-01            1.00101904e+00     6.865584454567400e+03     6.865708406418724e+03     6.865832583928667e+03     6.865956605707257e+03     6.866080657241933e+03     6.866576859916466e+03
   38800           -7.65918979e+04            1.98223632e+00            9.98009330e-01            1.00197376e+00     6.851556902456676e+03     6.851800006168215e+03     6.852043337802520e+03     6.852286511679633e+03     6.852529716156473e+03     6.853502529856270e+03
   39000           -7.67458426e+04            1.10516404e+00            9.98884551e-01            1.00109486e+00     6.839132124824528e+03     6.839265296334703e+03     6.839398660359786e+03     6.839531886730258e+03     6.839665142212743e+03     6.840198159600960e+03
   39200           -7.67011083e+04            3.11005616e+00            9.96886992e-01            1.00310707e+00     6.831601613389366e+03     6.831985746289571e+03     6.832370065850169e+03     6.832754240369315e+03     6.833138451139396e+03     6.834675288889426e+03
   39400           -7.65412563e+04            2.11147492e+00            9.97872622e-01            1.00209550e+00     6.863272082965997e+03     6.863530265933252e+03     6.863788658698176e+03     6.864046902456036e+03     6.864305177008336e+03     6.865338271050675e+03
   39600           -7.67114982e+04            1.97474161e-01            9.99789268e-01            1.00018421e+00     6.830251000084921e+03     6.830270363729896e+03     6.830289886835676e+03     6.830309278302283e+03     6.830328706032521e+03     6.830406411980121e+03
   39800           -7.66728371e+04            8.09817298e-01            9.99176479e-01            1.00079609e+00     6.775205685147630e+03     6.775302587432749e+03     6.775399657246549e+03     6.775496581201393e+03     6.775593548338124e+03     6.775981411528618e+03
   40000           -7.67387600e+04            2.21741699e+00            9.97770836e-01            1.00220561e+00     6.800244610552499e+03     6.800517266997623e+03     6.800790141902705e+03     6.801062866166265e+03     6.801335619702039e+03     6.802426628851580e+03
   40200           -7.68638888e+04            1.53672080e+00            9.98451054e-01            1.00152446e+00     6.866395303733443e+03     6.866582088482008e+03     6.866769110887956e+03     6.866955969086436e+03     6.867142859198640e+03     6.867890414663836e+03
   40400           -7.68491923e+04            6.08750919e+00            9.93918069e-01            1.00609300e+00     6.794250134531442e+03     6.795005902898475e+03     6.795761836392645e+03     6.796517642029927e+03     6.797273479529498e+03     6.800296824527555e+03
   40600           -7.68330607e+04            9.15124604e-01            9.99073359e-01            1.00090359e+00     6.832552866165237e+03     6.832663100020127e+03     6.832773532325087e+03     6.832883814511073e+03     6.832994131898812e+03     6.833435397632387e+03
   40800           -7.68857942e+04            3.52962168e-01            9.99627820e-01            1.00033373e+00     6.865046300800129e+03     6.865085257077334e+03     6.865124451283740e+03     6.865163483599046e+03     6.865202546316749e+03     6.865358791833370e+03
   41000           -7.67405706e+04            2.32421453e+00            9.97670145e-01            1.00231854e+00     6.821912399257297e+03     6.822197484321758e+03     6.822482747933930e+03     6.822767878388789e+03     6.823053039654515e+03     6.824193680051733e+03
   41200           -7.68157314e+04            1.99221909e+00            9.97997569e-01            1.00198196e+00     6.794956971446988e+03     6.795200525266337e+03     6.795444275414988e+03     6.795687872778957e+03     6.795931508137147e+03     6.796906044827307e+03
   41400           -7.68060498e+04            1.09181067e+00            9.98889172e-01            1.00107275e+00     6.873472375020691e+03     6.873603560631141e+03     6.873734900564760e+03     6.873866114779434e+03     6.873997363011516e+03     6.874522351002342e+03
   41600           -7.68197596e+04            2.08162453e+00            9.97908755e-01            1.00207196e+00     6.817363544635737e+03     6.817618939098671e+03     6.817874552427795e+03     6.818130008631759e+03     6.818385498066432e+03     6.819407451497127e+03
   41800           -7.68574541e+04            1.08694859e+00            9.98899778e-01            1.00107365e+00     6.787491755687222e+03     6.787622535048001e+03     6.787753457097599e+03     6.787884259459744e+03     6.788015095565986e+03     6.788538435444751e+03
   42000           -7.70185479e+04            1.71791350e+00            9.98262260e-01            1.00169802e+00     6.777265316880044e+03     6.777474667499121e+03     6.777684243749935e+03     6.777893663167754e+03     6.778103113604038e+03     6.778940910328032e+03
   42200           -7.68196787e+04            1.05281917e+00            9.98936544e-01            1.00104216e+00     6.846868527112139e+03     6.846995792393191e+03     6.847123231030554e+03     6.847250529454946e+03     6.847377865483381e+03     6.847887203854625e+03
   42400           -7.69862229e+04            1.19572100e+00            9.98794541e-01            1.00118596e+00     6.806071689062453e+03     6.806215916510740e+03     6.806360343827921e+03     6.806504633039641e+03     6.806648949236259e+03     6.807226209410066e+03
   42600           -7.69157251e+04            2.20441748e+00            9.97789823e-01            1.00219862e+00     6.836861691619815e+03     6.837132462264096e+03     6.837403398620964e+03     6.837674191400371e+03     6.837945026610084e+03     6.839028361600353e+03
   42800           -7.69658823e+04            2.58879413e+00            9.97405838e-01            1.00258339e+00     6.804510586591128e+03     6.804829618450908e+03     6.805148799794924e+03     6.805467872994350e+03     6.805786970296619e+03     6.807063354002110e+03
   43000           -7.68292663e+04            3.21195591e+00            9.96786064e-01            1.00320994e+00     6.806328265806290e+03     6.806724960839566e+03     6.807121911320777e+03     6.807518683143757e+03     6.807915490153556e+03     6.809502714500822e+03
   43200           -7.67736330e+04            3.01071564e-01            9.99686978e-01            1.00028911e+00     6.792261450460584e+03     6.792293759398717e+03     6.792326267766655e+03     6.792358620732751e+03     6.792391012225857e+03     6.792520573991129e+03
   43400           -7.67400048e+04            7.69540265e-01            9.99220074e-01            1.00075914e+00     6.813165561626427e+03     6.813257123876558e+03     6.813348853482124e+03     6.813440464429444e+03     6.813532100353655e+03     6.813898639080882e+03
   43600           -7.65922022e+04            2.05490802e+00            9.97940004e-01            1.00204979e+00     6.840152561286077e+03     6.840405584153003e+03     6.840658818678496e+03     6.840911888741131e+03     6.841164999759129e+03     6.842177438232183e+03
   43800           -7.67562108e+04            3.18551222e+00            9.96809662e-01            1.00318063e+00     6.880491042425269e+03     6.880884507217549e+03     6.881278179340237e+03     6.881671710694745e+03     6.882065267710540e+03     6.883639492995810e+03
   44000           -7.66779882e+04            1.17301329e+00            9.98815700e-01            1.00116170e+00     6.866716520378149e+03     6.866858124431569e+03     6.866999945699371e+03     6.867141611587632e+03     6.867283310061970e+03     6.867850099745792e+03
   44200           -7.69338037e+04            1.43742193e+00            9.98547582e-01            1.00142238e+00     6.720014799001963e+03     6.720189931169959e+03     6.720365223939791e+03     6.720540390955814e+03     6.720715590332488e+03     6.721416381663014e+03
   44400           -7.67719590e+04            1.05059535e+00            9.98935547e-01            1.00103671e+00     6.825844265916847e+03     6.825970560836637e+03     6.826097083488021e+03     6.826223442323560e+03     6.826349836121893e+03     6.826855406326938e+03
   44600           -7.68988454e+04            5.61009083e-01            9.99423906e-01            1.00054591e+00     6.780855615181440e+03     6.780920854686220e+03     6.780986354809425e+03     6.781051671874928e+03     6.781117025772337e+03     6.781378436363233e+03
   44800           -7.65695637e+04            3.38606513e+00            9.96604406e-01            1.00337645e+00     6.822644125604291e+03     6.823062005031049e+03     6.823480135601480e+03     6.823898092195985e+03     6.824316082262398e+03     6.825988038920505e+03
   45000           -7.65130578e+04            1.56475059e+00            9.98423449e-01            1.00155291e+00     6.771170715560075e+03     6.771361504796894e+03     6.771552463823552e+03     6.771743308193139e+03     6.771934173793735e+03     6.772697632027394e+03
   45200           -7.66365067e+04            3.00082548e+00            9.96995360e-01            1.00299697e+00     6.815679104931109e+03     6.816050069279251e+03     6.816421243619218e+03     6.816792256174123e+03     6.817163308313451e+03     6.818647511695794e+03
   45400           -7.66115800e+04            1.22972123e+00            9.98756881e-01            1.00121629e+00     6.785118138689116e+03     6.785267381379374e+03     6.785416819661145e+03     6.785566109904479e+03     6.785715434895357e+03     6.786312731101598e+03
   45600           -7.65303504e+04            1.69839731e+00            9.98295430e-01            1.00169220e+00     6.775107943251991e+03     6.775315402146905e+03     6.775523029804132e+03     6.775730524627713e+03     6.775938053031948e+03     6.776768162811905e+03
   45800           -7.65146076e+04            2.14354369e+00            9.97855238e-01            1.00214231e+00     6.802314840434362e+03     6.802578207133802e+03     6.802841804958066e+03     6.803105239134502e+03     6.803368707029648e+03     6.804422573624935e+03
   46000           -7.66615051e+04            9.49285360e-01            9.99032207e-01            1.00093074e+00     6.827663623034952e+03     6.827777503014052e+03     6.827891627753614e+03     6.828005570719504e+03     6.828119555192703e+03     6.828575487350453e+03
   46200           -7.66772772e+04            1.20453618e+00            9.98782652e-01            1.00119169e+00     6.807460539037752e+03     6.807605887591211e+03     6.807751432981761e+03     6.807896841328262e+03     6.808042277222150e+03     6.808624015406549e+03
   46400           -7.66514520e+04            2.53944008e+00            9.97457620e-01            1.00253647e+00     6.869778123043385e+03     6.870091005122613e+03     6.870404111656700e+03     6.870717067259294e+03     6.871030050530552e+03     6.872281978017720e+03
   46600           -7.68463536e+04            1.12727416e+00            9.98862585e-01            1.00111711e+00     6.778235953839639e+03     6.778371997819627e+03     6.778508233188423e+03     6.778644330853557e+03     6.778780458042444e+03     6.779324962245249e+03
   46800           -7.67632520e+04            5.28652631e+00            9.94713135e-01            1.00528608e+00     6.816646441632891e+03     6.817302402254598e+03     6.817958515024943e+03     6.818614508192964e+03     6.819270532165879e+03     6.821894622698867e+03
   47000           -7.68398016e+04            1.47200734e+00            9.98518968e-01            1.00146295e+00     6.814406959731351e+03     6.814585288275504e+03     6.814763877706913e+03     6.814942280331845e+03     6.815120722106779e+03     6.815834484482208e+03
   47200           -7.67091837e+04            1.25000947e+00            9.98737914e-01            1.00123790e+00     6.777143620692828e+03     6.777294821828115e+03     6.777446189407804e+03     6.777597436396472e+03     6.777748709960449e+03     6.778353799228069e+03
   47400           -7.65878121e+04            2.82246717e+00            9.97175691e-01            1.00282060e+00     6.791741420246191e+03     6.792090325375476e+03     6.792439408464034e+03     6.792788361688247e+03     6.793137343776197e+03     6.794533267306203e+03
   47600           -7.66472073e+04            1.44834715e+00            9.98543953e-01            1.00144062e+00     6.783329222540224e+03     6.783505762485380e+03     6.783682505677722e+03     6.783859094020807e+03     6.784035719779758e+03     6.784742217019290e+03
   47800           -7.66748981e+04            2.29822708e+00            9.97686833e-01            1.00228321e+00     6.765308918849167e+03     6.765590642585532e+03     6.765872594122194e+03     6.766154382930277e+03     6.766436205951418e+03     6.767563493053669e+03
   48000           -7.67894168e+04            6.83264000e-01            9.99301980e-01            1.00066849e+00     6.791722953481249e+03     6.791803124255638e+03     6.791883501616675e+03     6.791963729731303e+03     6.792043990275028e+03     6.792365027068807e+03
   48200           -7.67199881e+04            5.00008671e-01            9.99482215e-01            1.00048221e+00     6.854978511314173e+03     6.855035956444021e+03     6.855093588771923e+03     6.855151082336681e+03     6.855208607660648e+03     6.855438704007123e+03
   48400           -7.66476781e+04            2.56985716e+00            9.97421652e-01            1.00256131e+00     6.798882849445774e+03     6.799199158243448e+03     6.799515664215744e+03     6.799832032790405e+03     6.800148428720539e+03     6.801414007995305e+03
   48600           -7.66589387e+04            2.45788229e+00            9.97537538e-01            1.00245327e+00     6.825956958127608e+03     6.826259139315672e+03     6.826561529223102e+03     6.826863777206194e+03     6.827166052144314e+03     6.828375146161020e+03
   48800           -7.67687800e+04            2.46861777e+00            9.97525861e-01            1.00246306e+00     6.796496806567833e+03     6.796800710603884e+03     6.797104830274194e+03     6.797408791379051e+03     6.797712788027672e+03     6.798928769487511e+03
   49000           -7.67844750e+04            1.78057434e+00            9.98203386e-01            1.00176447e+00     6.808559483606280e+03     6.808776439628078e+03     6.808993603514959e+03     6.809210614359296e+03     6.809427659322694e+03     6.810295835039108e+03
   49200           -7.66126682e+04            1.61293504e+00            9.98372503e-01            1.00159832e+00     6.804111319500961e+03     6.804307703484035e+03     6.804504265082879e+03     6.804700692581918e+03     6.804897151928499e+03     6.805682984356036e+03
   49400           -7.66022763e+04            2.15315659e+00            9.97839145e-01            1.00214542e+00     6.779282314321769e+03     6.779547149229043e+03     6.779812169700482e+03     6.780077055772530e+03     6.780341971492478e+03     6.781401628663186e+03
   49600           -7.65399874e+04            1.15816269e+00            9.98834602e-01            1.00115091e+00     6.896703904916290e+03     6.896844424727062e+03     6.896985197192927e+03     6.897125800421923e+03     6.897266434054807e+03     6.897828963193326e+03
   49800           -7.65024451e+04            2.12556832e+00            9.97863241e-01            1.00211432e+00     6.790590470818429e+03     6.790851380646467e+03     6.791112514424563e+03     6.791373484844944e+03     6.791634491050288e+03     6.792678511282149e+03
   50000           -7.64722093e+04            1.00582614e+00            9.98982465e-01            1.00099409e+00     6.829612085766663e+03     6.829732291441015e+03     6.829852644487797e+03     6.829972871333977e+03     6.830093134854505e+03     6.830574183942348e+03
