#This file was generated on Thu Nov 23 15:24:10 2023
#Using the somd command, of the molecular library Sire version <2023.1.3> 
#For more information visit: https://github.com/michellab/Sire
#
#General information on simulation parameters:
#Simulation used 25000 moves, 2 cycles and 200 ps of simulation time
#Generating lambda is		 0.50000
#Alchemical array is		 (0.0, 0.125, 0.25, 0.375, 0.5, 1.0)
#Generating temperature is 	25°C
#Energy was saved every 200 steps 
#
#
#   [step]      [potential kcal/mol]       [gradient kcal/mol]      [forward Metropolis]     [backward Metropolis]                   [u_kl]
#   [step]      [potential kcal/mol]       [gradient kcal/mol]      [forward Metropolis]     [backward Metropolis]                   [u_kl]
     200           -8.41558921e+04            5.60771019e+00            9.94397639e-01            1.00561300e+00     6.963817445126794e+03     6.964513680090156e+03     6.965210071948493e+03     6.965906334556134e+03     6.966602632363289e+03     6.969387819599782e+03
     400           -8.15272238e+04            1.21252901e+00            9.98770843e-01            1.00119586e+00     6.953329081727050e+03     6.953476104347796e+03     6.953623316693594e+03     6.953770374773721e+03     6.953917474249138e+03     6.954505866771226e+03
     600           -7.98204426e+04            1.72905894e+00            9.98264024e-01            1.00172211e+00     6.937361408229476e+03     6.937572827968462e+03     6.937784458505760e+03     6.937995928817641e+03     6.938207437416726e+03     6.939053466603977e+03
     800           -7.86435854e+04            1.71090052e+00            9.98282930e-01            1.00170471e+00     6.924048244750531e+03     6.924258103038862e+03     6.924468168400720e+03     6.924678077491885e+03     6.924888022991552e+03     6.925727801232572e+03
    1000           -7.79401981e+04            4.52508118e-01            9.99530022e-01            1.00043502e+00     6.868012004934645e+03     6.868063760598268e+03     6.868115713762096e+03     6.868167521180752e+03     6.868219361212744e+03     6.868426717490843e+03
    1200           -7.75325818e+04            2.91392451e+00            9.97073970e-01            1.00290173e+00     6.939159592786068e+03     6.939518843905305e+03     6.939878276792236e+03     6.940237566631160e+03     6.940596892742676e+03     6.942034192699283e+03
    1400           -7.73079289e+04            1.97275694e+00            9.98017930e-01            1.00196340e+00     6.912453032201917e+03     6.912694357718005e+03     6.912935886887509e+03     6.913177265101681e+03     6.913418677854493e+03     6.914384323507067e+03
    1600           -7.70441474e+04            1.84564517e+00            9.98138820e-01            1.00183005e+00     6.795857048250933e+03     6.796083106574692e+03     6.796309406418022e+03     6.796535530007328e+03     6.796761691989151e+03     6.797666335727369e+03
    1800           -7.69704395e+04            2.99473126e+00            9.96997696e-01            1.00298709e+00     6.885849188313386e+03     6.886219112757015e+03     6.886589276345553e+03     6.886959266049081e+03     6.887329293191621e+03     6.888809398069857e+03
    2000           -7.70057801e+04            4.24169768e+00            9.95759910e-01            1.00424327e+00     6.876338513283956e+03     6.876864250503310e+03     6.877390190139465e+03     6.877915976276862e+03     6.878441798748078e+03     6.880545084212201e+03
    2200           -7.67437269e+04            2.70041653e+00            9.97295131e-01            1.00269593e+00     6.961144149596514e+03     6.961477366495948e+03     6.961810771701612e+03     6.962144026332785e+03     6.962477319956211e+03     6.963810490315906e+03
    2400           -7.68122645e+04            1.86939902e+00            9.98126085e-01            1.00186486e+00     6.903103772182444e+03     6.903333373955386e+03     6.903563177269938e+03     6.903792828748555e+03     6.904022516165591e+03     6.904941260148738e+03
    2600           -7.68018210e+04            1.45387870e+00            9.98533637e-01            1.00144136e+00     6.931447145929468e+03     6.931623159210773e+03     6.931799384058048e+03     6.931975454032546e+03     6.932151558539708e+03     6.932855971149948e+03
    2800           -7.67588655e+04            2.16916017e+00            9.97824630e-01            1.00216292e+00     6.900265342085228e+03     6.900532886960185e+03     6.900800646184994e+03     6.901068254454470e+03     6.901335893065856e+03     6.902406444046484e+03
    3000           -7.66349752e+04            3.12427468e+00            9.96877645e-01            1.00312619e+00     6.869852717161643e+03     6.870238667184653e+03     6.870624867461212e+03     6.871010894848925e+03     6.871396955368401e+03     6.872941193575160e+03
    3200           -7.65852580e+04            3.37132692e+00            9.96620889e-01            1.00336346e+00     6.891067378010593e+03     6.891483510815828e+03     6.891899858601170e+03     6.892316048252122e+03     6.892732273047700e+03     6.894397168084807e+03
    3400           -7.65876989e+04            2.49547124e+00            9.97497718e-01            1.00248862e+00     6.910847250852341e+03     6.911154410493282e+03     6.911461800422686e+03     6.911769017315200e+03     6.912076274457866e+03     6.913305298063390e+03
    3600           -7.65870337e+04            3.22919704e+00            9.96766636e-01            1.00322498e+00     6.856659123386992e+03     6.857057433892485e+03     6.857455920072201e+03     6.857854256672094e+03     6.858252635678376e+03     6.859846147969762e+03
    3800           -7.66898699e+04            3.03952688e+00            9.96958827e-01            1.00303785e+00     6.882660170980681e+03     6.883035646718355e+03     6.883411343759607e+03     6.883786872473156e+03     6.884162441015316e+03     6.885664711049952e+03
    4000           -7.67254667e+04            1.54569844e+00            9.98441444e-01            1.00153280e+00     6.810718119701882e+03     6.810905831240681e+03     6.811093679748201e+03     6.811281419195904e+03     6.811469187008319e+03     6.812220254314756e+03
    4200           -7.67566981e+04            2.24644374e+00            9.97747918e-01            1.00224077e+00     6.864972374590151e+03     6.865249039024943e+03     6.865525955854959e+03     6.865802685443603e+03     6.866079457259430e+03     6.867186539928706e+03
    4400           -7.66276265e+04            2.37674560e+00            9.97613443e-01            1.00236688e+00     6.904935757543686e+03     6.905227890735017e+03     6.905520203919767e+03     6.905812379294395e+03     6.906104588130477e+03     6.907273418717268e+03
    4600           -7.63094317e+04            3.10251330e+00            9.96892987e-01            1.00309797e+00     6.896518295685883e+03     6.896901755960741e+03     6.897285497885468e+03     6.897669046249838e+03     6.898052631097384e+03     6.899586966508885e+03
    4800           -7.64598796e+04            2.35534675e+00            9.97633516e-01            1.00234415e+00     6.856533803132865e+03     6.856823752126830e+03     6.857113939757915e+03     6.857403951529119e+03     6.857694002532467e+03     6.858854201932068e+03
    5000           -7.68602671e+04            7.96874456e+00            9.92055366e-01            1.00799290e+00     6.935337543787737e+03     6.936329109195225e+03     6.937320912522953e+03     6.938312538632930e+03     6.939304204898594e+03     6.943270866009449e+03
    5200           -7.66991492e+04            2.24032200e+00            9.97747611e-01            1.00222819e+00     6.933307381407933e+03     6.933582754174748e+03     6.933858343881140e+03     6.934133779716658e+03     6.934409247152078e+03     6.935511112896223e+03
    5400           -7.69133039e+04            9.82597867e-01            9.99002838e-01            1.00096800e+00     6.904310520407031e+03     6.904428707919537e+03     6.904547069457442e+03     6.904665288399126e+03     6.904783545923840e+03     6.905256571440650e+03
    5600           -7.66185938e+04            8.43001746e+00            9.91588441e-01            1.00844839e+00     6.922472714276776e+03     6.923522410889131e+03     6.924572339080331e+03     6.925622096288389e+03     6.926671891622469e+03     6.930871068968161e+03
    5800           -7.67654220e+04            4.37440195e+00            9.95627016e-01            1.00437578e+00     6.892476230805067e+03     6.893018103654806e+03     6.893560224547716e+03     6.894102162133695e+03     6.894644140771833e+03     6.896812050738600e+03
    6000           -7.67385507e+04            2.61705630e+00            9.97374922e-01            1.00260898e+00     6.872633827052700e+03     6.872955894888260e+03     6.873278199299911e+03     6.873600327986468e+03     6.873922496537666e+03     6.875211166022632e+03
    6200           -7.67158101e+04            6.72707243e-01            9.99315207e-01            1.00066060e+00     6.913028754831804e+03     6.913107990089434e+03     6.913187396122611e+03     6.913266669569084e+03     6.913345975881292e+03     6.913663196930781e+03
    6400           -7.67038955e+04            2.51825399e+00            9.97474645e-01            1.00251111e+00     6.949244605044430e+03     6.949553847990292e+03     6.949863319268135e+03     6.950172621898025e+03     6.950481962162366e+03     6.951719319280303e+03
    6600           -7.66754188e+04            2.24652352e+00            9.97746923e-01            1.00223993e+00     6.861667952783918e+03     6.861944240090165e+03     6.862220714782648e+03     6.862497050134314e+03     6.862773417447682e+03     6.863878882111447e+03
    6800           -7.65687570e+04            2.88703361e+00            9.97104668e-01            1.00287867e+00     6.970350372600047e+03     6.970705827410900e+03     6.971061497587184e+03     6.971417007111598e+03     6.971772553753923e+03     6.973194734907798e+03
    7000           -7.69383860e+04            2.35322711e+00            9.97639018e-01            1.00234543e+00     6.884271848318722e+03     6.884561918950743e+03     6.884852216642285e+03     6.885142347967088e+03     6.885432516288827e+03     6.886593184258933e+03
    7200           -7.68681877e+04            3.26045904e+00            9.96726772e-01            1.00324758e+00     6.860689682002110e+03     6.861091345472570e+03     6.861493237254101e+03     6.861894957068321e+03     6.862296717114302e+03     6.863903752226493e+03
    7400           -7.67597387e+04            1.13016445e+00            9.98853605e-01            1.00111390e+00     6.836844654062756e+03     6.836980598155482e+03     6.837116756678708e+03     6.837252749481318e+03     6.837388782421320e+03     6.837932910779884e+03
    7600           -7.67473717e+04            2.70656564e+00            9.97286476e-01            1.00269956e+00     6.949502861143973e+03     6.949836914007005e+03     6.950171213410750e+03     6.950505334667787e+03     6.950839493320525e+03     6.952176125497078e+03
    7800           -7.69367618e+04            1.50560050e+00            9.98488176e-01            1.00149936e+00     6.942689741390927e+03     6.942873262930420e+03     6.943056947380698e+03     6.943240500686210e+03     6.943424088767711e+03     6.944158436144494e+03
    8000           -7.68651393e+04            2.59044167e+00            9.97401302e-01            1.00258213e+00     6.953742029932188e+03     6.954060963502482e+03     6.954380066859627e+03     6.954699029005208e+03     6.955018030115785e+03     6.956294030299381e+03
    8200           -7.68710731e+04            2.77884571e+00            9.97208594e-01            1.00276620e+00     6.871027713342920e+03     6.871369482396435e+03     6.871711468350698e+03     6.872053291646569e+03     6.872395152387440e+03     6.873762591431961e+03
    8400           -7.67540243e+04            1.10767386e+00            9.98874023e-01            1.00108933e+00     6.867308381159580e+03     6.867441726106156e+03     6.867575260541813e+03     6.867708653068816e+03     6.867842078284387e+03     6.868375775409194e+03
    8600           -7.66901359e+04            9.06476270e-01            9.99084876e-01            1.00089781e+00     6.884938247982898e+03     6.885047114506333e+03     6.885156157821126e+03     6.885265057403377e+03     6.885373995529364e+03     6.885809743075829e+03
    8800           -7.63878184e+04            7.99179857e-01            9.99190395e-01            1.00078874e+00     6.967970797742352e+03     6.968065801465840e+03     6.968161004314457e+03     6.968256053889088e+03     6.968351140692147e+03     6.968731483641942e+03
    9000           -7.67071174e+04            5.96671582e+00            9.94037903e-01            1.00597125e+00     6.915337313652502e+03     6.916078222695900e+03     6.916819381323759e+03     6.917560351660348e+03     6.918301365586129e+03     6.921265417519755e+03
    9200           -7.66661579e+04            4.34422011e+00            9.95654277e-01            1.00434265e+00     6.839616329029291e+03     6.840155327290749e+03     6.840694525442009e+03     6.841233589150392e+03     6.841772677432116e+03     6.843929025834943e+03
    9400           -7.67923999e+04            2.64093176e+00            9.97350058e-01            1.00263186e+00     6.837228346396903e+03     6.837554071464006e+03     6.837879950265839e+03     6.838205702693852e+03     6.838531489639548e+03     6.839834632882192e+03
    9600           -7.66150341e+04            1.73795503e+00            9.98248289e-01            1.00172415e+00     6.863091011899801e+03     6.863303819261388e+03     6.863516850214593e+03     6.863729720611138e+03     6.863942624798829e+03     6.864794237697855e+03
    9800           -7.67281670e+04            2.75102708e+00            9.97239644e-01            1.00274163e+00     6.880314510525171e+03     6.880653669434213e+03     6.880992998372052e+03     6.881332186973331e+03     6.881671413730503e+03     6.883028316935834e+03
   10000           -7.65571301e+04            1.79303403e+00            9.98197100e-01            1.00178313e+00     6.998416497516960e+03     6.998634558130833e+03     6.998852878251971e+03     6.999071007122633e+03     6.999289178505349e+03     7.000161859493738e+03
   10200           -7.66123508e+04            1.16033368e+00            9.98829314e-01            1.00114996e+00     6.876250497099017e+03     6.876391237384757e+03     6.876532190404382e+03     6.876672987306679e+03     6.876813819023353e+03     6.877377140947689e+03
   10400           -7.66097514e+04            1.29990762e+00            9.98689187e-01            1.00128897e+00     6.886347578150881e+03     6.886504456135014e+03     6.886661478181984e+03     6.886818382852643e+03     6.886975319536530e+03     6.887603060922178e+03
   10600           -7.68336330e+04            7.27261991e-01            9.99253948e-01            1.00070844e+00     6.901098995173427e+03     6.901185579696839e+03     6.901272321605093e+03     6.901358943748068e+03     6.901445595059390e+03     6.901792194945353e+03
   10800           -7.65466878e+04            1.40019898e+00            9.98580970e-01            1.00138131e+00     6.902912423651935e+03     6.903082002485650e+03     6.903251834168614e+03     6.903421492427685e+03     6.903591183654981e+03     6.904269943658029e+03
   11000           -7.64746814e+04            1.38719690e+00            9.98599837e-01            1.00137419e+00     6.915327681599480e+03     6.915495438045691e+03     6.915663367089517e+03     6.915831164781343e+03     6.915998994058321e+03     6.916670306517160e+03
   11200           -7.64585578e+04            2.19716543e+00            9.97787651e-01            1.00218191e+00     6.876356144643805e+03     6.876625370609318e+03     6.876894793193870e+03     6.877164064226438e+03     6.877433372254451e+03     6.878510599865095e+03
   11400           -7.66119536e+04            2.67031134e+00            9.97322673e-01            1.00266325e+00     6.949616412413312e+03     6.949944957295615e+03     6.950273691661025e+03     6.950602281343047e+03     6.950930905959486e+03     6.952245399505661e+03
   11600           -7.68473495e+04            1.70321384e+00            9.98285674e-01            1.00169206e+00     6.923654481730980e+03     6.923862504961651e+03     6.924070748513180e+03     6.924278827177698e+03     6.924486943965905e+03     6.925319406200830e+03
   11800           -7.64427768e+04            5.36079189e+00            9.94644847e-01            1.00536639e+00     6.871501433013708e+03     6.872167595147358e+03     6.872833987246875e+03     6.873500202333998e+03     6.874166460353219e+03     6.876831487692730e+03
   12000           -7.66329902e+04            3.69965792e+00            9.96292015e-01            1.00369124e+00     6.964878695656250e+03     6.965335810894017e+03     6.965793139221121e+03     6.966250312081816e+03     6.966707519545303e+03     6.968536343434356e+03
   12200           -7.67501063e+04            2.51229027e+00            9.97485623e-01            1.00251018e+00     6.888040681024252e+03     6.888350848420693e+03     6.888661236021499e+03     6.888971452806433e+03     6.889281711481005e+03     6.890522741937757e+03
   12400           -7.69097186e+04            1.84755325e+00            9.98137530e-01            1.00183258e+00     6.912156101103487e+03     6.912381918328982e+03     6.912607894728531e+03     6.912833740407408e+03     6.913059621815242e+03     6.913963142526997e+03
   12600           -7.68454949e+04            1.27215842e+00            9.98718451e-01            1.00126274e+00     6.948655162970600e+03     6.948809089700930e+03     6.948963193210669e+03     6.949117160599621e+03     6.949271161452641e+03     6.949887159934681e+03
   12800           -7.66804784e+04            4.58849404e+00            9.95415007e-01            1.00459196e+00     6.875448334329275e+03     6.876016787890151e+03     6.876585415682530e+03     6.877153913539069e+03     6.877722441537390e+03     6.879996548745506e+03
   13000           -7.67088656e+04            3.75168955e+00            9.96244871e-01            1.00374819e+00     6.807498315632145e+03     6.807963296536924e+03     6.808428487290151e+03     6.808893531565180e+03     6.809358604883521e+03     6.811218894134898e+03
   13200           -7.65733657e+04            2.50425525e+00            9.97482914e-01            1.00249135e+00     6.887492627678346e+03     6.887800812491188e+03     6.888109147860597e+03     6.888417371977644e+03     6.888725621493494e+03     6.889958615308643e+03
   13400           -7.66545067e+04            7.42686280e-01            9.99248518e-01            1.00073388e+00     6.900686502172234e+03     6.900774694510051e+03     6.900863113178561e+03     6.900951364414352e+03     6.901039653225799e+03     6.901392804279365e+03
   13600           -7.69301361e+04            8.39754307e-01            9.99144894e-01            1.00082438e+00     6.919630795386213e+03     6.919730697082349e+03     6.919830816814289e+03     6.919930781254460e+03     6.920030777809452e+03     6.920430760232692e+03
   13800           -7.67130295e+04            6.07440271e-01            9.99384834e-01            1.00059970e+00     6.930199326886135e+03     6.930271192878229e+03     6.930343267302936e+03     6.930415179477076e+03     6.930487131742494e+03     6.930774936598853e+03
   14000           -7.68851961e+04            9.90375446e-01            9.98998990e-01            1.00097972e+00     6.888623066535426e+03     6.888742580799781e+03     6.888862304888688e+03     6.888981864721633e+03     6.889101465771209e+03     6.889579865006992e+03
   14200           -7.67514102e+04            9.11978972e-01            9.99078386e-01            1.00090233e+00     6.913539715911092e+03     6.913649152491943e+03     6.913758794162957e+03     6.913868278011536e+03     6.913977800356524e+03     6.914415884801958e+03
   14400           -7.68075592e+04            5.62650341e+00            9.94377345e-01            1.00563028e+00     6.848462473804757e+03     6.849160978019529e+03     6.849859720662329e+03     6.850558287708568e+03     6.851256893800830e+03     6.854051313796903e+03
   14600           -7.69031696e+04            6.95614024e+00            9.93058962e-01            1.00697123e+00     6.912122764896285e+03     6.912987309260563e+03     6.913852053544513e+03     6.914716654103518e+03     6.915581285176954e+03     6.919039805457624e+03
   14800           -7.67490706e+04            1.80383984e+00            9.98187383e-01            1.00179503e+00     6.849017439608439e+03     6.849238519060405e+03     6.849459816025451e+03     6.849680941913351e+03     6.849902111016940e+03     6.850786782425439e+03
   15000           -7.66464489e+04            1.52142943e+00            9.98462188e-01            1.00150500e+00     6.879986471602133e+03     6.880172290088387e+03     6.880358266601688e+03     6.880544109554150e+03     6.880729990534624e+03     6.881473509467114e+03
   15200           -7.68855499e+04            2.23867635e+00            9.97751510e-01            1.00222881e+00     6.872040635027781e+03     6.872315848156765e+03     6.872591286568007e+03     6.872866558834106e+03     6.873141868284205e+03     6.874243101540629e+03
   15400           -7.69426121e+04            2.63235800e+00            9.97359288e-01            1.00262395e+00     6.867025104669196e+03     6.867348825365242e+03     6.867672726529639e+03     6.867996484162929e+03     6.868320278601896e+03     6.869615452534596e+03
   15600           -7.68148841e+04            2.79187649e+00            9.97197523e-01            1.00278120e+00     6.816982490873086e+03     6.817327096325755e+03     6.817671899586288e+03     6.818016549884040e+03     6.818361237866112e+03     6.819739984859138e+03
   15800           -7.66442921e+04            1.53342167e+00            9.98456481e-01            1.00152329e+00     6.920325244512082e+03     6.920512161174202e+03     6.920699325544952e+03     6.920886303878095e+03     6.921073325295674e+03     6.921821406079266e+03
   16000           -7.66400318e+04            6.36104862e+00            9.93645220e-01            1.00636722e+00     6.868197059076170e+03     6.868987607695575e+03     6.869778347225871e+03     6.870568934855497e+03     6.871359561931304e+03     6.874522064786437e+03
   16200           -7.66950716e+04            5.17643831e+00            9.94827015e-01            1.00517983e+00     6.841314575692911e+03     6.841956459961181e+03     6.842598479468703e+03     6.843240382472722e+03     6.843882319609522e+03     6.846450063526132e+03
   16400           -7.67956423e+04            6.50655492e+00            9.93510170e-01            1.00652331e+00     6.865939070497465e+03     6.866748398550475e+03     6.867557908090401e+03     6.868367271994089e+03     6.869176674162694e+03     6.872414277827924e+03
   16600           -7.68707839e+04            2.70712047e+00            9.97284883e-01            1.00269907e+00     6.878071036876301e+03     6.878404400768070e+03     6.878737990859106e+03     6.879071425527009e+03     6.879404889928967e+03     6.880738742981634e+03
   16800           -7.66402351e+04            4.06469500e+00            9.95932289e-01            1.00406161e+00     6.907729593581625e+03     6.908232272757414e+03     6.908735176641957e+03     6.909237919980109e+03     6.909740696987311e+03     6.911751800392997e+03
   17000           -7.67775971e+04            1.56791597e+00            9.98425453e-01            1.00156126e+00     6.910350176062866e+03     6.910541453493310e+03     6.910732971750340e+03     6.910924312557427e+03     6.911115692930175e+03     6.911881209797484e+03
   17200           -7.68357801e+04            3.16334030e-01            9.99664038e-01            1.00029669e+00     6.879178657340071e+03     6.879213124511230e+03     6.879247793442049e+03     6.879282306202263e+03     6.879316857222867e+03     6.879455057105662e+03
   17400           -7.68701538e+04            4.53960918e-01            9.99534376e-01            1.00044229e+00     6.866324725035783e+03     6.866376152055776e+03     6.866427810720331e+03     6.866479300788726e+03     6.866530827823441e+03     6.866736930611100e+03
   17600           -7.68151058e+04            1.73406475e+00            9.98255597e-01            1.00172369e+00     6.810119034986134e+03     6.810331193419571e+03     6.810543607760940e+03     6.810755835698051e+03     6.810968103662408e+03     6.811817172338682e+03
   17800           -7.68709742e+04            2.26084192e+00            9.97726027e-01            1.00224764e+00     6.868122245709178e+03     6.868399205592793e+03     6.868676323369040e+03     6.868953303547429e+03     6.869230324334781e+03     6.870338402960384e+03
   18000           -7.66109898e+04            2.16611773e+00            9.97830681e-01            1.00216290e+00     6.858465263009663e+03     6.858732535192346e+03     6.859000014140897e+03     6.859267332415887e+03     6.859534690310468e+03     6.860604117611274e+03
   18200           -7.67275825e+04            3.05419667e+00            9.96937816e-01            1.00304614e+00     6.805074182227987e+03     6.805451409879814e+03     6.805828872847222e+03     6.806206161159766e+03     6.806583488684014e+03     6.808092795140041e+03
   18400           -7.65854905e+04            3.69500719e+00            9.96303115e-01            1.00369308e+00     6.883268361492933e+03     6.883725617746765e+03     6.884183066387064e+03     6.884640358842547e+03     6.885097692699293e+03     6.886927023905655e+03
   18600           -7.67834574e+04            1.73490223e+00            9.98259067e-01            1.00172885e+00     6.835557068940609e+03     6.835768560551455e+03     6.835980241278006e+03     6.836191781387500e+03     6.836403354257810e+03     6.837249639575011e+03
   18800           -7.68110079e+04            1.30009533e+00            9.98689337e-01            1.00128950e+00     6.864733720957399e+03     6.864891718668438e+03     6.865049907541274e+03     6.865207948050838e+03     6.865366025256960e+03     6.865998329556521e+03
   19000           -7.65759972e+04            2.32818861e+00            9.97666112e-01            1.00232245e+00     6.975924886789363e+03     6.976211933024767e+03     6.976499147263785e+03     6.976786217266719e+03     6.977073329108513e+03     6.978221771427661e+03
   19200           -7.67655288e+04            2.10791069e+00            9.97876189e-01            1.00209194e+00     6.824319626810674e+03     6.824579753825355e+03     6.824840094365476e+03     6.825100283856548e+03     6.825360504378779e+03     6.826401381946884e+03
   19400           -7.68096790e+04            2.03240915e+00            9.97955170e-01            1.00201993e+00     6.823232158907758e+03     6.823481878936944e+03     6.823731796481269e+03     6.823981568552906e+03     6.824231373836932e+03     6.825230588766106e+03
   19600           -7.66390872e+04            3.53714163e+00            9.96450473e-01            1.00352464e+00     6.877287807048852e+03     6.877724272150854e+03     6.878160927724657e+03     6.878597431340268e+03     6.879033974370743e+03     6.880780141692632e+03
   19800           -7.69064285e+04            9.01393662e-01            9.99079645e-01            1.00088240e+00     6.903012945131132e+03     6.903120762308811e+03     6.903228797910604e+03     6.903336681242086e+03     6.903444594809347e+03     6.903876244487562e+03
   20000           -7.66541364e+04            5.91437056e-01            9.99405937e-01            1.00058881e+00     6.858271580024438e+03     6.858342154975712e+03     6.858412908877943e+03     6.858483525544209e+03     6.858554175578026e+03     6.858836771131615e+03
   20200           -7.69290797e+04            1.78357044e+00            9.98207995e-01            1.00177510e+00     6.908247724126004e+03     6.908465589665465e+03     6.908683614217681e+03     6.908901500807835e+03     6.909119428009520e+03     6.909991131893035e+03
   20400           -7.67112913e+04            4.92462630e+00            9.95075396e-01            1.00492457e+00     6.872383155725943e+03     6.872994068315613e+03     6.873605159175205e+03     6.874216118304520e+03     6.874827107520357e+03     6.877271059314770e+03
   20600           -7.67598503e+04            1.57768326e+00            9.98414033e-01            1.00156937e+00     6.937094293436866e+03     6.937286925147469e+03     6.937479760015647e+03     6.937672455167266e+03     6.937865177153663e+03     6.938636060870461e+03
   20800           -7.65923795e+04            2.72907993e+00            9.97263751e-01            1.00272186e+00     6.855141143790663e+03     6.855476924501946e+03     6.855812901817335e+03     6.856148733396980e+03     6.856484597606948e+03     6.857828051423234e+03
   21000           -7.64684744e+04            3.68213099e+00            9.96314655e-01            1.00367886e+00     6.869500790392025e+03     6.869955890257896e+03     6.870411176670655e+03     6.870866314467647e+03     6.871321490879035e+03     6.873142191366045e+03
   21200           -7.68906782e+04            1.02394443e+00            9.98964623e-01            1.00101249e+00     6.888148925901634e+03     6.888271723232018e+03     6.888394662435771e+03     6.888517477078880e+03     6.888640328500688e+03     6.889131731099743e+03
   21400           -7.67774490e+04            7.02068706e-01            9.99279858e-01            1.00068397e+00     6.866024226192204e+03     6.866106950815409e+03     6.866189943458817e+03     6.866272743585066e+03     6.866355583852089e+03     6.866686941511974e+03
   21600           -7.71485273e+04            2.87079635e+00            9.97129250e-01            1.00287083e+00     6.893428867060219e+03     6.893784061728439e+03     6.894139457194508e+03     6.894494701761250e+03     6.894849981196696e+03     6.896271095333173e+03
   21800           -7.69219798e+04            1.04172621e+00            9.98947454e-01            1.00103088e+00     6.867397068670473e+03     6.867522834183322e+03     6.867648828126723e+03     6.867774650316802e+03     6.867900512669103e+03     6.868403956667732e+03
   22000           -7.66529902e+04            3.06139113e+00            9.96931319e-01            1.00305404e+00     6.906576739805398e+03     6.906954443040124e+03     6.907332356840177e+03     6.907710109556272e+03     6.908087900908607e+03     6.909599062011816e+03
   22200           -7.70476839e+04            4.17655171e+00            9.95823310e-01            1.00417636e+00     6.938682135293400e+03     6.939199472360192e+03     6.939717001138390e+03     6.940234371867137e+03     6.940751785545907e+03     6.942821435798413e+03
   22400           -7.69891232e+04            2.78249658e+00            9.97209749e-01            1.00277468e+00     6.913419946172811e+03     6.913763775833243e+03     6.914107815769264e+03     6.914451705921601e+03     6.914795626856431e+03     6.916171307540051e+03
   22600           -7.70375087e+04            3.03623940e+00            9.96958737e-01            1.00303117e+00     6.902753544238511e+03     6.903128056279270e+03     6.903502830408058e+03     6.903877423509181e+03     6.904252051461083e+03     6.905750558683659e+03
   22800           -7.68795001e+04            7.76761600e-01            9.99207125e-01            1.00076062e+00     6.929675623473553e+03     6.929767250709187e+03     6.929859039831067e+03     6.929950704959597e+03     6.930042400355642e+03     6.930409177237731e+03
   23000           -7.66873615e+04            5.94182479e-01            9.99388139e-01            1.00057648e+00     6.901659656036720e+03     6.901728653824846e+03     6.901797911846076e+03     6.901866979393170e+03     6.901936088452235e+03     6.902212520867750e+03
   23200           -7.66708338e+04            3.40847013e+00            9.96581370e-01            1.00339821e+00     6.865625892984738e+03     6.866047126411387e+03     6.866468573178282e+03     6.866889870082315e+03     6.867311197514991e+03     6.868996502045244e+03
   23400           -7.66137730e+04            1.33283664e+00            9.98649691e-01            1.00131532e+00     6.973160047394384e+03     6.973321183565819e+03     6.973482553042586e+03     6.973643751640381e+03     6.973804987887025e+03     6.974449928379668e+03
   23600           -7.66280721e+04            3.19335596e+00            9.96796511e-01            1.00318314e+00     6.941758218852046e+03     6.942152427272197e+03     6.942546859528898e+03     6.942941128909163e+03     6.943335433810791e+03     6.944912648769535e+03
   23800           -7.65355050e+04            3.01753423e+00            9.96978145e-01            1.00301317e+00     6.934279617788601e+03     6.934652608204571e+03     6.935025839527779e+03     6.935398896189169e+03     6.935771990522933e+03     6.937264363257264e+03
   24000           -7.64832397e+04            1.84526300e+00            9.98137961e-01            1.00182842e+00     7.015081039729226e+03     7.015306405389480e+03     7.015531989196058e+03     7.015757409170363e+03     7.015982866963028e+03     7.016884694196830e+03
   24200           -7.66966159e+04            2.05630622e+00            9.97930071e-01            1.00204262e+00     6.983519678620835e+03     6.983772228494776e+03     6.984024977995661e+03     6.984277572662973e+03     6.984530205503353e+03     6.985540732385870e+03
   24400           -7.65618902e+04            2.83277458e+00            9.97158863e-01            1.00282435e+00     6.945365579238456e+03     6.945714737181836e+03     6.946064115586461e+03     6.946413325923062e+03     6.946762576411245e+03     6.948159573584034e+03
   24600           -7.66370798e+04            1.87005663e+00            9.98119622e-01            1.00185969e+00     6.911763625104594e+03     6.911993141451643e+03     6.912222842541435e+03     6.912452410731926e+03     6.912682008100121e+03     6.913600391095647e+03
   24800           -7.66958967e+04            5.19215664e+00            9.94806672e-01            1.00519088e+00     6.952209146508550e+03     6.952852659951697e+03     6.953496450059415e+03     6.954140043111991e+03     6.954783676713044e+03     6.957358206917537e+03
   25000           -7.68842740e+04            1.23191098e+00            9.98749023e-01            1.00121280e+00     6.878834355913364e+03     6.878983303880884e+03     6.879132492119410e+03     6.879281496823434e+03     6.879430545466175e+03     6.880026735018987e+03
   25200           -7.66249758e+04            1.34726337e+00            9.98637412e-01            1.00133190e+00     6.904475047401104e+03     6.904638909079887e+03     6.904802964814867e+03     6.904966875814515e+03     6.905130820421700e+03     6.905786593442296e+03
   25400           -7.66432784e+04            2.24088724e+00            9.97753140e-01            1.00223488e+00     6.896883557626317e+03     6.897159104754510e+03     6.897434866492424e+03     6.897710469131694e+03     6.897986108222797e+03     6.899088658819278e+03
   25600           -7.68266890e+04            2.82676424e+00            9.97160529e-01            1.00281397e+00     6.910046632149796e+03     6.910394798335480e+03     6.910743222887396e+03     6.911091455403911e+03     6.911439731207791e+03     6.912832830265786e+03
   25800           -7.68746698e+04            1.85436771e+00            9.98137176e-01            1.00184588e+00     6.865442203981637e+03     6.865670470851870e+03     6.865898941769804e+03     6.866127251835739e+03     6.866355602899694e+03     6.867269001817751e+03
   26000           -7.66660976e+04            4.28261062e+00            9.95709164e-01            1.00427426e+00     6.871233973421299e+03     6.871764178535196e+03     6.872294596765314e+03     6.872824854294277e+03     6.873355149317514e+03     6.875476325213729e+03
   26200           -7.67812898e+04            3.05270522e+00            9.96944777e-01            1.00305015e+00     6.897615272324541e+03     6.897992754261102e+03     6.898370454218533e+03     6.898747997873162e+03     6.899125574580399e+03     6.900635876836257e+03
   26400           -7.69481913e+04            2.23951831e+00            9.97749201e-01            1.00222818e+00     6.840307078755090e+03     6.840581831792439e+03     6.840856784238683e+03     6.841131582658682e+03     6.841406418416698e+03     6.842505758078306e+03
   26600           -7.68264384e+04            2.36361252e+00            9.97626613e-01            1.00235378e+00     6.895362370370569e+03     6.895652704895045e+03     6.895943279472475e+03     6.896233678212428e+03     6.896524115679721e+03     6.897685860988874e+03
   26800           -7.66047811e+04            1.58203205e+00            9.98403216e-01            1.00156723e+00     6.923729665099865e+03     6.923922083429932e+03     6.924114679402651e+03     6.924307136611510e+03     6.924499628529175e+03     6.925269591958484e+03
   27000           -7.69573862e+04            1.36688803e+00            9.98620379e-01            1.00135412e+00     6.887134370675289e+03     6.887300878875618e+03     6.887467606449926e+03     6.887634179278218e+03     6.887800783655539e+03     6.888467196635789e+03
   27200           -7.68580672e+04            1.00366133e+00            9.98981182e-01            1.00098847e+00     6.907814600268257e+03     6.907934965690151e+03     6.908055516186344e+03     6.908175920616288e+03     6.908296362113130e+03     6.908778123958004e+03
   27400           -7.68659299e+04            7.22919015e-01            9.99265855e-01            1.00071168e+00     6.870646567720107e+03     6.870732518016549e+03     6.870818639234901e+03     6.870904620318175e+03     6.870990639252948e+03     6.871334710785791e+03
   27600           -7.67720258e+04            3.17630928e+00            9.96818092e-01            1.00317065e+00     6.908131378057367e+03     6.908523466351146e+03     6.908915757001985e+03     6.909307891562285e+03     6.909700064425960e+03     6.911268750794551e+03
   27800           -7.66874031e+04            8.52872565e-01            9.99135859e-01            1.00084158e+00     6.891218172727663e+03     6.891319954921784e+03     6.891421936718954e+03     6.891523760008266e+03     6.891625624231190e+03     6.892033075734716e+03
   28000           -7.66173840e+04            2.40524602e+00            9.97598004e-01            1.00240850e+00     6.948244551759374e+03     6.948541783508874e+03     6.948839219404645e+03     6.949136491068258e+03     6.949433805899196e+03     6.950623060039018e+03
   28200           -7.67034253e+04            9.79534422e-01            9.99014136e-01            1.00097319e+00     6.912025034254927e+03     6.912142720376396e+03     6.912260556546643e+03     6.912378272445782e+03     6.912496020149853e+03     6.912967006044779e+03
   28400           -7.65588498e+04            1.21545053e+00            9.98771619e-01            1.00120249e+00     6.818322805623100e+03     6.818469248520749e+03     6.818615874309202e+03     6.818762356347332e+03     6.818908874784255e+03     6.819494943945409e+03
   28600           -7.66634740e+04            7.20257662e+00            9.92807663e-01            1.00721271e+00     6.865219564228802e+03     6.866115447771641e+03     6.867011560339445e+03     6.867907506679405e+03     6.868803488908126e+03     6.872387413587450e+03
   28800           -7.65510276e+04            1.09690670e+00            9.98889426e-01            1.00108321e+00     6.950116681696662e+03     6.950248650107563e+03     6.950380835667131e+03     6.950512863711748e+03     6.950644925930941e+03     6.951173170165220e+03
   29000           -7.66306049e+04            3.36846519e+00            9.96621876e-01            1.00335872e+00     6.937514227117432e+03     6.937930312871079e+03     6.938346576518286e+03     6.938762696778416e+03     6.939178854541874e+03     6.940843481966316e+03
   29200           -7.67356109e+04            1.36583212e+00            9.98621178e-01            1.00135280e+00     6.858848538384397e+03     6.859014992597940e+03     6.859181674599831e+03     6.859348188816532e+03     6.859514740238513e+03     6.860180942092627e+03
   29400           -7.66261219e+04            1.83640989e+00            9.98155421e-01            1.00182821e+00     6.966889872493357e+03     6.967113963049906e+03     6.967338298961327e+03     6.967562455600132e+03     6.967786651483215e+03     6.968683430473074e+03
   29600           -7.66638422e+04            4.07887847e+00            9.95916591e-01            1.00407427e+00     6.948316395397717e+03     6.948820960746102e+03     6.949325731456466e+03     6.949830341104831e+03     6.950334991430441e+03     6.952353587463164e+03
   29800           -7.66453773e+04            2.27804564e+00            9.97709689e-01            1.00226572e+00     6.918510333533844e+03     6.918790123423258e+03     6.919070119968020e+03     6.919349963523211e+03     6.919629841572424e+03     6.920749349611006e+03
   30000           -7.65520962e+04            2.18427274e+00            9.97808990e-01            1.00217750e+00     6.828762741988854e+03     6.829031661685328e+03     6.829300797801642e+03     6.829569781280943e+03     6.829838795738384e+03     6.830914849487914e+03
   30200           -7.67191151e+04            3.06738248e+00            9.96924646e-01            1.00305934e+00     6.895611530792654e+03     6.895990313341485e+03     6.896369268992733e+03     6.896748084750990e+03     6.897126937416575e+03     6.898642344040496e+03
   30400           -7.66931587e+04            4.29955921e+00            9.95690312e-01            1.00428929e+00     6.921112234078348e+03     6.921644516552122e+03     6.922177040016768e+03     6.922709379702911e+03     6.923241762928635e+03     6.925371291778922e+03
   30600           -7.68417707e+04            3.33792969e+00            9.96651884e-01            1.00332765e+00     6.848208692283640e+03     6.848620609779578e+03     6.849032763926284e+03     6.849444751471769e+03     6.849856773057067e+03     6.851504853830494e+03
   30800           -7.68276495e+04            9.17962753e-01            9.99072883e-01            1.00090879e+00     6.963587478832099e+03     6.963699201211567e+03     6.963811084315338e+03     6.963922844616907e+03     6.964034634610831e+03     6.964481790389563e+03
   31000           -7.71073836e+04            3.53990292e+00            9.96460909e-01            1.00354069e+00     6.868651977464743e+03     6.869089562620844e+03     6.869527326288812e+03     6.869964953455431e+03     6.870402613485171e+03     6.872153249505599e+03
   31200           -7.69853091e+04            4.06666870e-01            9.99579586e-01            1.00039291e+00     6.903126407706748e+03     6.903172674406168e+03     6.903219152886621e+03     6.903265464726745e+03     6.903311818337587e+03     6.903497228968427e+03
   31400           -7.67742963e+04            2.54173832e+00            9.97449867e-01            1.00253329e+00     6.839511776833227e+03     6.839824445041281e+03     6.840137351486197e+03     6.840450085173321e+03     6.840762856123972e+03     6.842013935414718e+03
   31600           -7.67959144e+04            1.80451511e+00            9.98185919e-01            1.00179491e+00     6.878917159655164e+03     6.879137994508438e+03     6.879359018474431e+03     6.879579894143704e+03     6.879800807302397e+03     6.880684454949628e+03
   31800           -7.68148752e+04            2.16242903e+00            9.97827946e-01            1.00215276e+00     6.994969926283721e+03     6.995236099276818e+03     6.995502494977382e+03     6.995768724479974e+03     6.996034992222089e+03     6.997100058160459e+03
   32000           -7.65884506e+04            6.16169094e-01            9.99365692e-01            1.00059801e+00     6.982164581812724e+03     6.982236274131189e+03     6.982308138623115e+03     6.982379869921102e+03     6.982451634020860e+03     6.982738686228996e+03
   32200           -7.67273161e+04            2.00715071e+00            9.97982441e-01            1.00199670e+00     6.889993667125066e+03     6.890238883282420e+03     6.890484262619388e+03     6.890729514975405e+03     6.890974799353516e+03     6.891955931581965e+03
   32400           -7.68765325e+04            3.30438684e+00            9.96693695e-01            1.00330243e+00     6.970656657389372e+03     6.971065335995093e+03     6.971474225440944e+03     6.971882950607965e+03     6.972291716404111e+03     6.973926775418850e+03
   32600           -7.68908763e+04            1.25700371e+00            9.98731432e-01            1.00124541e+00     6.948229764215343e+03     6.948381909820700e+03     6.948534230422231e+03     6.948686409547569e+03     6.948838625681979e+03     6.949447487148616e+03
   32800           -7.69249648e+04            8.82096813e-01            9.99106535e-01            1.00087071e+00     6.923997292159923e+03     6.924103032776081e+03     6.924208956378628e+03     6.924314735312082e+03     6.924420551346809e+03     6.924843810533694e+03
   33000           -7.67306335e+04            9.54672437e-01            9.99034844e-01            1.00094417e+00     6.954427190128278e+03     6.954541463846842e+03     6.954655951834608e+03     6.954770285659289e+03     6.954884652343356e+03     6.955342114558433e+03
   33200           -7.68395642e+04            6.89104792e-01            9.99302760e-01            1.00068096e+00     6.906765690767861e+03     6.906847484314232e+03     6.906929504298829e+03     6.907011357594182e+03     6.907093247934079e+03     6.907420805100297e+03
   33400           -7.66783226e+04            7.36577453e-01            9.99250276e-01            1.00072341e+00     6.918412051476291e+03     6.918499405088955e+03     6.918586975339509e+03     6.918674378468359e+03     6.918761822078479e+03     6.919111592680667e+03
   33600           -7.66049905e+04            3.25871351e+00            9.96727980e-01            1.00324530e+00     6.882096774589777e+03     6.882499634897272e+03     6.882902682133991e+03     6.883305576965167e+03     6.883708512565905e+03     6.885320250542032e+03
   33800           -7.67123567e+04            1.23121790e+00            9.98757509e-01            1.00121992e+00     6.857995471038025e+03     6.858145106675972e+03     6.858294959486481e+03     6.858444654308215e+03     6.858594384084901e+03     6.859193297131777e+03
   34000           -7.65507155e+04            2.75829295e+00            9.97232198e-01            1.00274872e+00     6.873305564855558e+03     6.873645443333161e+03     6.873985516775007e+03     6.874325448644052e+03     6.874665411487502e+03     6.876025258119445e+03
   34200           -7.67004290e+04            9.81008137e-01            9.99005860e-01            1.00096785e+00     6.878884203592019e+03     6.879001791960954e+03     6.879119574084400e+03     6.879237208479964e+03     6.879354878576110e+03     6.879825553560200e+03
   34400           -7.67370871e+04            1.45804014e+00            9.98530554e-01            1.00144660e+00     6.810462015659555e+03     6.810639442528475e+03     6.810817071796274e+03     6.810994546326830e+03     6.811172058085069e+03     6.811882100510582e+03
   34600           -7.66246712e+04            2.43038328e+00            9.97563724e-01            1.00242445e+00     6.951913739679808e+03     6.952213274064488e+03     6.952513051524966e+03     6.952812655624042e+03     6.953112295995431e+03     6.954310852311054e+03
   34800           -7.67062225e+04            2.92306724e+00            9.97067327e-01            1.00291339e+00     6.883859718868815e+03     6.884220057662654e+03     6.884580614755153e+03     6.884941014392243e+03     6.885301447759243e+03     6.886743176649671e+03
   35000           -7.66917087e+04            3.91157115e+00            9.96080259e-01            1.00390330e+00     6.915080431571925e+03     6.915563984868938e+03     6.916047757808759e+03     6.916531367753412e+03     6.917015014986236e+03     6.918949598400546e+03
   35200           -7.67884495e+04            5.18424863e-01            9.99463942e-01            1.00050077e+00     6.822939076946992e+03     6.822998362854071e+03     6.823057806931572e+03     6.823117133377987e+03     6.823176487045262e+03     6.823413897143530e+03
   35400           -7.67712952e+04            4.78277571e+00            9.95211042e-01            1.00477646e+00     6.921079369367258e+03     6.921672351757914e+03     6.922265586334704e+03     6.922858640708801e+03     6.923451732773192e+03     6.925824096179126e+03
   35600           -7.68822727e+04            2.23844113e+00            9.97747678e-01            1.00222449e+00     6.905884850441798e+03     6.906159186876408e+03     6.906433715398784e+03     6.906708086897837e+03     6.906982500208680e+03     6.908080149975562e+03
   35800           -7.67127345e+04            3.10302669e+00            9.96889366e-01            1.00309535e+00     6.779944967682833e+03     6.780327977139466e+03     6.780711224650756e+03     6.781094300245279e+03     6.781477412607114e+03     6.783009857531396e+03
   36000           -7.67979466e+04            1.41259243e+00            9.98576844e-01            1.00140200e+00     6.899125301213295e+03     6.899297409320382e+03     6.899469719862193e+03     6.899641882541425e+03     6.899814077875062e+03     6.900502854536830e+03
   36200           -7.67343753e+04            1.42295302e+00            9.98568063e-01            1.00141394e+00     6.953854125872114e+03     6.954026782796486e+03     6.954199609746668e+03     6.954372307188806e+03     6.954545035840762e+03     6.955235945809411e+03
   36400           -7.67262402e+04            1.47942050e+00            9.98501586e-01            1.00146037e+00     6.887056933290993e+03     6.887236357579597e+03     6.887416012897442e+03     6.887595493287067e+03     6.887775014841984e+03     6.888493096392976e+03
   36600           -7.67142458e+04            1.81195946e+00            9.98177582e-01            1.00180146e+00     6.953241367459052e+03     6.953462856235014e+03     6.953684526796591e+03     6.953906053054503e+03     6.954127616477373e+03     6.955013865495693e+03
   36800           -7.67665388e+04            2.31695937e+00            9.97674053e-01            1.00230792e+00     6.898708987329133e+03     6.898993829082012e+03     6.899278870246772e+03     6.899563753947536e+03     6.899848677832361e+03     6.900988368335590e+03
   37000           -7.69103598e+04            1.00355104e+00            9.98978981e-01            1.00098605e+00     6.894718906049497e+03     6.894839368273295e+03     6.894959996902664e+03     6.895080489955159e+03     6.895201019341665e+03     6.895683132633832e+03
   37200           -7.68852161e+04            9.70247010e-01            9.99014284e-01            1.00095475e+00     6.859462271440600e+03     6.859578402286300e+03     6.859694719484734e+03     6.859810890604014e+03     6.859927098529251e+03     6.860391925617902e+03
   37400           -7.68492444e+04            1.14838812e+00            9.98835447e-01            1.00113218e+00     6.921046501084435e+03     6.921184837354886e+03     6.921323410365716e+03     6.921461808851944e+03     6.921600246561169e+03     6.922153992037904e+03
   37600           -7.67968036e+04            8.95590021e-01            9.99089742e-01            1.00088090e+00     6.919453804144426e+03     6.919560885973940e+03     6.919668177872942e+03     6.919775306125982e+03     6.919882475229932e+03     6.920311146315439e+03
   37800           -7.66944338e+04            2.08124940e+00            9.97909984e-01            1.00207244e+00     6.910148082764189e+03     6.910403225458016e+03     6.910658546780203e+03     6.910913718268267e+03     6.911168931999251e+03     6.912189781234313e+03
   38000           -7.68515465e+04            2.13275018e+00            9.97852671e-01            1.00211810e+00     6.973002797344093e+03     6.973264776765149e+03     6.973526969499569e+03     6.973789019019457e+03     6.974051094293229e+03     6.975099391242365e+03
   38200           -7.69007500e+04            5.06632680e+00            9.94942745e-01            1.00507540e+00     6.902222350051385e+03     6.902851538486149e+03     6.903480925980331e+03     6.904110154707437e+03     6.904739424486328e+03     6.907256498921271e+03
   38400           -7.65946437e+04            1.73036106e+00            9.98258087e-01            1.00171877e+00     6.948359453304663e+03     6.948571237905417e+03     6.948783233680842e+03     6.948995070506240e+03     6.949206944436109e+03     6.950054435567553e+03
   38600           -7.67680833e+04            1.57268093e-01            9.99831875e-01            1.00014641e+00     6.841845609643278e+03     6.841860190448724e+03     6.841874976302515e+03     6.841889611746823e+03     6.841904280772485e+03     6.841962951901693e+03
   38800           -7.69723585e+04            8.16561050e-01            9.99169831e-01            1.00080293e+00     6.922379738739203e+03     6.922476938499822e+03     6.922574364438797e+03     6.922671620212424e+03     6.922768915559063e+03     6.923158092378924e+03
   39000           -7.70522478e+04            7.23697057e-01            9.99271497e-01            1.00071888e+00     6.854911137637819e+03     6.854997189306759e+03     6.855083439867844e+03     6.855169537518701e+03     6.855255672345529e+03     6.855600207053240e+03
   39200           -7.67764363e+04            1.69389917e+00            9.98289180e-01            1.00167692e+00     6.921961334116249e+03     6.922167783092500e+03     6.922374434838018e+03     6.922580921812784e+03     6.922787452963361e+03     6.923613571810472e+03
   39400           -7.67084022e+04            1.26337404e+00            9.98726692e-01            1.00125341e+00     6.963377816100297e+03     6.963530685196049e+03     6.963683793896707e+03     6.963836730925719e+03     6.963989704198945e+03     6.964601592297594e+03
   39600           -7.67744945e+04            8.09441829e-01            9.99173240e-01            1.00079210e+00     6.887103251298298e+03     6.887198684745626e+03     6.887294354431517e+03     6.887389854971541e+03     6.887485391062246e+03     6.887867530826195e+03
   39800           -7.69118030e+04            2.70107211e+00            9.97286136e-01            1.00268820e+00     6.844391305644674e+03     6.844724131774290e+03     6.845057189222885e+03     6.845390073814001e+03     6.845722997994756e+03     6.847054690344838e+03
   40000           -7.68993450e+04            1.05419206e+00            9.98940678e-01            1.00104905e+00     6.914489110863016e+03     6.914616318931512e+03     6.914743760756375e+03     6.914871046744780e+03     6.914998360097806e+03     6.915507609332596e+03
   40200           -7.68328210e+04            8.97864619e-01            9.99091659e-01            1.00088737e+00     6.879551927475456e+03     6.879660642494325e+03     6.879769598578740e+03     6.879878381115256e+03     6.879987200646563e+03     6.880422473817670e+03
   40400           -7.69407533e+04            2.81422819e+00            9.97176807e-01            1.00280520e+00     6.897088600644332e+03     6.897435533320623e+03     6.897782665313212e+03     6.898129639389272e+03     6.898476653550825e+03     6.899864706457317e+03
   40600           -7.67838333e+04            1.25244275e+00            9.98733415e-01            1.00123826e+00     6.949797711014910e+03     6.949949757871845e+03     6.950101985430117e+03     6.950254057963367e+03     6.950406175253584e+03     6.951014639492260e+03
   40800           -7.66154086e+04            2.13865974e+00            9.97855605e-01            1.00213289e+00     6.872440790501793e+03     6.872703412104657e+03     6.872966273025676e+03     6.873228972865444e+03     6.873491701974790e+03     6.874542613447787e+03
   41000           -7.66471104e+04            3.33430870e+00            9.96656681e-01            1.00332521e+00     6.855137913084519e+03     6.855550430717327e+03     6.855963265395911e+03     6.856375882619661e+03     6.856788540618899e+03     6.858439168153279e+03
   41200           -7.68384750e+04            1.29696879e+00            9.98688578e-01            1.00128248e+00     6.932144215549642e+03     6.932301990590457e+03     6.932459988177442e+03     6.932617829745949e+03     6.932775702797771e+03     6.933407190045902e+03
   41400           -7.67263887e+04            3.04115385e+00            9.96952730e-01            1.00303498e+00     6.860869969701031e+03     6.861245085300885e+03     6.861620381918697e+03     6.861995527263108e+03     6.862370714610570e+03     6.863871459520109e+03
   41600           -7.65723480e+04            1.14075573e+00            9.98852045e-01            1.00113354e+00     6.866202661357602e+03     6.866339943093582e+03     6.866477416191489e+03     6.866614738598017e+03     6.866752099098503e+03     6.867301536839404e+03
   41800           -7.66349149e+04            4.76046028e+00            9.95230660e-01            1.00475142e+00     6.960623778710179e+03     6.961213173001657e+03     6.961802807226611e+03     6.962392259700251e+03     6.962981755058294e+03     6.965339731406409e+03
   42000           -7.64859689e+04            2.54204150e+00            9.97448641e-01            1.00253267e+00     6.947060805086138e+03     6.947373964240288e+03     6.947687311240668e+03     6.948000525621394e+03     6.948313767285346e+03     6.949566729484554e+03
   42200           -7.64567737e+04            2.01549396e+00            9.97974678e-01            1.00200562e+00     6.945862509148356e+03     6.946109771087160e+03     6.946357245753875e+03     6.946604563865010e+03     6.946851917123388e+03     6.947841325098420e+03
   42400           -7.65321362e+04            2.00691152e+00            9.97976559e-01            1.00199031e+00     6.991178153472424e+03     6.991423706874989e+03     6.991669492238735e+03     6.991915105378976e+03     6.992160757369608e+03     6.993143361266792e+03
   42600           -7.66535209e+04            8.26956092e-01            9.99158124e-01            1.00081201e+00     6.906469266662675e+03     6.906567650485379e+03     6.906666302271533e+03     6.906764759726686e+03     6.906863258951998e+03     6.907257251241319e+03
   42800           -7.65316982e+04            6.67475577e-01            9.99325034e-01            1.00065997e+00     6.935952291309887e+03     6.936031007184085e+03     6.936109966836023e+03     6.936188745536137e+03     6.936267565261806e+03     6.936582839213725e+03
   43000           -7.66324149e+04            1.13010546e+00            9.98865975e-01            1.00112618e+00     6.879728587523322e+03     6.879865442719595e+03     6.880002556553916e+03     6.880139484029903e+03     6.880276451184403e+03     6.880824314845483e+03
   43200           -7.66857533e+04            3.03754542e+00            9.96953059e-01            1.00302807e+00     6.867306873856397e+03     6.867682468269866e+03     6.868058243778955e+03     6.868433890196009e+03     6.868809563830620e+03     6.870312253804845e+03
   43400           -7.67596586e+04            2.86567584e+00            9.97136092e-01            1.00286744e+00     6.896693662415367e+03     6.897047604234117e+03     6.897401767021903e+03     6.897755761667178e+03     6.898109796284440e+03     6.899525930153512e+03
   43600           -7.68755286e+04            2.04883051e+00            9.97940853e-01            1.00203847e+00     6.956297946660243e+03     6.956548932804547e+03     6.956800092158801e+03     6.957051124065397e+03     6.957302185002587e+03     6.958306423344930e+03
   43800           -7.69746292e+04            1.31936603e+00            9.98672320e-01            1.00131103e+00     6.888899783417614e+03     6.889060529034132e+03     6.889221497800193e+03     6.889382309870754e+03     6.889543153171670e+03     6.890186522925727e+03
   44000           -7.67613255e+04            1.98820793e+00            9.98007404e-01            1.00198380e+00     6.882554341760668e+03     6.882797970199762e+03     6.883041765507411e+03     6.883285428012732e+03     6.883529124985938e+03     6.884503908211208e+03
   44200           -7.67039851e+04            1.54147251e+00            9.98447737e-01            1.00153065e+00     6.876700932892920e+03     6.876889106622584e+03     6.877077495451837e+03     6.877265721636321e+03     6.877453986239204e+03     6.878207039585488e+03
   44400           -7.67611418e+04            1.01417851e+00            9.98971024e-01            1.00099935e+00     6.840530133126603e+03     6.840651850494699e+03     6.840773776304368e+03     6.840895547272480e+03     6.841017353887690e+03     6.841504574648777e+03
   44600           -7.68129184e+04            1.73758959e+00            9.98249124e-01            1.00172425e+00     6.835436857701363e+03     6.835648323423071e+03     6.835860042206104e+03     6.836071580963608e+03     6.836283156767336e+03     6.837129455833307e+03
   44800           -7.68525470e+04            4.58047135e-01            9.99532184e-01            1.00044827e+00     6.918526248587900e+03     6.918578731472436e+03     6.918631410085885e+03     6.918683941172889e+03     6.918736506515140e+03     6.918946764442379e+03
   45000           -7.69619903e+04            2.19106643e+00            9.97807095e-01            1.00218921e+00     6.897531144781566e+03     6.897800533702668e+03     6.898070127268871e+03     6.898339563804190e+03     6.898609038223586e+03     6.899686931665606e+03
   45200           -7.68228674e+04            2.56902304e+00            9.97419005e-01            1.00255698e+00     6.941425210711246e+03     6.941741300695097e+03     6.942057607251124e+03     6.942373755804000e+03     6.942689939128502e+03     6.943954667545759e+03
   45400           -7.68731170e+04            1.79662324e+00            9.98196189e-01            1.00178941e+00     6.894916766988873e+03     6.895137001050034e+03     6.895357469461975e+03     6.895577760910787e+03     6.895798093723562e+03     6.896679420458252e+03
   45600           -7.70510130e+04            2.37001552e+00            9.97621485e-01            1.00236147e+00     6.899901463490604e+03     6.900192342533609e+03     6.900483469539136e+03     6.900774418892863e+03     6.901065405811431e+03     6.902229348132256e+03
   45800           -7.69945851e+04            2.02156558e+00            9.97971238e-01            1.00201433e+00     6.878085235764438e+03     6.878334094668489e+03     6.878583143312529e+03     6.878832041497823e+03     6.879080978109333e+03     6.880076720454229e+03
   46000           -7.68891058e+04            1.73723489e+00            9.98256760e-01            1.00173121e+00     6.874090050671543e+03     6.874302177125823e+03     6.874514535845959e+03     6.874726728952078e+03     6.874938956560993e+03     6.875787862450442e+03
   46200           -7.68587688e+04            1.92850720e+00            9.98066733e-01            1.00192372e+00     6.838966477975404e+03     6.839202740014662e+03     6.839439211275098e+03     6.839675515417939e+03     6.839911862766936e+03     6.840857247558468e+03
   46400           -7.66280785e+04            3.18396869e+00            9.96801854e-01            1.00316968e+00     6.996378986067491e+03     6.996772914811631e+03     6.997167048660868e+03     6.997561024170545e+03     6.997955038347637e+03     6.999531090627784e+03
   46600           -7.65855230e+04            3.15205898e+00            9.96838390e-01            1.00314243e+00     6.892376330041868e+03     6.892765257393153e+03     6.893154367880177e+03     6.893543339883326e+03     6.893932344341684e+03     6.895488358641501e+03
   46800           -7.65268515e+04            4.70919014e+00            9.95298921e-01            1.00471731e+00     6.848238998306815e+03     6.848823040226193e+03     6.849407336377799e+03     6.849991450085879e+03     6.850575602306844e+03     6.852912206306873e+03
   47000           -7.64145588e+04            9.15457328e-01            9.99075309e-01            1.00090621e+00     6.889958673744431e+03     6.890068319089615e+03     6.890178228966191e+03     6.890287961405845e+03     6.890397725618926e+03     6.890836777493421e+03
   47200           -7.64941868e+04            1.03706761e+00            9.98952999e-01            1.00102711e+00     6.925023169499940e+03     6.925147981847852e+03     6.925273045697876e+03     6.925397923764469e+03     6.925522843134690e+03     6.926022516769438e+03
   47400           -7.66710816e+04            2.41963192e+00            9.97578281e-01            1.00241753e+00     6.894254775282956e+03     6.894552375203487e+03     6.894850154717179e+03     6.895147790392058e+03     6.895445463729974e+03     6.896636152176993e+03
   47600           -7.66109684e+04            2.10518879e+00            9.97890338e-01            1.00210069e+00     6.891978332805186e+03     6.892236145108586e+03     6.892494163637207e+03     6.892752015093410e+03     6.893009911108132e+03     6.894041489411077e+03
   47800           -7.67668524e+04            9.78859921e-01            9.99007648e-01            1.00096534e+00     6.939539981595211e+03     6.939657520768146e+03     6.939775245875635e+03     6.939892814098744e+03     6.940010426591847e+03     6.940480871588484e+03
   48000           -7.68856984e+04            1.08288048e+00            9.98909778e-01            1.00107552e+00     6.867105426473987e+03     6.867235258918624e+03     6.867365275421982e+03     6.867495141818921e+03     6.867625048464423e+03     6.868144670454861e+03
   48200           -7.66989088e+04            7.10519829e-01            9.99272122e-01            1.00069314e+00     6.886637191510674e+03     6.886720429397328e+03     6.886803897578421e+03     6.886887192248625e+03     6.886970527358280e+03     6.887303863205886e+03
   48400           -7.69762382e+04            3.00307180e+00            9.96980805e-01            1.00298683e+00     6.935678879482955e+03     6.936048698041015e+03     6.936418737173826e+03     6.936788598669959e+03     6.937158506855833e+03     6.938638134228712e+03
   48600           -7.67781545e+04            2.21905347e+00            9.97768797e-01            1.00220684e+00     6.865532541750662e+03     6.865805071853596e+03     6.866077821948817e+03     6.866350407033768e+03     6.866623030471006e+03     6.867713519191350e+03
   48800           -7.67928681e+04            3.09904651e+00            9.96889882e-01            1.00308789e+00     6.865540365295385e+03     6.865922584341423e+03     6.866304993103554e+03     6.866687258116854e+03     6.867069557061687e+03     6.868598748827989e+03
   49000           -7.68819705e+04            9.01183639e-01            9.99085727e-01            1.00088807e+00     6.946423768675216e+03     6.946531661119815e+03     6.946639772744237e+03     6.946747721062425e+03     6.946855706845854e+03     6.947287645016492e+03
   49200           -7.67207413e+04            1.27395697e+00            9.98719138e-01            1.00126703e+00     6.932374815092781e+03     6.932530079180571e+03     6.932685543134266e+03     6.932840845528417e+03     6.932996190431262e+03     6.933617565769742e+03
   49400           -7.68361816e+04            2.59844309e+00            9.97386937e-01            1.00258373e+00     6.905958000163758e+03     6.906276977714167e+03     6.906596184187983e+03     6.906915233381455e+03     6.907234312379270e+03     6.908510624594781e+03
   49600           -7.67985613e+04            1.04709605e+00            9.98940182e-01            1.00103435e+00     6.818353678039596e+03     6.818479111420836e+03     6.818604759716471e+03     6.818730242610443e+03     6.818855765786491e+03     6.819357853533385e+03
   49800           -7.66189245e+04            4.69532970e+00            9.95308444e-01            1.00469907e+00     6.947957213683259e+03     6.948539567304203e+03     6.949122118625481e+03     6.949704513583375e+03     6.950286948665778e+03     6.952616683648298e+03
   50000           -7.66395019e+04            2.69033535e+00            9.97298471e-01            1.00267907e+00     6.938605981868528e+03     6.938937671509661e+03     6.939269609417989e+03     6.939601370511040e+03     6.939933168003677e+03     6.941260354138825e+03
