#This file was generated on Sun Feb 23 13:08:09 2025
#Using the somd command, of the molecular library Sire version <2024.4.0.dev> 
#For more information visit: https://github.com/openbiosim/sire
#
#General information on simulation parameters:
#Simulation used 50000 moves, 1 cycles and 200 ps of simulation time
#Generating lambda is		 1.00000
#Alchemical array is		 (0.0, 0.125, 0.25, 0.375, 0.5, 1.0)
#Generating temperature is 	25°C
#Energy was saved every 200 steps 
#
#
#   [step]               [potential]                [gradient]      [forward Metropolis]     [backward Metropolis]                   [u_kl]
#   [step]               [potential]                [gradient]      [forward Metropolis]     [backward Metropolis]                   [u_kl]
     200           -1.27726234e+05            5.01426457e+00            9.94998286e-01            1.00502686e+00     1.002871760699104e+04     1.002938224085647e+04     1.003004721770377e+04     1.003071192817894e+04     1.003137670439641e+04     1.003403580180178e+04
     400           -1.24066395e+05            2.21271655e+00            9.97789730e-01            1.00221517e+00     9.969039063599528e+03     9.969349651290824e+03     9.969660506760376e+03     9.969971129813415e+03     9.970281820715707e+03     9.971524577831884e+03
     600           -1.21922509e+05            3.75564225e+00            9.96251401e-01            1.00376270e+00     9.986860942772631e+03     9.987363247603191e+03     9.987865875044301e+03     9.988368257534157e+03     9.988870698350342e+03     9.990880453928055e+03
     800           -1.20366309e+05            2.12770794e+00            9.97874554e-01            1.00212997e+00     9.947121866205793e+03     9.947418490514212e+03     9.947715461137986e+03     9.948012168111511e+03     9.948308937354996e+03     9.949496008504198e+03
    1000           -1.19242581e+05            2.39784126e+00            9.97605031e-01            1.00240072e+00     1.007285119970325e+04     1.007318799318890e+04     1.007352509660531e+04     1.007386195076657e+04     1.007419886991740e+04     1.007554654013156e+04
    1200           -1.18558315e+05            2.27254054e+00            9.97730040e-01            1.00227512e+00     9.988833567467926e+03     9.989152170778780e+03     9.989471129022468e+03     9.989789809676015e+03     9.990108559304492e+03     9.991383551141056e+03
    1400           -1.18274737e+05            2.68256549e+00            9.97321029e-01            1.00268617e+00     1.001528127309355e+04     1.001565440179803e+04     1.001602783276563e+04     1.001640103133223e+04     1.001677428618428e+04     1.001826729927502e+04
    1600           -1.17963838e+05            2.71944071e+00            9.97284254e-01            1.00272314e+00     9.996625892690587e+03     9.997005009247414e+03     9.997384441464048e+03     9.997763619869436e+03     9.998142864210155e+03     9.999659835729724e+03
    1800           -1.17959043e+05            2.27441273e+00            9.97728172e-01            1.00227700e+00     9.958874793912379e+03     9.959192086005618e+03     9.959509763767888e+03     9.959827163981436e+03     9.960144623080632e+03     9.961414452248886e+03
    2000           -1.17731587e+05            1.89084529e+00            9.98110941e-01            1.00189263e+00     1.011797200469441e+04     1.011823876750024e+04     1.011850578968787e+04     1.011877259225818e+04     1.011903945748355e+04     1.012010691027269e+04
    2200           -1.17623478e+05            2.38024159e+00            9.97622589e-01            1.00238308e+00     9.935979219188312e+03     9.936309252624642e+03     9.936639626330649e+03     9.936969738910064e+03     9.937299914375461e+03     9.938620609562611e+03
    2400           -1.17726363e+05            1.40441068e+00            9.98596575e-01            1.00140540e+00     9.996687856033259e+03     9.996901831187797e+03     9.997116139933087e+03     9.997330181707728e+03     9.997544292405071e+03     9.998400728776884e+03
    2600           -1.17780485e+05            1.91085368e+00            9.98090971e-01            1.00191268e+00     9.971333869979806e+03     9.971601876033805e+03     9.971870195029445e+03     9.972138269019739e+03     9.972406404159728e+03     9.973478938339651e+03
    2800           -1.17911485e+05            1.26212357e+00            9.98738673e-01            1.00126292e+00     9.982285240184270e+03     9.982472232681004e+03     9.982659586021842e+03     9.982846677583058e+03     9.983033825414808e+03     9.983782410645346e+03
    3000           -1.17949134e+05            1.29290733e+00            9.98707928e-01            1.00129374e+00     9.984229083831911e+03     9.984423733810601e+03     9.984618745666896e+03     9.984813494581093e+03     9.985008300973643e+03     9.985787518115374e+03
    3200           -1.17852780e+05            9.32404939e-01            9.99068030e-01            1.00093284e+00     9.954333960188775e+03     9.954481199325877e+03     9.954628750448783e+03     9.954776056478364e+03     9.954923423941127e+03     9.955512887693480e+03
    3400           -1.17770599e+05            1.11580428e+00            9.98884818e-01            1.00111643e+00     9.919999858511990e+03     9.920177423998033e+03     9.920355343350559e+03     9.920532999969024e+03     9.920710715937801e+03     9.921421573363612e+03
    3600           -1.17503248e+05            1.75012228e+00            9.98251408e-01            1.00175165e+00     1.001494245221154e+04     1.001519724195532e+04     1.001545238186470e+04     1.001570726247217e+04     1.001596220163224e+04     1.001698195105294e+04
    3800           -1.17919748e+05            1.63656937e+00            9.98364769e-01            1.00163791e+00     9.989978538164070e+03     9.990215995023558e+03     9.990453875743815e+03     9.990691472329398e+03     9.990929119185381e+03     9.991879700206691e+03
    4000           -1.17729985e+05            2.77059246e+00            9.97233242e-01            1.00277443e+00     9.915122839519356e+03     9.915501843166408e+03     9.915881241395691e+03     9.916260358815200e+03     9.916639533780686e+03     9.918156228042018e+03
    4200           -1.17565020e+05            4.12485056e+00            9.95883645e-01            1.00413337e+00     9.984596024145008e+03     9.985142697543713e+03     9.985689720002823e+03     9.986236500392752e+03     9.986783328174368e+03     9.988970632203729e+03
    4400           -1.17528663e+05            5.23268663e-01            9.99476868e-01            1.00052341e+00     9.999996459219450e+03     1.000008991257847e+04     1.000018366596933e+04     1.000027718640159e+04     1.000037076439877e+04     1.000074506957810e+04
    4600           -1.17671052e+05            1.98618545e+00            9.98015786e-01            1.00198816e+00     9.896856595198751e+03     9.897140185448638e+03     9.897424078669574e+03     9.897707736552538e+03     9.897991452744640e+03     9.899126310290530e+03
    4800           -1.17880032e+05            1.41321251e+00            9.98587786e-01            1.00141421e+00     9.979273159882639e+03     9.979482643005183e+03     9.979692414558074e+03     9.979901942802955e+03     9.980111539538124e+03     9.980949919193608e+03
    5000           -1.17687016e+05            2.19669132e+00            9.97805720e-01            1.00219911e+00     9.976674703014618e+03     9.976982787410987e+03     9.977291146930636e+03     9.977599280260540e+03     9.977907474760024e+03     9.979140246505429e+03
    5200           -1.17744715e+05            3.40121593e+00            9.96604562e-01            1.00340701e+00     1.003758453830576e+04     1.003804404189431e+04     1.003850390476477e+04     1.003896350140573e+04     1.003942315823169e+04     1.004126177815762e+04
    5400           -1.17645222e+05            2.71070655e+00            9.97292964e-01            1.00271438e+00     9.903864039460605e+03     9.904232546635425e+03     9.904601371348876e+03     9.904969939589198e+03     9.905338574903833e+03     9.906813110347061e+03
    5600           -1.17731881e+05            3.66519024e-01            9.99633548e-01            1.00036659e+00     9.925073441883795e+03     9.925153004311474e+03     9.925232844670210e+03     9.925312452189026e+03     9.925392124201204e+03     9.925710806518611e+03
    5800           -1.17839433e+05            1.03244822e+00            9.98968085e-01            1.00103298e+00     1.003704649361483e+04     1.003720843956697e+04     1.003737072002986e+04     1.003753274421629e+04     1.003769482988034e+04     1.003834316614585e+04
    6000           -1.17738535e+05            1.27361794e+00            9.98727193e-01            1.00127443e+00     1.002179170654872e+04     1.002198498671551e+04     1.002217856323118e+04     1.002237189448309e+04     1.002256529210605e+04     1.002333887766338e+04
    6200           -1.17725393e+05            7.54726256e-01            9.99245558e-01            1.00075501e+00     9.994174808564658e+03     9.994306045530537e+03     9.994437638737558e+03     9.994568956981477e+03     9.994700341688305e+03     9.995225874811955e+03
    6400           -1.17890922e+05            2.02731790e+00            9.97974736e-01            1.00202937e+00     9.989748471987356e+03     9.990028507537934e+03     9.990308836575850e+03     9.990588938298062e+03     9.990869095878694e+03     9.991989719770034e+03
    6600           -1.17639823e+05            7.83940575e-01            9.99216367e-01            1.00078425e+00     9.968177739146397e+03     9.968315432230280e+03     9.968453414697364e+03     9.968591166413780e+03     9.968728977781941e+03     9.969280216417483e+03
    6800           -1.17738439e+05            1.62837044e+00            9.98372955e-01            1.00162970e+00     1.000463573744019e+04     1.000487095593995e+04     1.000510653333032e+04     1.000534184519611e+04     1.000557721657483e+04     1.000651869570946e+04
    7000           -1.17723547e+05            8.77450342e-01            9.99122935e-01            1.00087784e+00     9.876006351858581e+03     9.876148073533386e+03     9.876290116731476e+03     9.876431918349788e+03     9.876573776247034e+03     9.877141200635489e+03
    7200           -1.18108234e+05            1.62856460e+00            9.98372761e-01            1.00162989e+00     1.005497856023802e+04     1.005521652337362e+04     1.005545478477574e+04     1.005569279958451e+04     1.005593088185235e+04     1.005688320346668e+04
    7400           -1.18165970e+05            6.88279774e-01            9.99311957e-01            1.00068852e+00     1.004818583582401e+04     1.004830693720372e+04     1.004842837580039e+04     1.004854954220319e+04     1.004867077994012e+04     1.004915572405623e+04
    7600           -1.18024737e+05            7.60974679e-03            9.99992390e-01            1.00000761e+00     1.002595717484205e+04     1.002599469364280e+04     1.002603254584016e+04     1.002607014667196e+04     1.002610780598486e+04     1.002625843712767e+04
    7800           -1.17929923e+05            3.54992354e+00            9.96456370e-01            1.00355623e+00     1.003840557384514e+04     1.003888295651987e+04     1.003936066397671e+04     1.003983812075221e+04     1.004031563888191e+04     1.004222570391869e+04
    8000           -1.17807855e+05            7.56671911e-01            9.99243614e-01            1.00075696e+00     9.940673978999919e+03     9.940806043798046e+03     9.940938421797684e+03     9.941070553610567e+03     9.941202747325966e+03     9.941731515652013e+03
    8200           -1.17586451e+05            6.16123274e-01            9.99384066e-01            1.00061631e+00     1.004206521866742e+04     1.004217416390965e+04     1.004228343281683e+04     1.004239245335601e+04     1.004250153374713e+04     1.004293784882684e+04
    8400           -1.17782699e+05            6.47933334e-01            9.99352277e-01            1.00064814e+00     1.008271961079639e+04     1.008283207369485e+04     1.008294489381419e+04     1.008305744426487e+04     1.008317005796148e+04     1.008362050512656e+04
    8600           -1.17812582e+05            1.63821371e+00            9.98363127e-01            1.00163956e+00     1.000557248368628e+04     1.000580851236528e+04     1.000604489524231e+04     1.000628101876754e+04     1.000651719927841e+04     1.000746191487054e+04
    8800           -1.17636796e+05            8.44085615e-01            9.99156271e-01            1.00084444e+00     1.004206910513980e+04     1.004221161948795e+04     1.004235444204036e+04     1.004249704325746e+04     1.004263969181621e+04     1.004321027849261e+04
    9000           -1.17632763e+05            2.67119848e+00            9.97332366e-01            1.00267477e+00     1.003492324916998e+04     1.003529217664437e+04     1.003566149079441e+04     1.003603052135602e+04     1.003639961456390e+04     1.003787597995783e+04
    9200           -1.17587815e+05            8.48944525e-02            9.99915109e-01            1.00008490e+00     9.993718205823208e+03     9.993758651158787e+03     9.993799401162029e+03     9.993839926131446e+03     9.993880501729427e+03     9.994042797635646e+03
    9400           -1.17761622e+05            7.30393623e-01            9.99269873e-01            1.00073066e+00     1.008390596097545e+04     1.008403338083983e+04     1.008416114025102e+04     1.008428864968225e+04     1.008441621512508e+04     1.008492646927471e+04
    9600           -1.17637774e+05            5.97722629e-01            9.99402456e-01            1.00059790e+00     1.008205202859347e+04     1.008216247851358e+04     1.008227328716002e+04     1.008238381815096e+04     1.008249441709457e+04     1.008293680559567e+04
    9800           -1.17885441e+05            8.27385878e-01            9.99172956e-01            1.00082773e+00     1.005303955005659e+04     1.005317868364516e+04     1.005331817336436e+04     1.005345738634160e+04     1.005359666712012e+04     1.005415378418364e+04
   10000           -1.17678030e+05            1.62607456e+00            9.98375247e-01            1.00162740e+00     9.973419245550218e+03     9.973657630977661e+03     9.973896365552131e+03     9.974134828996188e+03     9.974373358558905e+03     9.975327471567593e+03
   10200           -1.17893668e+05            2.33318147e+00            9.97669538e-01            1.00233591e+00     1.002153022229517e+04     1.002185144480161e+04     1.002217304752580e+04     1.002249438572274e+04     1.002281577566710e+04     1.002410132903902e+04
   10400           -1.17967459e+05            4.73422413e-01            9.99526690e-01            1.00047353e+00     9.935176095276769e+03     9.935266261248018e+03     9.935356783119892e+03     9.935447029876957e+03     9.935537343824501e+03     9.935898592372230e+03
   10600           -1.17749565e+05            2.84303030e+00            9.97161007e-01            1.00284708e+00     9.976875993545820e+03     9.977257777779641e+03     9.977639887640880e+03     9.978021737233170e+03     9.978403654035867e+03     9.979931314525915e+03
   10800           -1.17713415e+05            1.48782736e+00            9.98513279e-01            1.00148893e+00     1.001489076082493e+04     1.001510369335718e+04     1.001531693466123e+04     1.001552992898043e+04     1.001574298650859e+04     1.001659521219225e+04
   11000           -1.17755112e+05            6.97601070e-01            9.99302642e-01            1.00069784e+00     1.009773430379118e+04     1.009785620978568e+04     1.009797845971489e+04     1.009810043843211e+04     1.009822248547725e+04     1.009871066716332e+04
   11200           -1.17629927e+05            3.22124080e+00            9.96783942e-01            1.00322643e+00     9.989524558489748e+03     9.989953558413179e+03     9.990382798464239e+03     9.990811831837598e+03     9.991240925590007e+03     9.992957292690269e+03
   11400           -1.17966807e+05            1.20593559e+00            9.98794791e-01            1.00120666e+00     9.982679564030201e+03     9.982862700683685e+03     9.983046158394483e+03     9.983229381100420e+03     9.983412656003979e+03     9.984145747977756e+03
   11600           -1.17771079e+05            1.50458548e+00            9.98496546e-01            1.00150572e+00     1.002075237899387e+04     1.002096951345110e+04     1.002118695483416e+04     1.002140415817056e+04     1.002162141986883e+04     1.002249046074379e+04
   11800           -1.17908539e+05            7.73659479e-01            9.99226640e-01            1.00077396e+00     1.006723243210504e+04     1.006736198028810e+04     1.006749189638549e+04     1.006762152823207e+04     1.006775122909471e+04     1.006827002608438e+04
   12000           -1.17650166e+05            2.36847162e+00            9.97634331e-01            1.00237128e+00     1.001936909598341e+04     1.001969815327823e+04     1.002002754274797e+04     1.002035667424650e+04     1.002068586926799e+04     1.002200264255257e+04
   12200           -1.17558773e+05            1.48323732e+00            9.98517862e-01            1.00148434e+00     1.000561371105368e+04     1.000583240723730e+04     1.000605144639382e+04     1.000627023982283e+04     1.000648908515838e+04     1.000736445926308e+04
   12400           -1.17770192e+05            9.57212878e-02            9.99904283e-01            1.00009573e+00     1.005120305256435e+04     1.005124712803026e+04     1.005129151222016e+04     1.005133564760942e+04     1.005137984838160e+04     1.005155664419884e+04
   12600           -1.17613792e+05            5.71626548e-01            9.99428537e-01            1.00057179e+00     1.000047342121226e+04     1.000057835813060e+04     1.000068359909829e+04     1.000078859687127e+04     1.000089365733720e+04     1.000131389346214e+04
   12800           -1.17592874e+05            8.07221202e-01            9.99193105e-01            1.00080755e+00     1.004235395572182e+04     1.004248554814251e+04     1.004261740259449e+04     1.004274904784469e+04     1.004288074788537e+04     1.004340754004893e+04
   13000           -1.17699711e+05            2.81053029e-01            9.99718986e-01            1.00028109e+00     9.926294906532834e+03     9.926361284512543e+03     9.926427985816694e+03     9.926494432296538e+03     9.926560943685123e+03     9.926826980837412e+03
   13200           -1.17340042e+05            5.34950479e-01            9.99465193e-01            1.00053509e+00     9.918659890897448e+03     9.918755210086796e+03     9.918850871493336e+03     9.918946265826662e+03     9.919041726563686e+03     9.919423562229922e+03
   13400           -1.17785530e+05            2.32259525e+00            9.97680100e-01            1.00232529e+00     9.928805401148389e+03     9.929129563893912e+03     9.929454046579609e+03     9.929778283263373e+03     9.930102580105993e+03     9.931399759063599e+03
   13600           -1.17468743e+05            9.56426178e-01            9.99044031e-01            1.00095688e+00     1.001494989578723e+04     1.001510525204589e+04     1.001526091754231e+04     1.001541633848625e+04     1.001557182141857e+04     1.001619374704991e+04
   13800           -1.17494491e+05            1.48023129e+00            9.98520864e-01            1.00148133e+00     9.938670582496025e+03     9.938888441889811e+03     9.939106612307585e+03     9.939324553598046e+03     9.939542545878123e+03     9.940414509260219e+03
   14000           -1.17408414e+05            8.68009030e-01            9.99132368e-01            1.00086839e+00     9.986790765621914e+03     9.986937107357417e+03     9.987083810797280e+03     9.987230245471717e+03     9.987376741033022e+03     9.987962716444130e+03
   14200           -1.17385152e+05            1.00296695e+00            9.98997536e-01            1.00100347e+00     1.003826558807676e+04     1.003842514844016e+04     1.003858495613283e+04     1.003874455845910e+04     1.003890421740976e+04     1.003954284674277e+04
   14400           -1.17596212e+05            2.67864133e-01            9.99732172e-01            1.00026790e+00     9.964671300084845e+03     9.964747167806276e+03     9.964823382488252e+03     9.964899350322414e+03     9.964975368973228e+03     9.965279437861611e+03
   14600           -1.17428551e+05            2.16246407e+00            9.97839872e-01            1.00216480e+00     1.003113293408341e+04     1.003144208691547e+04     1.003175160836381e+04     1.003206087225702e+04     1.003237018751435e+04     1.003360744094528e+04
   14800           -1.17684823e+05            6.97790931e-01            9.99302452e-01            1.00069803e+00     9.983292417127888e+03     9.983410760822317e+03     9.983529461952687e+03     9.983647901694732e+03     9.983766398433150e+03     9.984240379738414e+03
   15000           -1.17791150e+05            1.58473185e+00            9.98416523e-01            1.00158599e+00     1.002066063298030e+04     1.002088277828095e+04     1.002110527863989e+04     1.002132751229963e+04     1.002154980829649e+04     1.002243898361267e+04
   15200           -1.17419092e+05            5.52848235e-02            9.99944717e-01            1.00005529e+00     1.002515606674064e+04     1.002519491042918e+04     1.002523409204260e+04     1.002527303481167e+04     1.002531202658765e+04     1.002546798643465e+04
   15400           -1.17559981e+05            1.02235176e+00            9.98978171e-01            1.00102287e+00     9.887668548878144e+03     9.887830834550914e+03     9.887993449068093e+03     9.888155798800175e+03     9.888318217483709e+03     9.888967886089276e+03
   15600           -1.17332707e+05            6.51988047e-01            9.99348224e-01            1.00065220e+00     9.998808506810523e+03     9.998930422266845e+03     9.999052651468313e+03     9.999174641252635e+03     9.999296688486702e+03     9.999784870162881e+03
   15800           -1.17264046e+05            2.46679782e-01            9.99753351e-01            1.00024671e+00     9.889392032015352e+03     9.889453319595821e+03     9.889514964092494e+03     9.889576337760060e+03     9.889637775040956e+03     9.889883518066559e+03
   16000           -1.17302245e+05            1.19248102e+00            9.98808230e-01            1.00119319e+00     9.997972583583889e+03     9.998153459072906e+03     9.998334638590368e+03     9.998515585256522e+03     9.998696588215611e+03     9.999420592847331e+03
   16200           -1.17294890e+05            8.79860685e-01            9.99120526e-01            1.00088025e+00     9.989706074325870e+03     9.989843629658240e+03     9.989981598862862e+03     9.990119277520100e+03     9.990257014458117e+03     9.990807954590366e+03
   16400           -1.17520732e+05            3.05826524e-01            9.99694220e-01            1.00030587e+00     1.007376720326963e+04     1.007383572673130e+04     1.007390456187410e+04     1.007397315628511e+04     1.007404180931451e+04     1.007431641535940e+04
   16600           -1.17524448e+05            2.88049239e+00            9.97123652e-01            1.00288464e+00     1.009629911844722e+04     1.009669666850556e+04     1.009709453959134e+04     1.009749215180459e+04     1.009788983160164e+04     1.009948054475605e+04
   16800           -1.17877107e+05            1.89857358e+00            9.98103228e-01            1.00190038e+00     9.924076991133648e+03     9.924344975015803e+03     9.924613278578263e+03     9.924881339754154e+03     9.925149458108672e+03     9.926221925083695e+03
   17000           -1.17519054e+05            6.29460027e-01            9.99370738e-01            1.00062966e+00     9.924898508830758e+03     9.925015465807799e+03     9.925132755921564e+03     9.925249786915721e+03     9.925366881764210e+03     9.925835254697660e+03
   17200           -1.17668190e+05            2.26301011e+00            9.97739549e-01            1.00226557e+00     1.000428716307085e+04     1.000460017034221e+04     1.000491352456216e+04     1.000522661538727e+04     1.000553976815074e+04     1.000679237323063e+04
   17400           -1.17644095e+05            5.73408852e-01            9.99426756e-01            1.00057357e+00     9.967918951846608e+03     9.968024281065113e+03     9.968129955380276e+03     9.968235368524980e+03     9.968340842899002e+03     9.968762733951398e+03
   17600           -1.17420299e+05            6.63012421e-01            9.99337207e-01            1.00066323e+00     1.004876174862002e+04     1.004887931477295e+04     1.004899722555060e+04     1.004911488224677e+04     1.004923259537944e+04     1.004970344213885e+04
   17800           -1.17319372e+05            2.02928100e+00            9.97972777e-01            1.00203134e+00     9.956754051054560e+03     9.957041435681564e+03     9.957329177905805e+03     9.957616663054945e+03     9.957904202769043e+03     9.959054354483525e+03
   18000           -1.17474961e+05            1.76986295e-01            9.99823029e-01            1.00017700e+00     9.904495430031389e+03     9.904545174947521e+03     9.904595207660761e+03     9.904645017435043e+03     9.904694882955635e+03     9.904894335879881e+03
   18200           -1.17437376e+05            1.85595003e+00            9.98145771e-01            1.00185767e+00     9.984060932852797e+03     9.984333524130539e+03     9.984606475239792e+03     9.984879148769707e+03     9.985151890082039e+03     9.986242847311281e+03
   18400           -1.17620059e+05            2.04686955e+00            9.97955224e-01            1.00204897e+00     1.004832435017872e+04     1.004860567942541e+04     1.004888735583875e+04     1.004916878630281e+04     1.004945026749203e+04     1.005057618480535e+04
   18600           -1.17485815e+05            9.81101662e-01            9.99019379e-01            1.00098158e+00     1.009876069220567e+04     1.009891736049869e+04     1.009907434832863e+04     1.009923107568507e+04     1.009938787233077e+04     1.010001505245587e+04
   18800           -1.17439768e+05            1.69662018e+00            9.98304818e-01            1.00169806e+00     9.961120957581346e+03     9.961366039134185e+03     9.961611452115189e+03     9.961856616187539e+03     9.962101838388331e+03     9.963082719195318e+03
   19000           -1.17416955e+05            8.79060030e-01            9.99121326e-01            1.00087945e+00     1.003588895425013e+04     1.003603152296102e+04     1.003617443766167e+04     1.003631710452380e+04     1.003645982369713e+04     1.003703069314413e+04
   19200           -1.17555133e+05            9.33447144e-01            9.99066988e-01            1.00093388e+00     1.004411513680191e+04     1.004426750299238e+04     1.004442017017651e+04     1.004457260439694e+04     1.004472509599534e+04     1.004533505518877e+04
   19400           -1.17400768e+05            1.08433840e+00            9.98916249e-01            1.00108493e+00     1.002745252640164e+04     1.002762101804769e+04     1.002778990150404e+04     1.002795849779279e+04     1.002812715721022e+04     1.002880178801879e+04
   19600           -1.17691813e+05           -7.39565382e-02            1.00007396e+00            9.99926046e-01     1.000667205093572e+04     1.000669765307061e+04     1.000672354642570e+04     1.000674921620299e+04     1.000677494038170e+04     1.000687782982768e+04
   19800           -1.17642419e+05            1.54156440e+00            9.98459623e-01            1.00154275e+00     1.005097392312326e+04     1.005119979049352e+04     1.005142596793790e+04     1.005165191463681e+04     1.005187791381127e+04     1.005278190449929e+04
   20000           -1.17624188e+05            9.08456135e-01            9.99091956e-01            1.00090887e+00     1.001263147201838e+04     1.001278474394243e+04     1.001293835419759e+04     1.001309170077705e+04     1.001324511287048e+04     1.001385875372258e+04
   20200           -1.17980160e+05            6.53974493e-01            9.99346239e-01            1.00065419e+00     9.989568623738995e+03     9.989691114520936e+03     9.989813939192323e+03     9.989936513620620e+03     9.990059145488854e+03     9.990549667238716e+03
   20400           -1.17770718e+05            9.84019304e-01            9.99016465e-01            1.00098450e+00     9.985699439105492e+03     9.985860739901316e+03     9.986022353964367e+03     9.986183705184238e+03     9.986345129485830e+03     9.986990819866167e+03
   20600           -1.17502467e+05            5.04727734e-01            9.99495400e-01            1.00050486e+00     9.979145590884373e+03     9.979247490891514e+03     9.979349690374916e+03     9.979451650743282e+03     9.979553673229226e+03     9.979961755574077e+03
   20800           -1.17790096e+05            5.87582523e-01            9.99412590e-01            1.00058776e+00     9.959713412272104e+03     9.959827586425348e+03     9.959942087356005e+03     9.960056329859895e+03     9.960170638145009e+03     9.960627864017913e+03
   21000           -1.17599287e+05            1.45614433e+00            9.98544915e-01            1.00145721e+00     9.990779634613396e+03     9.990997535148344e+03     9.991215735377604e+03     9.991433686463733e+03     9.991651706016301e+03     9.992523777419203e+03
   21200           -1.17808402e+05            1.41736387e+00            9.98583640e-01            1.00141837e+00     1.000681177777240e+04     1.000702718640979e+04     1.000724293630853e+04     1.000745841727491e+04     1.000767396605731e+04     1.000853615434223e+04
   21400           -1.17630882e+05            1.24466790e+00            9.98756106e-01            1.00124544e+00     1.011895027126189e+04     1.011914367655038e+04     1.011933737433452e+04     1.011953084612551e+04     1.011972437386592e+04     1.012049847646995e+04
   21600           -1.17779943e+05            1.87874599e+00            9.98123018e-01            1.00188051e+00     1.000978088514048e+04     1.001004088784402e+04     1.001030122996594e+04     1.001056132977319e+04     1.001082148013946e+04     1.001186207513845e+04
   21800           -1.17809095e+05            2.17843638e+00            9.97823935e-01            1.00218081e+00     1.004118744419724e+04     1.004149323059065e+04     1.004179940263218e+04     1.004210529542316e+04     1.004241124832594e+04     1.004363505245464e+04
   22000           -1.17749878e+05            1.89987899e+00            9.98101925e-01            1.00190168e+00     9.962536918591899e+03     9.962808519174399e+03     9.963080464731092e+03     9.963352145272873e+03     9.963623890052253e+03     9.964710861512607e+03
   22200           -1.17482138e+05            4.04308076e-01            9.99595774e-01            1.00040439e+00     9.996162966214806e+03     9.996242984939490e+03     9.996323349367194e+03     9.996403458586321e+03     9.996483624868231e+03     9.996804283521657e+03
   22400           -1.17503969e+05            1.05702784e+00            9.98943531e-01            1.00105759e+00     1.008504251405729e+04     1.008521220141220e+04     1.008538220245550e+04     1.008555195345995e+04     1.008572176927102e+04     1.008640102448475e+04
   22600           -1.17405651e+05            1.50338051e+00            9.98497749e-01            1.00150451e+00     9.949038470869011e+03     9.949260923486276e+03     9.949483763654380e+03     9.949706315156347e+03     9.949928932419654e+03     9.950819393970298e+03
   22800           -1.17383737e+05            8.08045683e-01            9.99192281e-01            1.00080837e+00     1.003725770615792e+04     1.003739463543320e+04     1.003753177392667e+04     1.003766873634865e+04     1.003780574893126e+04     1.003835379170459e+04
   23000           -1.17620576e+05            1.18425207e+00            9.98816449e-01            1.00118495e+00     1.001871495928688e+04     1.001889206715573e+04     1.001906946826400e+04     1.001924664705441e+04     1.001942387895698e+04     1.002013279862708e+04
   23200           -1.17345524e+05            3.63486772e+00            9.96371730e-01            1.00364148e+00     1.004290172494927e+04     1.004339351390474e+04     1.004388566795182e+04     1.004437755529223e+04     1.004486950141524e+04     1.004683727788121e+04
   23400           -1.17574700e+05            2.20166355e+00            9.97800758e-01            1.00220409e+00     1.004169148248400e+04     1.004200394538197e+04     1.004231677171677e+04     1.004262933595531e+04     1.004294195633297e+04     1.004419243018194e+04
   23600           -1.17464502e+05            1.37131214e+00            9.98629628e-01            1.00137225e+00     1.002260844384872e+04     1.002281346133512e+04     1.002301880284492e+04     1.002322390637698e+04     1.002342906297153e+04     1.002424968209435e+04
   23800           -1.17462848e+05            1.05555242e+00            9.98945004e-01            1.00105611e+00     9.973007898755486e+03     9.973178787725656e+03     9.973350021971706e+03     9.973520992787260e+03     9.973692026401051e+03     9.974376154046617e+03
   24000           -1.17548507e+05            9.35676633e-02            9.99906437e-01            1.00009357e+00     9.971794629616888e+03     9.971841832556271e+03     9.971889459613303e+03     9.971936770672435e+03     9.971984153187615e+03     9.972173676758344e+03
   24200           -1.17544744e+05            1.29374993e+00            9.98707087e-01            1.00129459e+00     1.005326966770671e+04     1.005346863440400e+04     1.005366791438345e+04     1.005386694376025e+04     1.005406603804373e+04     1.005486240838075e+04
   24400           -1.17372040e+05            2.60909471e-01            9.99739125e-01            1.00026094e+00     1.004208552933172e+04     1.004215400671747e+04     1.004222280111614e+04     1.004229135023085e+04     1.004235995934692e+04     1.004263438936212e+04
   24600           -1.17784316e+05            1.67416838e+00            9.98327232e-01            1.00167557e+00     9.946017861699020e+03     9.946261983538328e+03     9.946506430828820e+03     9.946750636126701e+03     9.946994896560753e+03     9.947971931422488e+03
   24800           -1.17741339e+05            6.09061641e-01            9.99391124e-01            1.00060925e+00     9.971845703643132e+03     9.971961925231684e+03     9.972078487382634e+03     9.972194788176857e+03     9.972311151988772e+03     9.972776600334410e+03
   25000           -1.17709628e+05            7.98837660e-01            9.99201481e-01            1.00079916e+00     9.955440574862927e+03     9.955575299218459e+03     9.955710315914319e+03     9.955845108125823e+03     9.955979954702902e+03     9.956519334542874e+03
   25200           -1.17649303e+05            3.11627663e+00            9.96888574e-01            1.00312114e+00     1.001756352240566e+04     1.001798955278059e+04     1.001841593814810e+04     1.001884204612930e+04     1.001926822308399e+04     1.002097292376231e+04
   25400           -1.17847687e+05            4.40139805e-01            9.99559957e-01            1.00044024e+00     9.976332829369878e+03     9.976424226111680e+03     9.976515874439230e+03     9.976607313498393e+03     9.976698810626587e+03     9.977064791883296e+03
   25600           -1.17801046e+05            1.22002189e+00            9.98780722e-01            1.00122077e+00     9.930765046354332e+03     9.930952436978579e+03     9.931140191956652e+03     9.931327684943866e+03     9.931515233026044e+03     9.932265419697756e+03
   25800           -1.17575821e+05            1.01681746e+00            9.98983699e-01            1.00101733e+00     1.002070061576960e+04     1.002086527414040e+04     1.002103033390975e+04     1.002119509196820e+04     1.002135991915246e+04     1.002201922253532e+04
   26000           -1.17406677e+05            1.87542921e+00            9.98126328e-01            1.00187719e+00     9.961067423523056e+03     9.961339054898410e+03     9.961611030581855e+03     9.961882740879160e+03     9.962154515556134e+03     9.963241607589212e+03
   26200           -1.17461859e+05            1.46483276e+00            9.98536240e-01            1.00146591e+00     9.876253264365614e+03     9.876471821145546e+03     9.876690669516069e+03     9.876909284336700e+03     9.877127960312351e+03     9.878002656259088e+03
   26400           -1.17533809e+05            1.91230424e+00            9.98089523e-01            1.00191413e+00     9.990913579199439e+03     9.991179220538485e+03     9.991445188977534e+03     9.991710907611832e+03     9.991976685990538e+03     9.993039792781638e+03
   26600           -1.17347850e+05            8.58228996e-01            9.99142139e-01            1.00085860e+00     9.970522702876327e+03     9.970664556860747e+03     9.970806759427653e+03     9.970948698021781e+03     9.971090699330791e+03     9.971658695785256e+03
   26800           -1.17746511e+05            8.74065912e-01            9.99126316e-01            1.00087445e+00     9.884140070994843e+03     9.884283644011253e+03     9.884427556762665e+03     9.884571215998914e+03     9.884714933421481e+03     9.885289795848119e+03
   27000           -1.17704438e+05            1.00394292e-01            9.99899611e-01            1.00010040e+00     9.944945002970862e+03     9.944994850716286e+03     9.945044970651759e+03     9.945094863133683e+03     9.945144818554098e+03     9.945344634137333e+03
   27200           -1.17321538e+05            8.25519939e-02            9.99917451e-01            1.00008256e+00     1.002284234758916e+04     1.002288549531913e+04     1.002292897105118e+04     1.002297218078078e+04     1.002301546067186e+04     1.002318857375455e+04
   27400           -1.17423402e+05            9.77920931e-01            9.99022557e-01            1.00097840e+00     1.010121642261334e+04     1.010137202755382e+04     1.010152798218497e+04     1.010168367041113e+04     1.010183942208558e+04     1.010246242155782e+04
   27600           -1.17327798e+05            1.28354224e-01            9.99871654e-01            1.00012836e+00     1.000708550632296e+04     1.000713668741457e+04     1.000718814072611e+04     1.000723936899136e+04     1.000729065858861e+04     1.000749581085426e+04
   27800           -1.17521942e+05            2.93660767e-01            9.99706382e-01            1.00029370e+00     9.976595465502485e+03     9.976672914685632e+03     9.976750692952150e+03     9.976828216491345e+03     9.976905802702207e+03     9.977216139901928e+03
   28000           -1.17241447e+05            6.12320081e-01            9.99387867e-01            1.00061251e+00     9.978941617027449e+03     9.979049573212054e+03     9.979157899153963e+03     9.979265948156868e+03     9.979374060701402e+03     9.979806504375356e+03
   28200           -1.17563412e+05            6.59120761e-01            9.99341096e-01            1.00065934e+00     1.003404778870824e+04     1.003416363256449e+04     1.003427986942583e+04     1.003439582091430e+04     1.003451183380589e+04     1.003497587890354e+04
   28400           -1.17854027e+05            3.37081256e+00            9.96634862e-01            1.00337650e+00     1.003998415822356e+04     1.004043661985710e+04     1.004088948882137e+04     1.004134204893696e+04     1.004179468185008e+04     1.004360520547660e+04
   28600           -1.17694644e+05            2.15733428e+00            9.97844991e-01            1.00215966e+00     1.002994979473680e+04     1.003025708725820e+04     1.003056474407667e+04     1.003087211652113e+04     1.003117955930039e+04     1.003240932386399e+04
   28800           -1.17699948e+05            1.07901858e+00            9.98921563e-01            1.00107960e+00     1.004023090606794e+04     1.004039619109284e+04     1.004056182576061e+04     1.004072720126242e+04     1.004089263488663e+04     1.004155436370532e+04
   29000           -1.17937822e+05            4.11238655e-01            9.99588846e-01            1.00041132e+00     9.978492255456849e+03     9.978575777694410e+03     9.978659606896634e+03     9.978743207991693e+03     9.978826860984229e+03     9.979161466511610e+03
   29200           -1.17954127e+05            1.38829583e+00            9.98612667e-01            1.00138926e+00     9.953220168797998e+03     9.953428807299855e+03     9.953637795940424e+03     9.953846526857151e+03     9.954055314929681e+03     9.954890461061366e+03
   29400           -1.17725173e+05            7.02569938e-01            9.99297677e-01            1.00070282e+00     1.007178752132955e+04     1.007190811482274e+04     1.007202908259256e+04     1.007214975564762e+04     1.007227050269012e+04     1.007275348405068e+04
   29600           -1.17714177e+05            8.35577856e-01            9.99164771e-01            1.00083593e+00     1.001735832486293e+04     1.001749619880420e+04     1.001763438145754e+04     1.001777230954858e+04     1.001791030648093e+04     1.001846228809893e+04
   29800           -1.17700618e+05            3.34095551e-01            9.99665960e-01            1.00033415e+00     1.006502898865529e+04     1.006509838704985e+04     1.006516813490807e+04     1.006523761371501e+04     1.006530715767842e+04     1.006558532670155e+04
   30000           -1.17873443e+05            1.98712738e+00            9.98014846e-01            1.00198910e+00     9.952181269601186e+03     9.952459140287594e+03     9.952737290691284e+03     9.953015207537990e+03     9.953293189111415e+03     9.954405108621644e+03
   30200           -1.17766455e+05            1.80190840e-01            9.99819825e-01            1.00018021e+00     9.935423892199426e+03     9.935476307086441e+03     9.935528957265140e+03     9.935581392974042e+03     9.935633895777790e+03     9.935843899356154e+03
   30400           -1.18011793e+05            5.26289841e-01            9.99473849e-01            1.00052643e+00     1.000522485116526e+04     1.000533200147919e+04     1.000543945717767e+04     1.000554668126668e+04     1.000565396000727e+04     1.000608306884929e+04
   30600           -1.18055033e+05            1.83763484e+00            9.98164053e-01            1.00183932e+00     9.958280217544518e+03     9.958544332976806e+03     9.958808767969920e+03     9.959072945891294e+03     9.959337191758623e+03     9.960394165972728e+03
   30800           -1.17928265e+05            1.48979672e+00            9.98511312e-01            1.00149091e+00     9.998479218534138e+03     9.998696840848288e+03     9.998914756784190e+03     9.999132434721441e+03     9.999350175841137e+03     1.000022113314813e+04
   31000           -1.17867549e+05            2.15351377e+00            9.97848803e-01            1.00215583e+00     9.976871618813188e+03     9.977173253740806e+03     9.977475178442921e+03     9.977776865386468e+03     9.978078616752806e+03     9.979285614692424e+03
   31200           -1.17396347e+05            1.01813640e+00            9.98982382e-01            1.00101865e+00     1.003830207477595e+04     1.003846586639001e+04     1.003862998030996e+04     1.003879383559167e+04     1.003895775841870e+04     1.003961344206146e+04
   31400           -1.17408466e+05            1.93678118e+00            9.98065093e-01            1.00193866e+00     9.974909209711195e+03     9.975182456838516e+03     9.975456024915618e+03     9.975729345467045e+03     9.976002726327424e+03     9.977096242943653e+03
   31600           -1.17291856e+05            4.61208990e-01            9.99538897e-01            1.00046132e+00     1.000608428664511e+04     1.000617686037224e+04     1.000626980636277e+04     1.000636247337492e+04     1.000645520429461e+04     1.000682612194412e+04
   31800           -1.17674671e+05            1.62471865e+00            9.98376600e-01            1.00162604e+00     9.980933657621428e+03     9.981172228669046e+03     9.981411111069223e+03     9.981649773008900e+03     9.981888480391248e+03     9.982843303161068e+03
   32000           -1.17582401e+05            1.12631944e+00            9.98874315e-01            1.00112695e+00     9.970112768141607e+03     9.970288881453642e+03     9.970465298516332e+03     9.970641474724851e+03     9.970817712505726e+03     9.971522656869847e+03
   32200           -1.17885197e+05            6.87456856e-01            9.99312779e-01            1.00068769e+00     1.005531051253853e+04     1.005542980893650e+04     1.005554945066710e+04     1.005566883157354e+04     1.005578827431007e+04     1.005626603608161e+04
   32400           -1.17563385e+05            3.20622742e-01            9.99679429e-01            1.00032067e+00     9.889731247107946e+03     9.889805179965801e+03     9.889879468876617e+03     9.889953485547376e+03     9.890027567306233e+03     9.890323887504521e+03
   32600           -1.17452967e+05            5.21433247e-01            9.99478703e-01            1.00052157e+00     1.000855107813757e+04     1.000864814622013e+04     1.000874553914452e+04     1.000884267821239e+04     1.000893988039681e+04     1.000932868265604e+04
   32800           -1.17442136e+05            6.64222084e-01            9.99335998e-01            1.00066444e+00     9.974225319588582e+03     9.974340534048699e+03     9.974456034346453e+03     9.974571281267006e+03     9.974686603996035e+03     9.975147888403490e+03
   33000           -1.17762341e+05            5.33367791e-01            9.99466774e-01            1.00053351e+00     1.000203130512137e+04     1.000213071393848e+04     1.000223047922673e+04     1.000232997193896e+04     1.000242952983771e+04     1.000282775455405e+04
   33200           -1.17596703e+05            9.47516994e-01            9.99052932e-01            1.00094797e+00     1.001389155845016e+04     1.001404360990254e+04     1.001419597374397e+04     1.001434810599461e+04     1.001450029080145e+04     1.001510902315274e+04
   33400           -1.17669633e+05            2.07800936e+00            9.97924148e-01            1.00208017e+00     1.005893059765639e+04     1.005923012460760e+04     1.005952992806806e+04     1.005982951359054e+04     1.006012915453226e+04     1.006132771140813e+04
   33600           -1.17779158e+05            2.17755176e+00            9.97824817e-01            1.00217992e+00     9.954551062656408e+03     9.954863220144265e+03     9.955175752873549e+03     9.955488000233969e+03     9.955800314912700e+03     9.957049567168991e+03
   33800           -1.17636451e+05            2.26677634e+00            9.97735791e-01            1.00226935e+00     1.003313926171801e+04     1.003346138050239e+04     1.003378379260085e+04     1.003410595475342e+04     1.003442818802937e+04     1.003571711434072e+04
   34000           -1.17832775e+05            1.29204846e+00            9.98708786e-01            1.00129288e+00     9.971271423918228e+03     9.971469992857097e+03     9.971668884397555e+03     9.971867520902340e+03     9.972066221896263e+03     9.972861019874297e+03
   34200           -1.17712497e+05            2.66107555e+00            9.97342462e-01            1.00266462e+00     9.915027430953458e+03     9.915400836815736e+03     9.915774629249116e+03     9.916148129811128e+03     9.916521698494580e+03     9.918015966035700e+03
   34400           -1.17594602e+05            1.03360737e+00            9.98966927e-01            1.00103414e+00     9.859548783763334e+03     9.859714123570207e+03     9.859879825607153e+03     9.860045250875355e+03     9.860210741817900e+03     9.860872699872467e+03
   34600           -1.17470075e+05            1.62773169e+00            9.98373592e-01            1.00162906e+00     1.001051044943657e+04     1.001074433047862e+04     1.001097858600638e+04     1.001121257758746e+04     1.001144662284636e+04     1.001238279625614e+04
   34800           -1.17567084e+05            1.87010816e+00            9.98131639e-01            1.00187186e+00     9.929747964504473e+03     9.930023623311994e+03     9.930299608717705e+03     9.930575331569791e+03     9.930851122339454e+03     9.931954280174434e+03
   35000           -1.17482970e+05            1.31871543e+00            9.98682154e-01            1.00131959e+00     9.902066295827863e+03     9.902263654380971e+03     9.902461374151559e+03     9.902658825579721e+03     9.902856337917967e+03     9.903646380008071e+03
   35200           -1.17639720e+05            3.11227219e+00            9.96892566e-01            1.00311712e+00     9.832379168309955e+03     9.832800753902808e+03     9.833222656401045e+03     9.833644309190908e+03     9.834066024785265e+03     9.835752881260574e+03
   35400           -1.17633851e+05            1.12607689e+00            9.98874557e-01            1.00112671e+00     9.992329129831658e+03     9.992510002547097e+03     9.992691208315626e+03     9.992872147841412e+03     9.993053155742136e+03     9.993777181652615e+03
   35600           -1.17558072e+05            2.02633087e+00            9.97975721e-01            1.00202839e+00     1.000034954035546e+04     1.000064006511595e+04     1.000093096530007e+04     1.000122158376218e+04     1.000151226718044e+04     1.000267499400542e+04
   35800           -1.17644772e+05            4.36939164e+00            9.95640140e-01            1.00437895e+00     9.920279483222901e+03     9.920868177186696e+03     9.921457163219000e+03     9.922045916807723e+03     9.922634729637548e+03     9.924989976052193e+03
   36000           -1.17600651e+05            7.39998112e-01            9.99260276e-01            1.00074027e+00     1.004389197023494e+04     1.004401651706000e+04     1.004414134502714e+04     1.004426594348320e+04     1.004439060326675e+04     1.004488923629858e+04
   36200           -1.17440979e+05            2.63782439e+00            9.97365652e-01            1.00264131e+00     9.988061099745661e+03     9.988427780004993e+03     9.988794800053092e+03     9.989161555523502e+03     9.989528376364329e+03     9.990995652983000e+03
   36400           -1.17501022e+05            4.22959181e+00            9.95779340e-01            1.00423855e+00     1.006041671648667e+04     1.006097628930243e+04     1.006153617556463e+04     1.006209581300329e+04     1.006265551351392e+04     1.006489431054116e+04
   36600           -1.17661902e+05            2.17283194e+00            9.97829527e-01            1.00217519e+00     9.890398287422278e+03     9.890703004713754e+03     9.891008029650926e+03     9.891312813076136e+03     9.891617656856315e+03     9.892837026290352e+03
   36800           -1.17399249e+05            3.12917747e-01            9.99687131e-01            1.00031297e+00     1.003089885030937e+04     1.003097552687471e+04     1.003105250639020e+04     1.003112924338173e+04     1.003120604374388e+04     1.003151323717840e+04
   37000           -1.17628718e+05            5.35623347e-01            9.99464520e-01            1.00053577e+00     1.002113571276031e+04     1.002124148633765e+04     1.002134757346599e+04     1.002145340400350e+04     1.002155930337708e+04     1.002198289399386e+04
   37200           -1.17867069e+05            1.12901240e+00            9.98871625e-01            1.00112965e+00     9.899830236215877e+03     9.900004658336502e+03     9.900179412366197e+03     9.900353930525105e+03     9.900528497580397e+03     9.901226758944917e+03
   37400           -1.17801208e+05            1.02610328e+00            9.98974423e-01            1.00102663e+00     1.000581877343349e+04     1.000598032783302e+04     1.000614219447224e+04     1.000630382165557e+04     1.000646550653340e+04     1.000711223963331e+04
   37600           -1.17791170e+05            6.38865145e-01            9.99361339e-01            1.00063907e+00     1.004022854225247e+04     1.004034769018627e+04     1.004046719914637e+04     1.004058644482402e+04     1.004070574794684e+04     1.004118295364120e+04
   37800           -1.17648251e+05            8.40460801e-01            9.99159892e-01            1.00084081e+00     9.979030687260802e+03     9.979175012733142e+03     9.979319670425199e+03     9.979464058287656e+03     9.979608517167495e+03     9.980186347074186e+03
   38000           -1.17420188e+05            7.95116795e-01            9.99205199e-01            1.00079543e+00     9.970559720362789e+03     9.970692727557078e+03     9.970826039783442e+03     9.970959119744977e+03     9.971092255770382e+03     9.971624791177972e+03
   38200           -1.17529430e+05            7.94102710e-01            9.99206213e-01            1.00079442e+00     9.951403368689447e+03     9.951535828152319e+03     9.951668584089521e+03     9.951801093123837e+03     9.951933669949532e+03     9.952463971209616e+03
   38400           -1.17572271e+05            6.36765657e-01            9.99363437e-01            1.00063697e+00     9.983014548423209e+03     9.983129246505145e+03     9.983244225908380e+03     9.983358986070933e+03     9.983473800509448e+03     9.983933052595688e+03
   38600           -1.17607995e+05            1.61866620e+00            9.98382643e-01            1.00161998e+00     1.004612846117380e+04     1.004636624636580e+04     1.004660430355070e+04     1.004684213854059e+04     1.004708003328198e+04     1.004803160539016e+04
   38800           -1.17372271e+05            1.11766597e+00            9.98882958e-01            1.00111829e+00     9.978799009640548e+03     9.978974283472964e+03     9.979149886935371e+03     9.979325232351155e+03     9.979500642193467e+03     9.980202274746383e+03
   39000           -1.17501600e+05            4.23905573e-01            9.99576184e-01            1.00042400e+00     9.974469277052165e+03     9.974551155529673e+03     9.974633368909221e+03     9.974715319111794e+03     9.974797334786714e+03     9.975125392521262e+03
   39200           -1.17312533e+05           -5.16474874e-02            1.00005165e+00            9.99948354e-01     9.970876335485094e+03     9.970898598579301e+03     9.970921227222128e+03     9.970943598423859e+03     9.970966021953471e+03     9.971055708421847e+03
   39400           -1.17450774e+05            1.55043634e+00            9.98450765e-01            1.00155164e+00     1.000593684370729e+04     1.000616319320958e+04     1.000638994191199e+04     1.000661640370070e+04     1.000684292571472e+04     1.000774900772216e+04
   39600           -1.17595712e+05            2.59993397e-01            9.99740040e-01            1.00026003e+00     1.002581097249842e+04     1.002587980231397e+04     1.002594896032874e+04     1.002601786703522e+04     1.002608683416332e+04     1.002636269582823e+04
   39800           -1.17503132e+05            5.00999951e-01            9.99499126e-01            1.00050113e+00     1.010745670038537e+04     1.010755169866394e+04     1.010764702609159e+04     1.010774210254583e+04     1.010783723850701e+04     1.010821777662864e+04
   40000           -1.17891648e+05            7.55305967e-01            9.99244979e-01            1.00075559e+00     9.946211268763594e+03     9.946340077229310e+03     9.946469190120741e+03     9.946598071434071e+03     9.946727007805215e+03     9.947242746846836e+03
   40200           -1.17731407e+05            5.87045377e-02            9.99941297e-01            1.00005871e+00     9.908766255899351e+03     9.908813188036656e+03     9.908860434262611e+03     9.908907423494509e+03     9.908954481771530e+03     9.909142707643710e+03
   40400           -1.17732129e+05            5.21752762e-01            9.99478383e-01            1.00052189e+00     9.989334772937107e+03     9.989439609332936e+03     9.989544814748280e+03     9.989649742884663e+03     9.989754735167917e+03     9.990174697398726e+03
   40600           -1.17575843e+05            1.43071454e+00            9.98570308e-01            1.00143174e+00     9.976876927488567e+03     9.977091258814802e+03     9.977305977772525e+03     9.977520400893640e+03     9.977734894143459e+03     9.978592860798350e+03
   40800           -1.17607782e+05            2.55720051e+00            9.97446066e-01            1.00256047e+00     9.948253179088450e+03     9.948607877760571e+03     9.948962872435079e+03     9.949317640634023e+03     9.949672463530844e+03     9.951091747973238e+03
   41000           -1.17419068e+05            5.13478876e-01            9.99486653e-01            1.00051361e+00     1.005238552239070e+04     1.005248432262339e+04     1.005258347256765e+04     1.005268235748500e+04     1.005278130493745e+04     1.005317708748420e+04
   41200           -1.17443789e+05            3.47335918e-01            9.99652724e-01            1.00034740e+00     1.004463921409729e+04     1.004471665637322e+04     1.004479451064558e+04     1.004487206976021e+04     1.004494969111919e+04     1.004526016814109e+04
   41400           -1.17536112e+05            1.29288855e+00            9.98707947e-01            1.00129372e+00     9.925136494794204e+03     9.925333583724960e+03     9.925531025557395e+03     9.925728203021232e+03     9.925925441106159e+03     9.926714387418115e+03
   41600           -1.17587865e+05            2.99962583e+00            9.97004869e-01            1.00300413e+00     9.937254629260695e+03     9.937663796986055e+03     9.938073351463046e+03     9.938482618715036e+03     9.938891950887897e+03     9.940529272515098e+03
   41800           -1.17594484e+05            6.49082913e-01            9.99351128e-01            1.00064929e+00     9.966853462536073e+03     9.966968987277913e+03     9.967084821968423e+03     9.967200414754789e+03     9.967316067536469e+03     9.967778672536864e+03
   42000           -1.17626492e+05            1.51998139e+00            9.98481173e-01            1.00152114e+00     1.000142076457774e+04     1.000164785090027e+04     1.000187527413807e+04     1.000210243667894e+04     1.000232966296400e+04     1.000323856135026e+04
   42200           -1.17459921e+05            1.87382426e+00            9.98127930e-01            1.00187558e+00     1.003145530513418e+04     1.003171918220238e+04     1.003198334451380e+04     1.003224729454434e+04     1.003251129330380e+04     1.003356728147342e+04
   42400           -1.17522672e+05            1.82814104e+00            9.98173529e-01            1.00182981e+00     1.002449940566983e+04     1.002476193466721e+04     1.002502480480050e+04     1.002528741028070e+04     1.002555008092666e+04     1.002660075618350e+04
   42600           -1.17335365e+05            1.29852161e+00            9.98702321e-01            1.00129937e+00     1.006476770373927e+04     1.006496627346016e+04     1.006516512812259e+04     1.006536374510756e+04     1.006556242760166e+04     1.006635715146405e+04
   42800           -1.17334747e+05            5.56258638e-01            9.99443896e-01            1.00055641e+00     9.935353877057887e+03     9.935457779166691e+03     9.935561971680247e+03     9.935665941609084e+03     9.935769965019532e+03     9.936186052981177e+03
   43000           -1.17626508e+05           -1.76979539e-03            1.00000177e+00            9.99998230e-01     1.001013569782248e+04     1.001017476098922e+04     1.001021420796109e+04     1.001025337895915e+04     1.001029260829772e+04     1.001044951877295e+04
   43200           -1.17707541e+05            1.63454419e+00            9.98366791e-01            1.00163588e+00     9.957200480939973e+03     9.957437830795168e+03     9.957675455388322e+03     9.957912858869064e+03     9.958150320560391e+03     9.959100160180811e+03
   43400           -1.17554659e+05            2.13655272e+00            9.97865728e-01            1.00213884e+00     1.014480728299399e+04     1.014510780826680e+04     1.014540868967024e+04     1.014570931139485e+04     1.014600998962709e+04     1.014721269626020e+04
   43600           -1.17763743e+05            6.75129382e-01            9.99325098e-01            1.00067536e+00     9.932055562520982e+03     9.932170970659196e+03     9.932286761601912e+03     9.932402281121629e+03     9.932517856137967e+03     9.932980149754951e+03
   43800           -1.17917539e+05            1.69654667e+00            9.98304892e-01            1.00169799e+00     1.000688232925760e+04     1.000712794209956e+04     1.000737388312879e+04     1.000761956887297e+04     1.000786531725727e+04     1.000884830525695e+04
   44000           -1.17815045e+05            1.39348910e+00            9.98607481e-01            1.00139446e+00     9.962664825180376e+03     9.962872153585504e+03     9.963079795230975e+03     9.963287198680469e+03     9.963494658765281e+03     9.964324492350186e+03
   44200           -1.17636031e+05            6.65666297e-01            9.99334555e-01            1.00066589e+00     1.000049648231914e+04     1.000061328006273e+04     1.000073046589483e+04     1.000084737246965e+04     1.000096433812724e+04     1.000143219393535e+04
   44400           -1.17565070e+05            1.14690545e+00            9.98853752e-01            1.00114756e+00     1.008574155700876e+04     1.008591462300799e+04     1.008608798192403e+04     1.008626110877659e+04     1.008643429473136e+04     1.008712703245395e+04
   44600           -1.17854097e+05            7.39097544e-01            9.99261176e-01            1.00073937e+00     9.953675235809986e+03     9.953803196362251e+03     9.953931513054100e+03     9.954059550385988e+03     9.954187657771156e+03     9.954700079732325e+03
   44800           -1.17929628e+05            2.08593312e+00            9.97916241e-01            1.00208811e+00     9.962791734400926e+03     9.963082284715732e+03     9.963373216481930e+03     9.963663875766941e+03     9.963954591222231e+03     9.965117448043537e+03
   45000           -1.17781663e+05            2.59188980e+00            9.97411466e-01            1.00259525e+00     1.000893866771511e+04     1.000930044899674e+04     1.000966255157464e+04     1.001002441136909e+04     1.001038632820099e+04     1.001183398868686e+04
   45200           -1.17845006e+05            6.95132364e-01            9.99305109e-01            1.00069537e+00     9.917869748912051e+03     9.917990510497206e+03     9.918111544367994e+03     9.918232362140325e+03     9.918353235123737e+03     9.918836721335423e+03
   45400           -1.17877578e+05            2.03148447e+00            9.97970578e-01            1.00203355e+00     1.000565296214946e+04     1.000593534316707e+04     1.000621806254267e+04     1.000650051966485e+04     1.000678304089916e+04     1.000791311964887e+04
   45600           -1.17934947e+05            1.25203284e+00            9.98748751e-01            1.00125282e+00     1.004299827233013e+04     1.004318861488752e+04     1.004337927443393e+04     1.004356969923304e+04     1.004376017713048e+04     1.004452208193084e+04
   45800           -1.17861518e+05            1.85211608e+00            9.98149598e-01            1.00185383e+00     9.996629540606475e+03     9.996893770787032e+03     9.997158382568332e+03     9.997422718372256e+03     9.997687113605089e+03     9.998744686603701e+03
   46000           -1.17894977e+05            1.35367327e+00            9.98647243e-01            1.00135459e+00     1.006484335108936e+04     1.006504523019812e+04     1.006524731851612e+04     1.006544921680594e+04     1.006565117407388e+04     1.006645899705840e+04
   46200           -1.17916557e+05            1.74313887e+00            9.98258380e-01            1.00174466e+00     9.974806190347210e+03     9.975060191609064e+03     9.975314545754678e+03     9.975568628439070e+03     9.975822776484916e+03     9.976839362622624e+03
   46400           -1.17716923e+05            8.13358663e-02            9.99918667e-01            1.00008134e+00     9.942625587579851e+03     9.942673670015223e+03     9.942722000828311e+03     9.942770115344119e+03     9.942818293426013e+03     9.943010999272175e+03
   46600           -1.17829090e+05            2.51107304e-01            9.99748924e-01            1.00025114e+00     1.000586785048389e+04     1.000593317703686e+04     1.000599886158135e+04     1.000606428302345e+04     1.000612976244669e+04     1.000639167440949e+04
   46800           -1.17677548e+05            3.15752780e-01            9.99684297e-01            1.00031580e+00     1.007347998910944e+04     1.007355550543762e+04     1.007363139008337e+04     1.007370698535974e+04     1.007378265293859e+04     1.007408531676775e+04
   47000           -1.17602718e+05            1.18678815e+00            9.98813916e-01            1.00118749e+00     1.005351823180464e+04     1.005370307749024e+04     1.005388817263783e+04     1.005407305318746e+04     1.005425799603427e+04     1.005499776026390e+04
   47200           -1.17461047e+05            9.78576810e-01            9.99021902e-01            1.00097906e+00     1.002497684233878e+04     1.002513417703752e+04     1.002529180847643e+04     1.002544921366156e+04     1.002560667305619e+04     1.002623650377360e+04
   47400           -1.17832949e+05            1.00692854e+00            9.98993578e-01            1.00100744e+00     9.999953424567168e+03     1.000011868086751e+04     1.000028431949145e+04     1.000044966251718e+04     1.000061507745597e+04     1.000127673034477e+04
   47600           -1.17646377e+05            7.44555160e-01            9.99255722e-01            1.00074483e+00     1.002843366659741e+04     1.002856269569463e+04     1.002869200090084e+04     1.002882108161597e+04     1.002895022210464e+04     1.002946677761186e+04
   47800           -1.17450539e+05            2.07072800e+00            9.97931414e-01            1.00207287e+00     9.942498336817656e+03     9.942793269581383e+03     9.943088475783727e+03     9.943383454983395e+03     9.943678496345259e+03     9.944858655872862e+03
   48000           -1.17661686e+05            5.04550323e-01            9.99495577e-01            1.00050468e+00     9.949775734377648e+03     9.949867443005751e+03     9.949959533124080e+03     9.950051353318137e+03     9.950143228448746e+03     9.950510722519843e+03
   48200           -1.17658794e+05            5.39634977e-02            9.99946038e-01            1.00005396e+00     9.967082928995082e+03     9.967122696867547e+03     9.967162770892213e+03     9.967202587902499e+03     9.967242475853482e+03     9.967402022711882e+03
   48400           -1.17713222e+05            1.16662896e+00            9.98834051e-01            1.00116731e+00     1.004764808209200e+04     1.004782615754897e+04     1.004800453226416e+04     1.004818267407165e+04     1.004836087421146e+04     1.004907366633091e+04
   48600           -1.17916448e+05            1.67958380e+00            9.98321826e-01            1.00168100e+00     9.988248527610649e+03     9.988495386750528e+03     9.988742615940433e+03     9.988989565582078e+03     9.989236580262072e+03     9.990224632913492e+03
   48800           -1.17699306e+05            6.40606191e-02            9.99935941e-01            1.00006406e+00     9.994984627923364e+03     9.995020193537095e+03     9.995056102673338e+03     9.995091751251408e+03     9.995127461061878e+03     9.995270294200393e+03
   49000           -1.17535346e+05            1.46025369e+00            9.98540812e-01            1.00146132e+00     1.003452538268624e+04     1.003474089327418e+04     1.003495669815894e+04     1.003517228401509e+04     1.003538792004307e+04     1.003625045739991e+04
   49200           -1.17496660e+05            1.77617263e+00            9.98225404e-01            1.00177775e+00     9.959261478516297e+03     9.959516805223377e+03     9.959772518779351e+03     9.960027951734921e+03     9.960283444807716e+03     9.961305411099132e+03
   49400           -1.17775397e+05            8.11359242e-01            9.99188970e-01            1.00081169e+00     1.017396073079107e+04     1.017410088232386e+04     1.017424138823390e+04     1.017438162547837e+04     1.017452192599376e+04     1.017508312119645e+04
   49600           -1.17646775e+05            5.81387259e-01            9.99418782e-01            1.00058156e+00     1.006286497327214e+04     1.006297567559902e+04     1.006308674376725e+04     1.006319753005411e+04     1.006330838432802e+04     1.006375179538390e+04
   49800           -1.17845146e+05            3.75633471e-01            9.99624437e-01            1.00037570e+00     9.965892625625047e+03     9.965971796115622e+03     9.966051318077107e+03     9.966130589103588e+03     9.966209912794642e+03     9.966527199964237e+03
   50000           -1.17878095e+05            7.84854357e-01            9.99215454e-01            1.00078516e+00     9.994191728434029e+03     9.994320605923822e+03     9.994449824680940e+03     9.994578768358466e+03     9.994707784051729e+03     9.995223839669427e+03

