#This file was generated on Sun Sep  3 12:00:41 2023
#Using the somd command, of the molecular library Sire version <2023.1.3> 
#For more information visit: https://github.com/openbiosim/sire
#
#General information on simulation parameters:
#Simulation used 25000 moves, 2 cycles and 200 ps of simulation time
#Generating lambda is		 0.25000
#Alchemical array is		 (0.0, 0.125, 0.25, 0.375, 0.5, 1.0)
#Generating temperature is 	25°C
#Energy was saved every 200 steps 
#
#
#   [step]      [potential kcal/mol]       [gradient kcal/mol]      [forward Metropolis]     [backward Metropolis]                   [u_kl]
     200           -1.27679117e+05            3.68924378e+00            9.96763032e-01            1.00414484e+00     9.896797077492009e+03     9.897186820568126e+03     9.897576934088553e+03     9.897966787902335e+03     9.898356693643555e+03     9.899916309795102e+03
     400           -1.23977533e+05            3.03103750e+00            9.97420867e-01            1.00348567e+00     9.970089894532457e+03     9.970397797793254e+03     9.970706075031980e+03     9.971014082037884e+03     9.971322146828727e+03     9.972554399124998e+03
     600           -1.21309031e+05            1.89657446e+00            9.98543354e-01            1.00233817e+00     9.968523692765291e+03     9.968690358441205e+03     9.968857349825183e+03     9.969024096823568e+03     9.969190900452419e+03     9.969858108139546e+03
     800           -1.19989674e+05            2.10350077e+00            9.98387104e-01            1.00259617e+00     1.000854536610952e+04     1.000873310604462e+04     1.000892118505759e+04     1.000910902347570e+04     1.000929691169552e+04     1.001004845728151e+04
    1000           -1.19137961e+05            5.69177636e+00            9.94786533e-01            1.00617544e+00     9.947578280400265e+03     9.948221296327793e+03     9.948864719630854e+03     9.949507853964415e+03     9.950151047745177e+03     9.952723815090088e+03
    1200           -1.18341268e+05            2.45407585e+00            9.97990551e-01            1.00290088e+00     9.919118233464806e+03     9.919354427935124e+03     9.919590976298807e+03     9.919827257817202e+03     9.920063601349564e+03     9.921008969234323e+03
    1400           -1.17995157e+05            3.00677357e+00            9.97494267e-01            1.00351082e+00     1.000698379388003e+04     1.000728581331810e+04     1.000758820762422e+04     1.000789031982458e+04     1.000819249743195e+04     1.000940120098387e+04
    1600           -1.17893661e+05            1.54409570e+00            9.98907240e-01            1.00199683e+00     9.885915624286956e+03     9.886037749744672e+03     9.886160171416848e+03     9.886282364596866e+03     9.886404613667321e+03     9.886893603047685e+03
    1800           -1.17535672e+05            3.11412291e+00            9.97329650e-01            1.00356065e+00     9.888692820019367e+03     9.889016198853997e+03     9.889339863248473e+03     9.889663293784279e+03     9.889986787463695e+03     9.891280754908024e+03
    2000           -1.17423438e+05            4.14430301e+00            9.96317388e-01            1.00460979e+00     9.917344122583256e+03     9.917793427746481e+03     9.918243071685880e+03     9.918692464396489e+03     9.919141914081045e+03     9.920939705578836e+03
    2200           -1.17281731e+05            3.12996468e+00            9.97268002e-01            1.00353041e+00     9.996185578136879e+03     9.996512440038980e+03     9.996839591996355e+03     9.997166500691246e+03     9.997493476984855e+03     9.998801375832832e+03
    2400           -1.17140629e+05            7.63557643e+00            9.92818642e-01            1.00809649e+00     9.844082615799471e+03     9.844969972529363e+03     9.845857675257988e+03     9.846745107941228e+03     9.847632607589940e+03     9.851182599380409e+03
    2600           -1.17297188e+05            6.31891946e+00            9.94103379e-01            1.00674642e+00     1.000909354027629e+04     1.000981805718107e+04     1.001054287384887e+04     1.001126745745786e+04     1.001199209914881e+04     1.001489065802133e+04
    2800           -1.17011670e+05            3.64266806e+00            9.96821291e-01            1.00410999e+00     9.975570661304866e+03     9.975954456060597e+03     9.976338591235353e+03     9.976722475931041e+03     9.977106416561226e+03     9.978642171817586e+03
    3000           -1.17079011e+05            5.99473131e+00            9.94423259e-01            1.00641762e+00     1.001893292919085e+04     1.001961684058810e+04     1.002030110026017e+04     1.002098510171983e+04     1.002166916179036e+04     1.002440539438988e+04
    3200           -1.17228555e+05            5.68047163e+00            9.94759461e-01            1.00612531e+00     9.946866625929311e+03     9.947509337091189e+03     9.948152354345526e+03     9.948795126540725e+03     9.949437962373837e+03     9.952009298818361e+03
    3400           -1.17025865e+05            3.28495521e+00            9.97197159e-01            1.00377022e+00     9.894386100652395e+03     9.894725505509228e+03     9.895065267778107e+03     9.895404750449186e+03     9.895744302651568e+03     9.897102504650742e+03
    3600           -1.17059562e+05            2.34403957e+00            9.98073561e-01            1.00276359e+00     1.000800402596630e+04     1.000823046099451e+04     1.000845719132017e+04     1.000868371924994e+04     1.000891028594197e+04     1.000981654591763e+04
    3800           -1.16985357e+05            2.03415624e+00            9.98413009e-01            1.00248314e+00     9.945532068119286e+03     9.945718397508690e+03     9.945905069396069e+03     9.946091483790911e+03     9.946277957752438e+03     9.947023847385590e+03
    4000           -1.17296496e+05            2.39998289e+00            9.98046280e-01            1.00284838e+00     9.962192768173605e+03     9.962424019139153e+03     9.962655592276164e+03     9.962886924520499e+03     9.963118312120598e+03     9.964043856067590e+03
    4200           -1.17296579e+05            3.66508329e+00            9.96770786e-01            1.00410413e+00     9.940663025142621e+03     9.941054462788114e+03     9.941446210549550e+03     9.941837717401510e+03     9.942229283764893e+03     9.943795542387164e+03
    4400           -1.17189291e+05            5.71708565e+00            9.94718474e-01            1.00615753e+00     9.909719230545705e+03     9.910364973180323e+03     9.911011018373787e+03     9.911656819556478e+03     9.912302684571374e+03     9.914886138597045e+03
    4600           -1.17260157e+05            4.04464713e+00            9.96392505e-01            1.00448531e+00     9.984222526303563e+03     9.984660738012130e+03     9.985099241188822e+03     9.985537515794946e+03     9.985975848661687e+03     9.987729171019810e+03
    4800           -1.17034997e+05            2.33626148e+00            9.98108491e-01            1.00278309e+00     9.830096434430025e+03     9.830318959873810e+03     9.830541814852002e+03     9.830764422885864e+03     9.830987088004962e+03     9.831877741579898e+03
    5000           -1.16915937e+05            1.50891635e+00            9.98951246e-01            1.00197047e+00     9.993188945318934e+03     9.993307307456853e+03     9.993425927220227e+03     9.993544327902720e+03     9.993662791182951e+03     9.994136637046970e+03
    5200           -1.17264909e+05            3.66881776e+00            9.96783335e-01            1.00412427e+00     9.979333882528139e+03     9.979719285339750e+03     9.980105006111156e+03     9.980490492962286e+03     9.980876032031341e+03     9.982418181534542e+03
    5400           -1.17140185e+05            6.92869593e+00            9.93496975e-01            1.00736008e+00     9.976141635025571e+03     9.976937727950524e+03     9.977734108332064e+03     9.978530262642780e+03     9.979326473640713e+03     9.982511312255856e+03
    5600           -1.17201786e+05            5.62654638e+00            9.94802070e-01            1.00605989e+00     9.988143110715286e+03     9.988780583307433e+03     9.989418366126045e+03     9.990055901040940e+03     9.990693500611240e+03     9.993243890507192e+03
    5800           -1.17549138e+05            3.92297119e+00            9.96539070e-01            1.00438861e+00     9.865702153610375e+03     9.866118498979471e+03     9.866535247285425e+03     9.866951722995143e+03     9.867368248578648e+03     9.869034343546924e+03
    6000           -1.17450614e+05            3.58649845e+00            9.96879342e-01            1.00405566e+00     9.947587169713550e+03     9.947967426937859e+03     9.948348041756419e+03     9.948728377255715e+03     9.949108782443131e+03     9.950630395172711e+03
    6200           -1.17090139e+05            2.19615987e+00            9.98252319e-01            1.00264661e+00     9.993658412376230e+03     9.993861147418353e+03     9.994064194989913e+03     9.994266994761370e+03     9.994469857777249e+03     9.995281303178268e+03
    6400           -1.17105093e+05            6.11713401e+00            9.94389211e-01            1.00662956e+00     1.000118206785920e+04     1.000186897303832e+04     1.000255623509184e+04     1.000324323570585e+04     1.000393029383677e+04     1.000667851981434e+04
    6600           -1.17193961e+05            2.66048258e+00            9.97792163e-01            1.00311553e+00     1.002964382723327e+04     1.002990654069059e+04     1.003016963249283e+04     1.003043245189574e+04     1.003069532945584e+04     1.003174683167842e+04
    6800           -1.17044100e+05            2.34706916e+00            9.98062872e-01            1.00275893e+00     9.958902746317144e+03     9.959130287499345e+03     9.959358143549804e+03     9.959585766660979e+03     9.959813442426646e+03     9.960724138536149e+03
    7000           -1.17057627e+05            4.36481524e+00            9.96095510e-01            1.00482912e+00     9.981708571556517e+03     9.982183403516456e+03     9.982658622211782e+03     9.983133557895077e+03     9.983608555537825e+03     9.985508539519133e+03
    7200           -1.17158638e+05            6.08363590e+00            9.94346092e-01            1.00651847e+00     1.000718286912717e+04     1.000787666916347e+04     1.000857080146729e+04     1.000926470403579e+04     1.000995865123487e+04     1.001273443334257e+04
    7400           -1.17208042e+05            2.19971482e+00            9.98231057e-01            1.00263238e+00     9.907045040818799e+03     9.907250574048432e+03     9.907456412925463e+03     9.907662014596141e+03     9.907867674931440e+03     9.908690309044083e+03
    7600           -1.17020711e+05            4.06844717e+00            9.96387256e-01            1.00452783e+00     9.961108192130676e+03     9.961548202989710e+03     9.961988531527764e+03     9.962428600864723e+03     9.962868739640388e+03     9.964629287150097e+03
    7800           -1.17190268e+05            8.59315649e+00            9.91864582e-01            1.00905840e+00     9.937618081160233e+03     9.938625355395872e+03     9.939632981066579e+03     9.940640334795107e+03     9.941647754826090e+03     9.945677428491948e+03
    8000           -1.17083336e+05            9.31057365e+00            9.91166594e-01            1.00979617e+00     1.005610128851768e+04     1.005719252838712e+04     1.005828407174436e+04     1.005937537747409e+04     1.006046674285114e+04     1.006483219718461e+04
    8200           -1.17183910e+05            1.59491216e+00            9.98817827e-01            1.00200897e+00     9.956341025230584e+03     9.956473079519337e+03     9.956605447589078e+03     9.956737581992807e+03     9.956869769859295e+03     9.957398514488004e+03
    8400           -1.17263714e+05            1.82513370e+00            9.98642470e-01            1.00229444e+00     1.001415228543030e+04     1.001431028721289e+04     1.001446860879229e+04     1.001462667711714e+04     1.001478480997417e+04     1.001541733451805e+04
    8600           -1.17192251e+05            1.55084676e+01            9.85018188e-01            1.01604919e+00     9.935915826075152e+03     9.937790250074251e+03     9.939664941633559e+03     9.941539407045870e+03     9.943413936827956e+03     9.950912047580761e+03
    8800           -1.17153412e+05            3.64639963e+00            9.96775410e-01            1.00407126e+00     9.975753060180812e+03     9.976142876274394e+03     9.976532968136449e+03     9.976922836589105e+03     9.977312764617380e+03     9.978872469053946e+03
    9000           -1.17151053e+05            3.00482659e+00            9.97435285e-01            1.00344757e+00     9.991060441208150e+03     9.991368586008230e+03     9.991677090072293e+03     9.991985336382446e+03     9.992293636685574e+03     9.993526832162997e+03
    9200           -1.16931431e+05            2.45028629e+00            9.98031263e-01            1.00293419e+00     1.001226861236407e+04     1.001250122667780e+04     1.001273423964803e+04     1.001296696971105e+04     1.001319975793052e+04     1.001413090349697e+04
    9400           -1.17022979e+05            2.10778797e+00            9.98315730e-01            1.00253309e+00     9.966307942447733e+03     9.966501298174651e+03     9.966694950898625e+03     9.966888390391368e+03     9.967081875486607e+03     9.967855808525481e+03
    9600           -1.17138828e+05            4.82936277e+00            9.95630428e-01            1.00529354e+00     1.005681814018498e+04     1.005735301850923e+04     1.005788822248778e+04     1.005842317843549e+04     1.005895819380575e+04     1.006109824742653e+04
    9800           -1.17222884e+05            3.09049894e+00            9.97359625e-01            1.00354339e+00     9.967584667317788e+03     9.967903036183523e+03     9.968221766060635e+03     9.968540234784648e+03     9.968858759661209e+03     9.970132852004630e+03
   10000           -1.17310726e+05            1.85870044e+00            9.98611810e-01            1.00233096e+00     9.989521064149825e+03     9.989680431283545e+03     9.989840133077356e+03     9.989999572780247e+03     9.990159078092327e+03     9.990797092034827e+03
   10200           -1.17074304e+05            4.34534610e+00            9.96187446e-01            1.00488273e+00     1.008646710939616e+04     1.008693353948978e+04     1.008740035081675e+04     1.008786689766460e+04     1.008833349612774e+04     1.009019988285932e+04
   10400           -1.17003741e+05            3.07666221e+00            9.97377753e-01            1.00353386e+00     9.973494938533837e+03     9.973809879929668e+03     9.974125087311559e+03     9.974440069711438e+03     9.974755115868649e+03     9.976015293203462e+03
   10600           -1.17061675e+05            3.96018780e+00            9.96492013e-01            1.00441594e+00     9.984972280715619e+03     9.985399949230839e+03     9.985827996649547e+03     9.986255750380788e+03     9.986683575886569e+03     9.988394871057515e+03
   10800           -1.16809528e+05            2.06424020e+00            9.98383725e-01            1.00251405e+00     1.000040405805971e+04     1.000059046669240e+04     1.000077727862935e+04     1.000096380594480e+04     1.000115039072324e+04     1.000189672338677e+04
   11000           -1.16789604e+05            1.90339151e+00            9.98529003e-01            1.00233743e+00     9.948990416897597e+03     9.949158613967180e+03     9.949327163780134e+03     9.949495438113607e+03     9.949663780823908e+03     9.950337144750221e+03
   11200           -1.16995929e+05            2.67365514e+00            9.97771828e-01            1.00312151e+00     9.887778480242805e+03     9.888042198365363e+03     9.888306291511297e+03     9.888570109509308e+03     9.888833988067179e+03     9.889889495891553e+03
   11400           -1.17039978e+05            3.70097665e+00            9.96755384e-01            1.00416069e+00     1.001579708711436e+04     1.001619051072709e+04     1.001658421259645e+04     1.001697768228284e+04     1.001737121656752e+04     1.001894534602068e+04
   11600           -1.16913205e+05            5.27108615e+00            9.95190678e-01            1.00573765e+00     9.890072694706776e+03     9.890659289651423e+03     9.891246205880392e+03     9.891832877333964e+03     9.892419607108643e+03     9.894766519510507e+03
   11800           -1.17054569e+05            3.42159350e+00            9.97052716e-01            1.00389913e+00     9.936122721679199e+03     9.936477566727774e+03     9.936832749856552e+03     9.937187687048181e+03     9.937542677646930e+03     9.938962633614663e+03
   12000           -1.17170953e+05            5.72713423e+00            9.94758331e-01            1.00621807e+00     9.953253620735532e+03     9.953897944694840e+03     9.954542550381679e+03     9.955186923586760e+03     9.955831360332906e+03     9.958409099930283e+03
   12200           -1.17027119e+05            3.03374622e+00            9.97412653e-01            1.00348284e+00     9.960107092171942e+03     9.960419959135113e+03     9.960733120798339e+03     9.961046053790560e+03     9.961359043386363e+03     9.962610994600784e+03
   12400           -1.17015891e+05            2.77914652e+00            9.97658796e-01            1.00321952e+00     1.002293780845243e+04     1.002321731948928e+04     1.002349718343378e+04     1.002377678695700e+04     1.002405644875652e+04     1.002517508906062e+04
   12600           -1.17015263e+05            2.30087701e+00            9.98086728e-01            1.00269026e+00     9.909652438288205e+03     9.909873471720923e+03     9.910094804411852e+03     9.910315904539721e+03     9.910537062394280e+03     9.911421686500355e+03
   12800           -1.16992877e+05            1.58454225e+00            9.98826078e-01            1.00199646e+00     1.002245123523413e+04     1.002258045532198e+04     1.002270994975947e+04     1.002283921404668e+04     1.002296854261848e+04     1.002348585000283e+04
   13000           -1.16987064e+05            2.22820166e+00            9.98190626e-01            1.00264889e+00     9.966999821353085e+03     9.967210215776060e+03     9.967420938735786e+03     9.967631420412241e+03     9.967841955468655e+03     9.968684089584223e+03
   13200           -1.17129498e+05            3.32035663e+00            9.97113794e-01            1.00375738e+00     1.001524436816559e+04     1.001559245457653e+04     1.001594086535737e+04     1.001628902451792e+04     1.001663724543499e+04     1.001803012270439e+04
   13400           -1.17050462e+05            2.91807383e+00            9.97567824e-01            1.00340680e+00     1.002224587215950e+04     1.002253507850637e+04     1.002282461988371e+04     1.002311391993151e+04     1.002340327134301e+04     1.002456067052651e+04
   13600           -1.17235482e+05            8.45248663e+00            9.92023437e-01            1.00893612e+00     9.902955390289169e+03     9.903943611945504e+03     9.904932116533126e+03     9.905920390343350e+03     9.906908726033313e+03     9.910862061777456e+03
   13800           -1.17300925e+05            7.39257586e+00            9.93060091e-01            1.00785171e+00     9.880335172237763e+03     9.881190846676069e+03     9.882046956725990e+03     9.882902776063493e+03     9.883758646395001e+03     9.887182120552239e+03
   14000           -1.17454352e+05            2.58486154e+00            9.97863611e-01            1.00303565e+00     9.944635412927379e+03     9.944890279675185e+03     9.945145492158868e+03     9.945400438852141e+03     9.945655449795706e+03     9.946675486664033e+03
   14200           -1.17251691e+05            6.54791581e+00            9.93911423e-01            1.00701312e+00     9.909585584275321e+03     9.910335765680584e+03     9.911086335490969e+03     9.911836629143079e+03     9.912586979497342e+03     9.915588374719364e+03
   14400           -1.17229536e+05            2.20165179e+00            9.98275096e-01            1.00268050e+00     9.943904466409324e+03     9.944109166570943e+03     9.944314239390238e+03     9.944519047358439e+03     9.944723909929122e+03     9.945543353448922e+03
   14600           -1.17193124e+05            8.37172720e+00            9.92079172e-01            1.00882985e+00     9.974069852393122e+03     9.975046647935116e+03     9.976023777318765e+03     9.977000642205374e+03     9.977977574066417e+03     9.981885295739710e+03
   14800           -1.17131133e+05            1.95386946e+00            9.98502501e-01            1.00241202e+00     9.972937785293545e+03     9.973111517296320e+03     9.973285597839760e+03     9.973459415633786e+03     9.973633294203762e+03     9.974328803113982e+03
   15000           -1.17165200e+05            2.98494610e+00            9.97475360e-01            1.00344799e+00     9.970369307100713e+03     9.970673642635456e+03     9.970978381107057e+03     9.971282833295014e+03     9.971587343782072e+03     9.972805380463429e+03
   15200           -1.17079958e+05            3.63415218e+00            9.96827454e-01            1.00409909e+00     9.853363752337878e+03     9.853750182522061e+03     9.854136943026229e+03     9.854523444593651e+03     9.854910010865389e+03     9.856456269392900e+03
   15400           -1.16908985e+05            5.46312556e+00            9.95015541e-01            1.00594694e+00     1.001075999211199e+04     1.001137471397822e+04     1.001198980816160e+04     1.001260462384803e+04     1.001321950342902e+04     1.001567901474606e+04
   15600           -1.17119231e+05            6.67242811e+00            9.93807685e-01            1.00715879e+00     9.906971992766510e+03     9.907732866874132e+03     9.908494083655958e+03     9.909255049682421e+03     9.910016071075848e+03     9.913060149385186e+03
   15800           -1.16985809e+05            4.34623140e+00            9.96072060e-01            1.00476812e+00     1.002624746051196e+04     1.002672324834931e+04     1.002719934292132e+04     1.002767521894675e+04     1.002815114078673e+04     1.003005482106150e+04
   16000           -1.17096103e+05            4.11651047e+00            9.96333985e-01            1.00457068e+00     9.976005163391195e+03     9.976450027170880e+03     9.976895226871171e+03     9.977340183446941e+03     9.977785192760000e+03     9.979565222128804e+03
   16200           -1.17161961e+05            1.69948943e+00            9.98722391e-01            1.00212280e+00     9.945023625281776e+03     9.945170828854907e+03     9.945318337012062e+03     9.945465610357554e+03     9.945612940875933e+03     9.946202256470089e+03
   16400           -1.17108229e+05            1.37645752e+00            9.99053614e-01            1.00180771e+00     9.956063881516571e+03     9.956168014305042e+03     9.956272512552525e+03     9.956376734231770e+03     9.956481021014093e+03     9.956898160511617e+03
   16600           -1.16851526e+05            3.65428199e+00            9.96785278e-01            1.00409703e+00     9.939019252125714e+03     9.939405389340105e+03     9.939791899412299e+03     9.940178147514733e+03     9.940564448092158e+03     9.942109644058601e+03
   16800           -1.17094749e+05            2.84312304e+00            9.97631230e-01            1.00332017e+00     9.872562347593881e+03     9.872843487856506e+03     9.873124944603353e+03     9.873406172474606e+03     9.873687449434114e+03     9.874812551274345e+03
   17000           -1.17404531e+05            2.65667407e+00            9.97755617e-01            1.00307115e+00     1.001518636464336e+04     1.001545170046065e+04     1.001571732297584e+04     1.001598273212138e+04     1.001624819025273e+04     1.001731001586209e+04
   17200           -1.17199295e+05            3.40975907e+00            9.97072904e-01            1.00389570e+00     9.990108263713128e+03     9.990460309756181e+03     9.990812726136015e+03     9.991164879271104e+03     9.991517087311669e+03     9.992925910910211e+03
   17400           -1.17169294e+05            9.26874594e+00            9.91241838e-01            1.00978835e+00     1.000751696702060e+04     1.000860535265519e+04     1.000969413165630e+04     1.001078260841985e+04     1.001187115738471e+04     1.001622534774882e+04
   17600           -1.17028171e+05            1.22397369e+01            9.88252765e-01            1.01274321e+00     9.966646263536064e+03     9.968107596337994e+03     9.969569274828007e+03     9.971030679907784e+03     9.972492154214189e+03     9.978338044892314e+03
   17800           -1.17144680e+05            1.15720125e+01            9.88911791e-01            1.01206610e+00     1.002764819741964e+04     1.002902743630601e+04     1.003040696534325e+04     1.003178627060964e+04     1.003316563063365e+04     1.003868306384766e+04
   18000           -1.17112411e+05            1.89841741e+00            9.98509902e-01            1.00230829e+00     9.933491295259797e+03     9.933665067540305e+03     9.933839132232830e+03     9.934012954100466e+03     9.934186842808122e+03     9.934882390356444e+03
   18200           -1.17017104e+05            3.71023623e+00            9.96708141e-01            1.00413170e+00     1.002185473663643e+04     1.002225208537462e+04     1.002264974429148e+04     1.002304715648617e+04     1.002344463143915e+04     1.002503452624188e+04
   18400           -1.16958971e+05            4.61788614e+00            9.95825053e-01            1.00506487e+00     1.005998045517562e+04     1.006048966377483e+04     1.006099919910067e+04     1.006150847973281e+04     1.006201782360561e+04     1.006405519203560e+04
   18600           -1.17277172e+05            6.17297533e+00            9.94256841e-01            1.00660797e+00     9.912785073504767e+03     9.913489766144539e+03     9.914194822525804e+03     9.914899623066349e+03     9.915604475054908e+03     9.918423876605051e+03
   18800           -1.17327176e+05            3.59279112e+00            9.96814366e-01            1.00400285e+00     9.845204438189967e+03     9.845588297890516e+03     9.845972417770403e+03     9.846356331490828e+03     9.846740298206452e+03     9.848276158222940e+03
   19000           -1.17328588e+05            4.76471212e+00            9.95732165e-01            1.00526627e+00     9.955308947213638e+03     9.955830039301229e+03     9.956351427307571e+03     9.956872596183746e+03     9.957393814541758e+03     9.959478681869879e+03
   19200           -1.16914399e+05            5.07285329e+00            9.95360605e-01            1.00551064e+00     1.001025548847612e+04     1.001082297450704e+04     1.001139079005145e+04     1.001195835529695e+04     1.001252597988921e+04     1.001479647130230e+04
   19400           -1.16851432e+05            3.63893636e+00            9.96853494e-01            1.00413493e+00     1.000033541003230e+04     1.000071721869402e+04     1.000109944624315e+04     1.000148136917357e+04     1.000186335802767e+04     1.000339130602303e+04
   19600           -1.17246962e+05            5.60685330e+00            9.94799344e-01            1.00601751e+00     9.984175532215570e+03     9.984812860067765e+03     9.985450518183196e+03     9.986087926210108e+03     9.986725393249617e+03     9.989275254283664e+03
   19800           -1.17021032e+05            5.71302175e+00            9.94762949e-01            1.00619434e+00     9.937029927920328e+03     9.937670550766376e+03     9.938311494027530e+03     9.938952183298405e+03     9.939592936915156e+03     9.942155945909984e+03
   20000           -1.17138689e+05            5.59526878e+00            9.94846229e-01            1.00604162e+00     9.940259672901946e+03     9.940889714693960e+03     9.941520088696730e+03     9.942150208977491e+03     9.942780390185133e+03     9.945301107468322e+03
   20200           -1.17194779e+05            1.24276028e+01            9.88097998e-01            1.01296514e+00     1.002415077499894e+04     1.002563430560094e+04     1.002711815789947e+04     1.002860176573932e+04     1.003008543148788e+04     1.003602008797682e+04
   20400           -1.17212643e+05            5.97437040e+00            9.94515915e-01            1.00647041e+00     9.959432320423213e+03     9.960106644189467e+03     9.960781321705708e+03     9.961455730716360e+03     9.962130202898998e+03     9.964828085374782e+03
   20600           -1.16850582e+05            5.40290860e+00            9.95016057e-01            1.00582632e+00     9.866356116797782e+03     9.866964802016322e+03     9.867573730280787e+03     9.868182445045200e+03     9.868791223853805e+03     9.871226330909825e+03
   20800           -1.17021612e+05            9.78501248e+00            9.90708472e-01            1.01028762e+00     9.908008660540647e+03     9.909162346733661e+03     9.910316343475733e+03     9.911470099326998e+03     9.912623914613518e+03     9.917239168686388e+03
   21000           -1.17041248e+05            2.68010057e+00            9.97764913e-01            1.00312749e+00     9.864127241314492e+03     9.864393013703711e+03     9.864659137363711e+03     9.864925004710853e+03     9.865190928007798e+03     9.866254614701105e+03
   21200           -1.16884480e+05            4.61165777e+00            9.95840413e-01            1.00506785e+00     9.892366145079684e+03     9.892869624660536e+03     9.893373498220242e+03     9.893877080435785e+03     9.894380727663303e+03     9.896395310246922e+03
   21400           -1.17052367e+05            3.65567423e+00            9.96821690e-01            1.00413651e+00     9.955095748053325e+03     9.955479912076958e+03     9.955864462955462e+03     9.956248740788606e+03     9.956633074435833e+03     9.958170400818342e+03
   21600           -1.16925927e+05            2.94831605e+00            9.97543118e-01            1.00344264e+00     9.878795132466639e+03     9.879092409725083e+03     9.879390025995674e+03     9.879687373108203e+03     9.879984789172184e+03     9.881174445877730e+03
   21800           -1.17007395e+05            5.96458710e+00            9.94506231e-01            1.00644091e+00     9.997014261565422e+03     9.997687979647581e+03     9.998362030015169e+03     9.999035838508855e+03     9.999709699559491e+03     1.000240513755356e+04
   22000           -1.17228597e+05            4.94359667e+00            9.95492530e-01            1.00538398e+00     9.999150022635875e+03     9.999702471896289e+03     1.000025523813975e+04     1.000080775580203e+04     1.000136033580064e+04     1.000357064896541e+04
   22200           -1.17114648e+05            7.61248643e+00            9.92848935e-01            1.00808069e+00     9.971959158030355e+03     9.972841329911766e+03     9.973723871822296e+03     9.974606148648187e+03     9.975488481499489e+03     9.979017804968626e+03
   22400           -1.16765297e+05            5.56414631e+00            9.94900507e-01            1.00603388e+00     9.998918827345937e+03     9.999544508453548e+03     1.000017050076736e+04     1.000079626440716e+04     1.000142207897527e+04     1.000392533060461e+04
   22600           -1.17023876e+05            3.80956840e+00            9.96642748e-01            1.00426531e+00     9.940797080903832e+03     9.941203127611547e+03     9.941609474219678e+03     9.942015589868952e+03     9.942421761939226e+03     9.944046442974621e+03
   22800           -1.17029925e+05            5.56037652e+00            9.94915194e-01            1.00604115e+00     9.987462726558211e+03     9.988087221459016e+03     9.988712023897986e+03     9.989336576299966e+03     9.989961194875865e+03     9.992459663193518e+03
   23000           -1.17123386e+05            5.05779553e+00            9.95404504e-01            1.00552471e+00     9.936243654802840e+03     9.936807383890680e+03     9.937371433118826e+03     9.937935229981569e+03     9.938499090557039e+03     9.940754526311239e+03
   23200           -1.16832483e+05            8.24988394e+00            9.92248222e-01            1.00875590e+00     1.001327597220263e+04     1.001423322598523e+04     1.001519076615508e+04     1.001614808466609e+04     1.001710545803590e+04     1.002093494386917e+04
   23400           -1.16947950e+05            2.36044084e+00            9.98131086e-01            1.00285428e+00     9.903943854608009e+03     9.904164427678536e+03     9.904385330755415e+03     9.904605978806319e+03     9.904826688904514e+03     9.905709523201016e+03
   23600           -1.17049031e+05            2.28050224e+00            9.98167736e-01            1.00273078e+00     9.913464994528369e+03     9.913679698878605e+03     9.913894762038803e+03     9.914109549730207e+03     9.914324403701103e+03     9.915183812873836e+03
   23800           -1.17082773e+05            4.65600627e+00            9.95799881e-01            1.00511609e+00     9.861772456625493e+03     9.862287001067922e+03     9.862801924763313e+03     9.863316553738487e+03     9.863831255140858e+03     9.865890053656223e+03
   24000           -1.16975064e+05            2.01424320e+00            9.98419198e-01            1.00244943e+00     9.945832614779942e+03     9.946016843857809e+03     9.946201393852600e+03     9.946385686348181e+03     9.946570045965962e+03     9.947307477151982e+03
   24200           -1.17106365e+05            4.85805546e+00            9.95625305e-01            1.00534606e+00     9.990851688117866e+03     9.991385472990687e+03     9.991919607521311e+03     9.992453483205358e+03     9.992987416764327e+03     9.995123145410787e+03
   24400           -1.16989452e+05            4.16732787e+00            9.96295782e-01            1.00463427e+00     9.985111998988310e+03     9.985561519879268e+03     9.986011359587290e+03     9.986460968084424e+03     9.986910627135354e+03     9.988709255282398e+03
   24600           -1.16923211e+05            2.09136794e+00            9.98347283e-01            1.00253185e+00     9.944427866577602e+03     9.944616489057049e+03     9.944805462063514e+03     9.944994173419540e+03     9.945182944915765e+03     9.945938023253928e+03
   24800           -1.16989659e+05            2.73897186e+00            9.97716614e-01            1.00319705e+00     1.003045782339852e+04     1.003073126198706e+04     1.003100497847679e+04     1.003127848862628e+04     1.003155204561789e+04     1.003264626783726e+04
   25000           -1.17265773e+05            2.75027877e+00            9.97725289e-01            1.00322846e+00     9.974657992149168e+03     9.974932888988735e+03     9.975208097903715e+03     9.975483073375588e+03     9.975758102661937e+03     9.976858213174704e+03
   25200           -1.17320851e+05            1.65953944e+00            9.98811679e-01            1.00213232e+00     1.000634883483090e+04     1.000648449469341e+04     1.000662046910457e+04     1.000675622497955e+04     1.000689202423477e+04     1.000743521363865e+04
   25400           -1.17415498e+05            2.29345303e+00            9.98127901e-01            1.00271674e+00     9.990149852191802e+03     9.990368076856934e+03     9.990586634978399e+03     9.990804935753695e+03     9.991023298858643e+03     9.991896745525484e+03
   25600           -1.17498651e+05            2.31416886e+00            9.98089826e-01            1.00272003e+00     1.004362004147495e+04     1.004383816470617e+04     1.004405661094520e+04     1.004427483065939e+04     1.004449309576397e+04     1.004536615005299e+04
   25800           -1.17067828e+05            3.01637054e+00            9.97430309e-01            1.00346573e+00     9.990022587967127e+03     9.990331097867671e+03     9.990639916474298e+03     9.990948499127993e+03     9.991257138739978e+03     9.992491689512832e+03
   26000           -1.16853250e+05            5.81505871e+00            9.94625708e-01            1.00626085e+00     1.009856916096860e+04     1.009922782777174e+04     1.009988684326191e+04     1.010054559666405e+04     1.010120441146391e+04     1.010383966195921e+04
   26200           -1.17146861e+05            1.82473980e+00            9.98618200e-01            1.00226929e+00     9.878771415977322e+03     9.878931553328235e+03     9.879091938205567e+03     9.879252106342237e+03     9.879412338898899e+03     9.880053261820476e+03
   26400           -1.16980720e+05            5.19659181e+00            9.95269007e-01            1.00566696e+00     1.000171298635526e+04     1.000229269364386e+04     1.000287275992463e+04     1.000345255156149e+04     1.000403240823133e+04     1.000635183010740e+04
   26600           -1.16759876e+05            1.14688304e+00            9.99294460e-01            1.00158924e+00     9.980005718200906e+03     9.980078132291577e+03     9.980150810758316e+03     9.980223269530767e+03     9.980295788937659e+03     9.980585859674413e+03
   26800           -1.16961894e+05            4.87298788e+00            9.95606225e-01            1.00535682e+00     9.998806592612877e+03     9.999341218601725e+03     9.999876151519391e+03     1.000041084862265e+04     1.000094560294183e+04     1.000308461327078e+04
   27000           -1.16899287e+05            4.36538580e+00            9.96096295e-01            1.00483106e+00     9.928114646289825e+03     9.928589705247770e+03     9.929065073365819e+03     9.929540196883212e+03     9.930015382300131e+03     9.931916118310437e+03
   27200           -1.16894836e+05            2.64371064e+00            9.97851998e-01            1.00314203e+00     9.922410855417937e+03     9.922668092427317e+03     9.922925707217071e+03     9.923183034671956e+03     9.923440429906272e+03     9.924470004394607e+03
   27400           -1.16800140e+05            8.26796432e+00            9.92164758e-01            1.00870752e+00     9.872600211494293e+03     9.873566204695851e+03     9.874532556205555e+03     9.875498641191540e+03     9.876464786574592e+03     9.880329361654891e+03
   27600           -1.17067365e+05            1.55337737e+00            9.98868700e-01            1.00197677e+00     9.938086200380592e+03     9.938212942695414e+03     9.938339971505015e+03     9.938466779366767e+03     9.938593640306884e+03     9.939101080233177e+03
   27800           -1.17083582e+05            6.03695423e+00            9.94453553e-01            1.00653327e+00     1.002468723278754e+04     1.002536630035219e+04     1.002604569711072e+04     1.002672485704673e+04     1.002740406739130e+04     1.003012090199505e+04
   28000           -1.16870222e+05            5.37623472e+00            9.95071499e-01            1.00582870e+00     9.969364367807751e+03     9.969968967376559e+03     9.970573935092676e+03     9.971178624638753e+03     9.971783378966855e+03     9.974202390125958e+03
   28200           -1.16958140e+05            2.18856888e+00            9.98262042e-01            1.00264115e+00     9.961222707084489e+03     9.961428343833122e+03     9.961634300811669e+03     9.961840010779801e+03     9.962045780841818e+03     9.962868854599148e+03
   28400           -1.16964340e+05            1.59183326e+00            9.98885278e-01            1.00207046e+00     9.963778326198923e+03     9.963904605485444e+03     9.964031278204200e+03     9.964157670471628e+03     9.964284120479177e+03     9.964789914759431e+03
   28600           -1.17121788e+05            1.35465712e+00            9.99081434e-01            1.00179193e+00     9.943258208181978e+03     9.943357247358745e+03     9.943456635022412e+03     9.943555758050332e+03     9.943654943768957e+03     9.944051679355938e+03
   28800           -1.17349962e+05            1.34072590e+00            9.99104446e-01            1.00178709e+00     9.970524964312781e+03     9.970621714793513e+03     9.970718775694862e+03     9.970815592214540e+03     9.970912470978368e+03     9.971299977643954e+03
   29000           -1.17212819e+05            3.14002356e+00            9.97278462e-01            1.00356112e+00     9.922373636176186e+03     9.922697169549798e+03     9.923020956725510e+03     9.923344536980032e+03     9.923668172371519e+03     9.924962708566853e+03
   29200           -1.17248121e+05            9.76043908e-01            9.99435664e-01            1.00138856e+00     9.928694066229855e+03     9.928751323256716e+03     9.928808868259903e+03     9.928866189516333e+03     9.928923566115462e+03     9.929153066001069e+03
   29400           -1.17036170e+05            3.78419748e+00            9.96672516e-01            1.00424434e+00     1.002844066857052e+04     1.002884057868210e+04     1.002924081636563e+04     1.002964081698847e+04     1.003004086882776e+04     1.003164106908500e+04
   29600           -1.16909267e+05            2.34711398e+00            9.98112456e-01            1.00280884e+00     9.954663916708132e+03     9.954885653771498e+03     9.955107718305257e+03     9.955329533206996e+03     9.955551407818328e+03     9.956438898928523e+03
   29800           -1.16836717e+05            3.15964926e+00            9.97303956e-01            1.00362617e+00     1.000984634002414e+04     1.001017118467649e+04     1.001049637554562e+04     1.001082130578812e+04     1.001114629678463e+04     1.001244625354512e+04
   30000           -1.17081456e+05            4.85794244e+00            9.95571878e-01            1.00529188e+00     9.906032797848740e+03     9.906572226420767e+03     9.907111946858191e+03     9.907651439723868e+03     9.908190989960694e+03     9.910349182072649e+03
   30200           -1.17291704e+05            1.91696652e+00            9.98555302e-01            1.00239104e+00     9.928238396182847e+03     9.928405640733969e+03     9.928573228732927e+03     9.928740561099152e+03     9.928907951719975e+03     9.929577507257101e+03
   30400           -1.17299404e+05            2.19223474e+00            9.98263435e-01            1.00264990e+00     9.867955654128911e+03     9.868158728161632e+03     9.868362168155181e+03     9.868565334681776e+03     9.868768563597694e+03     9.869581473066479e+03
   30600           -1.17116927e+05            2.17660566e+00            9.98268327e-01            1.00262347e+00     9.981188588700132e+03     9.981391607643594e+03     9.981594963382855e+03     9.981798086168503e+03     9.982001254405783e+03     9.982813920111434e+03
   30800           -1.17059933e+05            6.18079092e+00            9.94255917e-01            1.00662277e+00     9.983953626974757e+03     9.984660134455686e+03     9.985366967546110e+03     9.986073553216243e+03     9.986780197945085e+03     9.989606768915412e+03
   31000           -1.17185178e+05            3.64360113e+00            9.96774896e-01            1.00406513e+00     9.924975450151860e+03     9.925365118968000e+03     9.925755088783771e+03     9.926144826112673e+03     9.926534620600693e+03     9.928093791049527e+03
   31200           -1.17427648e+05            4.93661508e+00            9.95486113e-01            1.00536346e+00     9.978363393481743e+03     9.978914824220710e+03     9.979466486873067e+03     9.980017966073929e+03     9.980569492900722e+03     9.982775592319702e+03
   31400           -1.17080287e+05            4.32146388e+00            9.96110429e-01            1.00475705e+00     9.930018056415318e+03     9.930488645410431e+03     9.930959530174943e+03     9.931430195356392e+03     9.931900910668593e+03     9.933783764921867e+03
   31600           -1.17073069e+05            3.87436531e+00            9.96577028e-01            1.00432923e+00     9.877787588218001e+03     9.878199410935236e+03     9.878611551636164e+03     9.879023437730184e+03     9.879435389708009e+03     9.881083191198017e+03
   31800           -1.17029394e+05            3.95391943e+00            9.96460764e-01            1.00437185e+00     9.964863645800606e+03     9.965289433501863e+03     9.965715511981249e+03     9.966141374590403e+03     9.966567286723957e+03     9.968270927647309e+03
   32000           -1.17123909e+05            3.19099238e+00            9.97278926e-01            1.00366390e+00     9.950019522687398e+03     9.950351573658138e+03     9.950683989051406e+03     9.951016134010790e+03     9.951348339699171e+03     9.952677156710944e+03
   32200           -1.17013252e+05            3.87982130e+00            9.96543858e-01            1.00430676e+00     9.893880615135195e+03     9.894298738960988e+03     9.894717168269895e+03     9.895135378397295e+03     9.895553635391045e+03     9.897226655646895e+03
   32400           -1.17041569e+05            2.29824005e+00            9.98158187e-01            1.00275676e+00     9.912594533579220e+03     9.912811540355549e+03     9.913028828745901e+03     9.913245899236357e+03     9.913463023573397e+03     9.914331513567575e+03
   32600           -1.17136872e+05            3.52596382e+00            9.96921128e-01            1.00397619e+00     1.003694751582243e+04     1.003731890360663e+04     1.003769063733280e+04     1.003806210467845e+04     1.003843363685424e+04     1.003991975788606e+04
   32800           -1.17148695e+05            3.52571326e+00            9.96877442e-01            1.00393169e+00     9.915224617851087e+03     9.915602107281848e+03     9.915979889662283e+03     9.916357436089427e+03     9.916735044299583e+03     9.918245470748077e+03
   33000           -1.17101725e+05            1.66372665e+00            9.98800337e-01            1.00212933e+00     9.977457232285677e+03     9.977597891775309e+03     9.977738900211840e+03     9.977879643748272e+03     9.978020449625934e+03     9.978583666966189e+03
   33200           -1.17136738e+05            1.82011645e+00            9.98588631e-01            1.00223035e+00     9.975009965533509e+03     9.975168439291316e+03     9.975327224180648e+03     9.975485781913800e+03     9.975644389729081e+03     9.976278813924655e+03
   33400           -1.16947094e+05            4.79284079e+00            9.95643707e-01            1.00523352e+00     1.001127560647265e+04     1.001180638412198e+04     1.001233750446942e+04     1.001286836269223e+04     1.001339928367931e+04     1.001552296088597e+04
   33600           -1.16785435e+05            2.50145645e+00            9.97947262e-01            1.00295242e+00     9.868732237399039e+03     9.868975885160919e+03     9.869219861259422e+03     9.869463580656569e+03     9.869707363871645e+03     9.870682490344250e+03
   33800           -1.16936418e+05            5.93416891e+00            9.94542111e-01            1.00641600e+00     9.912187854791171e+03     9.912861433131440e+03     9.913535323599399e+03     9.914208950722554e+03     9.914882651755941e+03     9.917577448720709e+03
   34000           -1.16997960e+05            3.41160387e+00            9.97003481e-01            1.00382950e+00     9.888452501529069e+03     9.888811672342708e+03     9.889171122524151e+03     9.889530345028510e+03     9.889889628245064e+03     9.891326754961059e+03
   34200           -1.16995927e+05            5.70843645e+00            9.94749350e-01            1.00617136e+00     1.005656852764846e+04     1.005721443324226e+04     1.005786068735881e+04     1.005850667357426e+04     1.005915272502049e+04     1.006173692239252e+04
   34400           -1.17137010e+05            5.55986691e+00            9.94864520e-01            1.00598888e+00     1.004537976267642e+04     1.004600674219045e+04     1.004663407086943e+04     1.004726114649315e+04     1.004788827651288e+04     1.005039679034933e+04
   34600           -1.17334748e+05            2.05711065e+00            9.98396617e-01            1.00251270e+00     9.957234397480799e+03     9.957423615669972e+03     9.957613160965124e+03     9.957802467627638e+03     9.957991826882198e+03     9.958749256283600e+03
   34800           -1.17063099e+05            2.80505540e+00            9.97634465e-01            1.00324703e+00     9.931723354673690e+03     9.932008734424950e+03     9.932294449335133e+03     9.932579910517892e+03     9.932865431267333e+03     9.934007507860975e+03
   35000           -1.17103959e+05            5.93382204e+00            9.94546410e-01            1.00641965e+00     9.964128660910275e+03     9.964799586340814e+03     9.965470850870122e+03     9.966141852431732e+03     9.966812918351168e+03     9.969497175792059e+03
   35200           -1.17078336e+05            2.91611613e+00            9.97528926e-01            1.00336374e+00     9.826479328340742e+03     9.826777978767559e+03     9.827076967827175e+03     9.827375690882811e+03     9.827674480712751e+03     9.828869633084760e+03
   35400           -1.17184339e+05            2.58924883e+00            9.97872630e-01            1.00305351e+00     9.893853028236683e+03     9.894105890937266e+03     9.894359124327093e+03     9.894612092699770e+03     9.894865116732884e+03     9.895877205229086e+03
   35600           -1.16992959e+05            6.09710538e+00            9.94343499e-01            1.00654296e+00     1.000643022350844e+04     1.000712522569991e+04     1.000782059663311e+04     1.000851570709723e+04     1.000921087014743e+04     1.001199151678642e+04
   35800           -1.17133541e+05            3.09431642e+00            9.97359443e-01            1.00355087e+00     9.928006605122004e+03     9.928323624353350e+03     9.928641030027362e+03     9.928958163361600e+03     9.929275351403425e+03     9.930544097684846e+03
   36000           -1.17224805e+05            3.40515695e+00            9.97044724e-01            1.00385809e+00     1.003398466270348e+04     1.003434166694724e+04     1.003469903004874e+04     1.003505611898747e+04     1.003541327362481e+04     1.003684188454615e+04
   36200           -1.16751912e+05            1.84455533e+00            9.98631056e-01            1.00232192e+00     9.939103362444350e+03     9.939260311212105e+03     9.939417598836682e+03     9.939574642032352e+03     9.939731737386959e+03     9.940360112329568e+03
   36400           -1.16929269e+05            5.40620256e+00            9.95031814e-01            1.00584888e+00     9.954316561167920e+03     9.954924062406784e+03     9.955531945297173e+03     9.956139543982315e+03     9.956747207186581e+03     9.959177853205245e+03
   36600           -1.17154055e+05            5.95240893e+00            9.94492924e-01            1.00640293e+00     9.904397745493794e+03     9.905072117162510e+03     9.905746805766481e+03     9.906421254327952e+03     9.907095759582615e+03     9.909793773671436e+03
   36800           -1.17311127e+05            2.09102427e+00            9.98348905e-01            1.00253279e+00     9.914715640824985e+03     9.914908935447955e+03     9.915102644017852e+03     9.915296061780919e+03     9.915489538173404e+03     9.916263435521823e+03
   37000           -1.17296835e+05            3.49772964e+00            9.96990554e-01            1.00398941e+00     9.970934937329563e+03     9.971298741678484e+03     9.971662841967065e+03     9.972026699935932e+03     9.972390623122134e+03     9.973846308914704e+03
   37200           -1.17253215e+05            8.39055459e+00            9.92079624e-01            1.00886829e+00     9.914170199832750e+03     9.915150782788865e+03     9.916131691133438e+03     9.917112345479236e+03     9.918093062846738e+03     9.922015925860725e+03
   37400           -1.17253356e+05            4.36648548e+00            9.96084245e-01            1.00482111e+00     1.000539903841477e+04     1.000587701433753e+04     1.000635532954425e+04     1.000683338697019e+04     1.000731150513670e+04     1.000922397185863e+04
   37600           -1.16952028e+05            5.56803581e+00            9.94864602e-01            1.00600540e+00     1.001190579934195e+04     1.001253236191960e+04     1.001315927017039e+04     1.001378591290595e+04     1.001441261923691e+04     1.001691943913186e+04
   37800           -1.16947977e+05            5.77916598e+00            9.94717903e-01            1.00628188e+00     9.888295800544382e+03     9.888945256758259e+03     9.889595087311491e+03     9.890244646455587e+03     9.890894263703109e+03     9.893492726861838e+03
   38000           -1.17001744e+05            3.45975107e+00            9.96967998e-01            1.00389044e+00     9.958492346657918e+03     9.958859983341888e+03     9.959227945653276e+03     9.959595650997420e+03     9.959963420903345e+03     9.961434495148771e+03
   38200           -1.17126799e+05            3.88010964e+00            9.96572168e-01            1.00433587e+00     9.993520114633271e+03     9.993934663292344e+03     9.994349506101866e+03     9.994764108558262e+03     9.995178775689057e+03     9.996837436744845e+03
   38400           -1.17091020e+05            4.81510621e+00            9.95656743e-01            1.00529145e+00     9.954412790850403e+03     9.954943250878310e+03     9.955474102871836e+03     9.956004683374271e+03     9.956535317087059e+03     9.958657843323714e+03
   38600           -1.16986403e+05            4.01722707e+00            9.96481879e-01            1.00452032e+00     9.904953850259435e+03     9.905384666450831e+03     9.905815810411321e+03     9.906246716938451e+03     9.906677674895685e+03     9.908401499531936e+03
   38800           -1.16835295e+05            3.93843960e+00            9.96514259e-01            1.00439468e+00     9.904368966988135e+03     9.904789698545361e+03     9.905210804794404e+03     9.905631636333961e+03     9.906052528377930e+03     9.907736089767724e+03
   39000           -1.16852322e+05            8.92991717e+00            9.91566331e-01            1.00943463e+00     9.948889830109496e+03     9.949933386852106e+03     9.950977292723819e+03     9.952020932669962e+03     9.953064636025558e+03     9.957239441941621e+03
   39200           -1.16861604e+05            8.10409140e+00            9.92365162e-01            1.00858066e+00     9.933941514015054e+03     9.934886898501913e+03     9.935832632485275e+03     9.936778097146853e+03     9.937723626863717e+03     9.941505739712382e+03
   39400           -1.17111300e+05            4.50801292e+00            9.95917805e-01            1.00493763e+00     9.953450060921854e+03     9.953948033381484e+03     9.954446286663584e+03     9.954944314273996e+03     9.955442401396578e+03     9.957434741871302e+03
   39600           -1.17080799e+05            8.97788871e+00            9.91473459e-01            1.00943693e+00     9.948363520767973e+03     9.949420308573899e+03     9.950477442250116e+03     9.951534311385609e+03     9.952591244013443e+03     9.956818967258912e+03
   39800           -1.16967312e+05            1.92203396e+00            9.98512108e-01            1.00235784e+00     1.003174097505715e+04     1.003191034087846e+04     1.003208007755331e+04     1.003224955017519e+04     1.003241907753575e+04     1.003309718001435e+04
   40000           -1.17044103e+05            3.29401293e+00            9.97172468e-01            1.00376355e+00     9.916827642256168e+03     9.917165508039661e+03     9.917503699089142e+03     9.917841647847008e+03     9.918179651735680e+03     9.919531661215189e+03
   40200           -1.17065794e+05            3.11910475e+00            9.97342060e-01            1.00358314e+00     9.911028200544817e+03     9.911348218836705e+03     9.911668572589202e+03     9.911988669481661e+03     9.912308828331894e+03     9.913589456118973e+03
   40400           -1.17243924e+05            2.10382790e+00            9.98313279e-01            1.00252269e+00     9.892826888871923e+03     9.893023800298422e+03     9.893221012321308e+03     9.893417984224032e+03     9.893615017760438e+03     9.894403146648956e+03
   40600           -1.17492336e+05            2.26247326e+00            9.98198915e-01            1.00272595e+00     9.942714800069223e+03     9.942930507635176e+03     9.943146601503402e+03     9.943362404866823e+03     9.943578275034395e+03     9.944441749999565e+03
   40800           -1.17167285e+05            7.09079714e+00            9.93372816e-01            1.00756079e+00     9.952981580260619e+03     9.953796316273290e+03     9.954611396767297e+03     9.955426231076421e+03     9.956241116949315e+03     9.959500653638010e+03
   41000           -1.17171347e+05            2.61692429e+00            9.97805780e-01            1.00304184e+00     9.947131722387518e+03     9.947390763391903e+03     9.947650120716222e+03     9.947909242096946e+03     9.948168417976913e+03     9.949205113566308e+03
   41200           -1.17141982e+05            1.58643376e+00            9.98858918e-01            1.00203320e+00     9.883559587887165e+03     9.883688804309571e+03     9.883818411126440e+03     9.883947729136597e+03     9.884077111982499e+03     9.884594636077831e+03
   41400           -1.17115016e+05            2.47048653e+00            9.98018931e-01            1.00296232e+00     9.998414892491523e+03     9.998650888741064e+03     9.998887191886568e+03     9.999123241839477e+03     9.999359360941038e+03     1.000030382939056e+04
   41600           -1.17216535e+05            1.11502542e+01            9.89331927e-01            1.01164237e+00     1.001135289068365e+04     1.001267834115591e+04     1.001400410047763e+04     1.001532962970168e+04     1.001665521136619e+04     1.002195753204872e+04
   41800           -1.17327045e+05            1.45831715e+01            9.85969318e-01            1.01514991e+00     9.973825598338768e+03     9.975577450639128e+03     9.977329620534872e+03     9.979081545153404e+03     9.980833529655238e+03     9.987841460971707e+03
   42000           -1.17172383e+05            6.52768269e+00            9.93945500e-01            1.00700690e+00     9.983859988069440e+03     9.984604498587296e+03     9.985349364178379e+03     9.986093962554254e+03     9.986838623113423e+03     9.989817258157405e+03
   42200           -1.17116415e+05            6.53212676e+00            9.93933907e-01            1.00700410e+00     1.007416755401142e+04     1.007491364758785e+04     1.007566005263333e+04     1.007640621111569e+04     1.007715243287459e+04     1.008013731173775e+04
   42400           -1.17070502e+05            9.82891944e+00            9.90649406e-01            1.01031610e+00     9.940106065907783e+03     9.941266470734705e+03     9.942427202960331e+03     9.943587680854413e+03     9.944748221524704e+03     9.949390377141626e+03
   42600           -1.17390271e+05            3.49454959e+00            9.96954317e-01            1.00394654e+00     9.897489902097484e+03     9.897860604216477e+03     9.898231641318156e+03     9.898602423981132e+03     9.898973267068808e+03     9.900456632040132e+03
   42800           -1.17114649e+05            4.82587750e+00            9.95626197e-01            1.00528226e+00     9.987592948428301e+03     9.988125696147865e+03     9.988658799352863e+03     9.989191646636113e+03     9.989724548516429e+03     9.991856148604556e+03
   43000           -1.17100749e+05            3.79107019e+00            9.96677774e-01            1.00426345e+00     1.004062449846627e+04     1.004102588783077e+04     1.004142761857909e+04     1.004182908905511e+04     1.004223062173308e+04     1.004383674499989e+04
   43200           -1.17122626e+05            4.68289475e+00            9.95742075e-01            1.00511179e+00     9.887917255781076e+03     9.888437819239000e+03     9.888958606760485e+03     9.889479186127899e+03     9.889999832011243e+03     9.892082408241409e+03
   43400           -1.17097653e+05            6.62443221e+00            9.93814974e-01            1.00706950e+00     9.878507730615205e+03     9.879267878601542e+03     9.880028324176359e+03     9.880788552943028e+03     9.881548829573327e+03     9.884589928531446e+03
   43600           -1.17053987e+05            4.60079533e+00            9.95832349e-01            1.00503788e+00     9.959999417705661e+03     9.960509249872966e+03     9.961019448643307e+03     9.961529368251200e+03     9.962039354091257e+03     9.964079290476855e+03
   43800           -1.16823971e+05            1.08517659e+01            9.89595934e-01            1.01130843e+00     9.965263423722359e+03     9.966556643997907e+03     9.967850176970162e+03     9.969143469640048e+03     9.970436820762467e+03     9.975610217802576e+03
   44000           -1.17177695e+05            5.75995159e+00            9.94676682e-01            1.00620152e+00     9.937105389045566e+03     9.937757352773318e+03     9.938409615606944e+03     9.939061636478924e+03     9.939713721242759e+03     9.942322053439950e+03
   44200           -1.17172066e+05            6.99413546e+00            9.93440989e-01            1.00743516e+00     9.918350218201840e+03     9.919155869793549e+03     9.919961844204900e+03     9.920767586997450e+03     9.921573379176254e+03     9.924796540150670e+03
   44400           -1.17202536e+05            1.13944979e+01            9.89118652e-01            1.01191848e+00     9.858284529646819e+03     9.859635237709530e+03     9.860986300926119e+03     9.862337103429443e+03     9.863687963108361e+03     9.869091396569904e+03
   44600           -1.17151077e+05            1.52604319e+01            9.85301078e-01            1.01583694e+00     9.983642879917868e+03     9.985479550238693e+03     9.987316541067221e+03     9.989153278850854e+03     9.990990081099842e+03     9.998337282281816e+03
   44800           -1.17303431e+05            3.26956772e+00            9.97148708e-01            1.00369056e+00     1.001772523774261e+04     1.001806450072272e+04     1.001840407957471e+04     1.001874341857009e+04     1.001908281404220e+04     1.002044039034179e+04
   45000           -1.17348266e+05            4.00997637e+00            9.96434503e-01            1.00445799e+00     9.926896957263292e+03     9.927330116566331e+03     9.927763644422914e+03     9.928196899878114e+03     9.928630216415901e+03     9.930363475568509e+03
   45200           -1.17081259e+05            1.01808851e+01            9.90294461e-01            1.01066530e+00     9.880871553473769e+03     9.882078643771223e+03     9.883286081710259e+03     9.884493261147807e+03     9.885700499117231e+03     9.890529444760692e+03
   45400           -1.17323874e+05            4.95574109e+00            9.95510909e-01            1.00542696e+00     9.918799312142968e+03     9.919345909257074e+03     9.919892929598704e+03     9.920439644348942e+03     9.920986423942393e+03     9.923173535741818e+03
   45600           -1.17126875e+05            3.90983080e+00            9.96506822e-01            1.00432971e+00     9.969379446935776e+03     9.969800701455497e+03     9.970222268677901e+03     9.970643597402079e+03     9.971064982720880e+03     9.972750518505984e+03
   45800           -1.17140218e+05            5.04884820e+00            9.95409893e-01            1.00551216e+00     9.912738403630607e+03     9.913298939956743e+03     9.913859809733238e+03     9.914420422415589e+03     9.914981097909249e+03     9.917223792187890e+03
   46000           -1.17045138e+05            4.03904188e+00            9.96389890e-01            1.00447141e+00     9.941349668352923e+03     9.941784246166382e+03     9.942219138005763e+03     9.942653779072605e+03     9.943088485143957e+03     9.944827301934991e+03
   46200           -1.17057299e+05            7.94822194e+00            9.92514749e-01            1.00841827e+00     9.848790093429896e+03     9.849714676506434e+03     9.850639613682439e+03     9.851564284133103e+03     9.852489016689397e+03     9.856187939948897e+03
   46400           -1.16967971e+05            4.52520793e+00            9.95941498e-01            1.00499609e+00     9.929959011431913e+03     9.930453735843192e+03     9.930948753927001e+03     9.931443548765683e+03     9.931938396799786e+03     9.933917782167659e+03
   46600           -1.16986276e+05            5.49462075e+00            9.94969197e-01            1.00596345e+00     9.921434381897141e+03     9.922055354430191e+03     9.922676659828150e+03     9.923297701321986e+03     9.923918810238307e+03     9.926403238579473e+03
   46800           -1.16980618e+05            4.19279640e+00            9.96237410e-01            1.00462658e+00     9.992195794303449e+03     9.992651449405472e+03     9.993107398819242e+03     9.993563112581394e+03     9.994018887821907e+03     9.995841981340365e+03
   47000           -1.17107144e+05            4.85647618e+00            9.95572169e-01            1.00528923e+00     9.919668146594997e+03     9.920205907302188e+03     9.920743933251677e+03     9.921281741529774e+03     9.921819608553131e+03     9.923971070511267e+03
   47200           -1.17076837e+05            3.93326113e+00            9.96520482e-01            1.00439055e+00     9.944245235978236e+03     9.944667966207679e+03     9.945091044589475e+03     9.945513859919005e+03     9.945936737078240e+03     9.947628238178244e+03
   47400           -1.17236179e+05            4.64887351e+00            9.95767772e-01            1.00506934e+00     9.866897365961726e+03     9.867407971894207e+03     9.867918896685569e+03     9.868429575529140e+03     9.868940314716014e+03     9.870983263470300e+03
   47600           -1.16990931e+05            5.38885987e+00            9.95082746e-01            1.00586547e+00     9.953738352930326e+03     9.954337580537051e+03     9.954937155740550e+03     9.955536481001149e+03     9.956135859286907e+03     9.958533365643489e+03
   47800           -1.16900968e+05            7.55006572e+00            9.92939654e-01            1.00804695e+00     9.986730387269527e+03     9.987602457071400e+03     9.988474812179225e+03     9.989346934822559e+03     9.990219119664120e+03     9.993707852058713e+03
   48000           -1.17073863e+05            6.02859134e+00            9.94404668e-01            1.00646696e+00     9.985368380201749e+03     9.986054878392344e+03     9.986741662776029e+03     9.987428224213660e+03     9.988114841522311e+03     9.990861302842872e+03
   48200           -1.16938930e+05            8.05359958e+00            9.92392044e-01            1.00850613e+00     9.855071650168620e+03     9.856013175595353e+03     9.856955013853209e+03     9.857896606545233e+03     9.858838261212208e+03     9.862604872255795e+03
   48400           -1.16902481e+05            3.44372919e+00            9.97020314e-01            1.00391095e+00     9.878157894815531e+03     9.878517597868624e+03     9.878877640943469e+03     9.879237416349828e+03     9.879597259180166e+03     9.881036623544800e+03
   48600           -1.16812784e+05            7.27779054e+00            9.93199043e-01            1.00776136e+00     9.911683659853068e+03     9.912522572522104e+03     9.913361829998061e+03     9.914200815301889e+03     9.915039869396245e+03     9.918396078939422e+03
   48800           -1.17112020e+05            1.20613684e+01            9.88402809e-01            1.01253569e+00     9.973982010508285e+03     9.975424396691760e+03     9.976867132491219e+03     9.978309617839990e+03     9.979752155879376e+03     9.985522301250465e+03
   49000           -1.17118963e+05            9.24991596e+00            9.91215370e-01            1.00972336e+00     1.002057295606261e+04     1.002165725571477e+04     1.002274181414237e+04     1.002382617562274e+04     1.002491058481067e+04     1.002924821355872e+04
   49200           -1.17026487e+05            7.86916949e+00            9.92589600e-01            1.00833489e+00     9.999048445431587e+03     9.999963473965288e+03     1.000087882094567e+04     1.000179392254130e+04     1.000270908398141e+04     1.000636972253124e+04
   49400           -1.17178615e+05            5.75077061e+00            9.94694309e-01            1.00620087e+00     1.002874059242562e+04     1.002939156974410e+04     1.003004284884181e+04     1.003069388817183e+04     1.003134498936254e+04     1.003394938629946e+04
   49600           -1.17174473e+05            7.76854523e+00            9.92652378e-01            1.00819574e+00     9.877008728270543e+03     9.877915498397197e+03     9.878822513206651e+03     9.879729327233566e+03     9.880636195617095e+03     9.884263662963649e+03
   49800           -1.17063644e+05            6.01808187e+00            9.94464193e-01            1.00650605e+00     9.875698175223413e+03     9.876378957455438e+03     9.877060114424086e+03     9.877740988244890e+03     9.878421928338181e+03     9.881145681452950e+03
   50000           -1.16984156e+05            4.58771116e+00            9.95836224e-01            1.00501549e+00     9.856364458680937e+03     9.856869495734469e+03     9.857374898554675e+03     9.857880034252177e+03     9.858385228662268e+03     9.860405998643599e+03
