#This file was generated on Sun Feb 23 11:39:39 2025
#Using the somd command, of the molecular library Sire version <2024.4.0.dev> 
#For more information visit: https://github.com/openbiosim/sire
#
#General information on simulation parameters:
#Simulation used 50000 moves, 1 cycles and 200 ps of simulation time
#Generating lambda is		 0.25000
#Alchemical array is		 (0.0, 0.125, 0.25, 0.375, 0.5, 1.0)
#Generating temperature is 	25°C
#Energy was saved every 200 steps 
#
#
#   [step]               [potential]                [gradient]      [forward Metropolis]     [backward Metropolis]                   [u_kl]
     200           -8.35320958e+04            2.75724791e+00            9.97605508e-01            1.00312200e+00     6.863078897663066e+03     6.863380288663780e+03     6.863681929798562e+03     6.863983394378893e+03     6.864284894392095e+03     6.865490891121124e+03
     400           -8.11940421e+04            2.31296667e+00            9.98049622e-01            1.00267723e+00     6.921531345731069e+03     6.921775306508007e+03     6.922019466902929e+03     6.922263484193885e+03     6.922507532062631e+03     6.923483718394194e+03
     600           -7.96300575e+04            2.82879365e+00            9.97525082e-01            1.00318466e+00     6.873184654244446e+03     6.873495367550330e+03     6.873806323110586e+03     6.874117113144941e+03     6.874427934590550e+03     6.875671214936653e+03
     800           -7.85868805e+04            2.42177145e+00            9.97943999e-01            1.00278931e+00     6.841675832059333e+03     6.841935651971132e+03     6.842195674986739e+03     6.842455545129361e+03     6.842715451041268e+03     6.843755070023205e+03
    1000           -7.79426788e+04            2.07886851e+00            9.98288535e-01            1.00244780e+00     6.787490060813175e+03     6.787705505212175e+03     6.787921151334992e+03     6.788136645443866e+03     6.788352175330423e+03     6.789214289847672e+03
    1200           -7.74600127e+04            1.30263330e+00            9.99097967e-01            1.00170428e+00     6.829255158824458e+03     6.829374305124363e+03     6.829493701863009e+03     6.829612914623211e+03     6.829732167968480e+03     6.830209177112501e+03
    1400           -7.70948970e+04            5.20442153e+00            9.95171123e-01            1.00558380e+00     6.997553472319070e+03     6.998159651721657e+03     6.998766055600012e+03     6.999372291535239e+03     6.999978566380576e+03     7.002403660442081e+03
    1600           -7.71548285e+04            2.03941062e+00            9.98328931e-01            1.00240925e+00     6.902519214586805e+03     6.902731610985100e+03     6.902944185862407e+03     6.903156623391270e+03     6.903369094650044e+03     6.904218974713283e+03
    1800           -7.70498064e+04            1.72620808e+00            9.98620689e-01            1.00207430e+00     6.836443244482322e+03     6.836617139344684e+03     6.836791271255082e+03     6.836965237704547e+03     6.837139236842208e+03     6.837835229202093e+03
    2000           -7.69645996e+04            4.80602471e+00            9.95566167e-01            1.00518174e+00     6.883229188581082e+03     6.883785537331284e+03     6.884342126409245e+03     6.884898548384160e+03     6.885455003422161e+03     6.887680818263239e+03
    2200           -7.68750877e+04            2.19574692e+00            9.98171312e-01            1.00256441e+00     6.857098993455462e+03     6.857330891200949e+03     6.857563042506589e+03     6.857795021628687e+03     6.858027032474927e+03     6.858955071494393e+03
    2400           -7.68919322e+04            4.61581137e+00            9.95776674e-01            1.00501187e+00     6.839800965514779e+03     6.840333741187776e+03     6.840866767272632e+03     6.841399612506802e+03     6.841932496159720e+03     6.844064026804662e+03
    2600           -7.67750474e+04            3.61444691e+00            9.96733623e-01            1.00396501e+00     6.892322804154737e+03     6.892733526153144e+03     6.893144448516286e+03     6.893555221045712e+03     6.893966028358712e+03     6.895609252562686e+03
    2800           -7.65060315e+04            2.82765655e+00            9.97497683e-01            1.00315483e+00     6.845115662487136e+03     6.845428419864338e+03     6.845741356264185e+03     6.846054161453562e+03     6.846366996251402e+03     6.847618330015668e+03
    3000           -7.65410493e+04            1.96100204e+00            9.98368388e-01            1.00229168e+00     6.811516210945184e+03     6.811723295988325e+03     6.811930548189760e+03     6.812137663039018e+03     6.812344815658099e+03     6.813173420371015e+03
    3200           -7.65353911e+04            5.51031580e+00            9.94892104e-01            1.00591708e+00     6.884906672856954e+03     6.885550758198629e+03     6.886195007529396e+03     6.886839128023580e+03     6.887483281338799e+03     6.890059889820644e+03
    3400           -7.67111876e+04            5.69551429e+00            9.94674539e-01            1.00606968e+00     6.811261705477697e+03     6.811931914689218e+03     6.812602281479734e+03     6.813272529859739e+03     6.813942806224913e+03     6.816623906972128e+03
    3600           -7.66989935e+04            7.01624915e-01            9.99677753e-01            1.00108154e+00     6.886349808972016e+03     6.886392793050143e+03     6.886435984852963e+03     6.886479021690735e+03     6.886522094255318e+03     6.886694379538620e+03
    3800           -7.67732678e+04            3.02847872e+00            9.97328428e-01            1.00338753e+00     6.856620565440131e+03     6.856956706016321e+03     6.857293052076956e+03     6.857629252894866e+03     6.857965483561879e+03     6.859310401683625e+03
    4000           -7.67275708e+04            2.14239942e+00            9.98224412e-01            1.00251078e+00     6.868423463465032e+03     6.868648319945381e+03     6.868873396397107e+03     6.869098322180248e+03     6.869323276901421e+03     6.870223090337810e+03
    4200           -7.67911235e+04            1.34500741e+00            9.99013565e-01            1.00170454e+00     6.850871501311887e+03     6.850995353204677e+03     6.851119375344314e+03     6.851243270850425e+03     6.851367195694441e+03     6.851862890076995e+03
    4400           -7.66264846e+04            3.13288252e+00            9.97254089e-01            1.00352227e+00     6.895765127286426e+03     6.896109835334907e+03     6.896454789455142e+03     6.896799584378920e+03     6.897144404835545e+03     6.898523682384665e+03
    4600           -7.67738271e+04            9.52993443e-01            9.99368626e-01            1.00127523e+00     6.851998442812822e+03     6.852077351927814e+03     6.852156449310203e+03     6.852235404068741e+03     6.852314392805857e+03     6.852630342798892e+03
    4800           -7.68261564e+04            2.32135366e+00            9.98029490e-01            1.00267382e+00     6.934783147981580e+03     6.935032247639038e+03     6.935281556401181e+03     6.935530716054702e+03     6.935779907350970e+03     6.936776666720360e+03
    5000           -7.69975270e+04            3.33972825e+00            9.97030219e-01            1.00371213e+00     6.888165457514472e+03     6.888538331720226e+03     6.888911419424538e+03     6.889284360494300e+03     6.889657329599824e+03     6.891149201685177e+03
    5200           -7.68761092e+04            1.78004453e+00            9.98542425e-01            1.00210366e+00     6.924380784973858e+03     6.924564369145707e+03     6.924748135201743e+03     6.924931754979430e+03     6.925115413192107e+03     6.925850041410356e+03
    5400           -7.67699720e+04            7.67347748e-01            9.99602291e-01            1.00113755e+00     6.906324979552165e+03     6.906377491800653e+03     6.906430228563742e+03     6.906482797951935e+03     6.906535405744025e+03     6.906745831935889e+03
    5600           -7.67182343e+04            2.71588097e+00            9.97670059e-01            1.00310391e+00     6.830983843414163e+03     6.831277959740101e+03     6.831572313457582e+03     6.831866489734686e+03     6.832160706687401e+03     6.833337569960640e+03
    5800           -7.65939732e+04            1.28380950e+00            9.99082610e-01            1.00165117e+00     6.895040605721050e+03     6.895159629598906e+03     6.895278851012809e+03     6.895397922542033e+03     6.895517029300265e+03     6.895993452879478e+03
    6000           -7.65325283e+04            2.72921195e+00            9.97622158e-01            1.00308249e+00     6.884003717214539e+03     6.884302826997257e+03     6.884602079409055e+03     6.884901210158153e+03     6.885200376128607e+03     6.886397035042674e+03
    6200           -7.67726661e+04            1.73833157e+00            9.98650573e-01            1.00212859e+00     6.916580819399922e+03     6.916753846324569e+03     6.916927069175273e+03     6.917100145805220e+03     6.917273256140062e+03     6.917965692880201e+03
    6400           -7.67177062e+04            1.72951388e+00            9.98639923e-01            1.00210023e+00     6.802890055089737e+03     6.803059803620390e+03     6.803229767552318e+03     6.803399587097505e+03     6.803569432892044e+03     6.804248810694349e+03
    6600           -7.67655021e+04            1.19033418e+00            9.99179172e-01            1.00156072e+00     6.775135014315880e+03     6.775241711312022e+03     6.775348605784473e+03     6.775455347004638e+03     6.775562126222290e+03     6.775989238128702e+03
    6800           -7.65646965e+04            1.95917364e+00            9.98403950e-01            1.00232372e+00     6.878369297938626e+03     6.878571969116177e+03     6.878774869802584e+03     6.878977614452033e+03     6.879180388306838e+03     6.879991478675051e+03
    7000           -7.65634584e+04            2.35056706e+00            9.98026469e-01            1.00272937e+00     6.905009853716426e+03     6.905259081332424e+03     6.905508566869590e+03     6.905757877240044e+03     6.906007219924385e+03     6.907004586132343e+03
    7200           -7.66653845e+04            4.58757242e+00            9.95789102e-01            1.00496765e+00     6.790017546192686e+03     6.790546983492429e+03     6.791076671828312e+03     6.791606190160787e+03     6.792135739169716e+03     6.794253932146746e+03
    7400           -7.67742299e+04            1.42692963e+00            9.98942636e-01            1.00179755e+00     6.931750723473649e+03     6.931884534395031e+03     6.932018531958884e+03     6.932152390156390e+03     6.932286280584708e+03     6.932821837695767e+03
    7600           -7.68100681e+04            2.50642583e+00            9.97851256e-01            1.00286589e+00     6.935942328215796e+03     6.936213104555719e+03     6.936484061187759e+03     6.936754876434477e+03     6.937025727107626e+03     6.938109125999456e+03
    7800           -7.67952428e+04            1.62427373e+00            9.98749511e-01            1.00199927e+00     6.919200756578325e+03     6.919361748521518e+03     6.919522939586855e+03     6.919683979860770e+03     6.919845055686664e+03     6.920489354795003e+03
    8000           -7.68780968e+04            1.07635131e+00            9.99242181e-01            1.00139557e+00     6.854997387302834e+03     6.855093464419735e+03     6.855189741178518e+03     6.855285861623299e+03     6.855382021132014e+03     6.855766654961192e+03
    8200           -7.69196970e+04            2.45080223e+00            9.97963744e-01            1.00286738e+00     6.866490290704430e+03     6.866750994549941e+03     6.867011937163998e+03     6.867272709204504e+03     6.867533517156922e+03     6.868576743609414e+03
    8400           -7.67529312e+04            1.97559089e+00            9.98386103e-01            1.00233871e+00     6.823421479439642e+03     6.823625416190290e+03     6.823829561472120e+03     6.824033553107684e+03     6.824237579463394e+03     6.825053679487147e+03
    8600           -7.67209566e+04            1.06033008e+00            9.99298500e-01            1.00141992e+00     6.901665823214154e+03     6.901756279861157e+03     6.901846980384472e+03     6.901937502638052e+03     6.902028064349481e+03     6.902390305484808e+03
    8800           -7.65404533e+04            1.83269334e+00            9.98523535e-01            1.00219023e+00     6.866347308722260e+03     6.866534629150003e+03     6.866722162042802e+03     6.866909535525715e+03     6.867096946136714e+03     6.867846583551167e+03
    9000           -7.66792909e+04            2.80016001e+00            9.97579181e-01            1.00318162e+00     6.811549253993048e+03     6.811854080118031e+03     6.812159121754807e+03     6.812464005515373e+03     6.812768924495626e+03     6.813988594998204e+03
    9200           -7.65597415e+04            5.36699218e+00            9.94955074e-01            1.00569243e+00     6.797564982243569e+03     6.798197449614093e+03     6.798830141245322e+03     6.799462678757990e+03     6.800095246086857e+03     6.802625509930143e+03
    9400           -7.66148788e+04            2.09222116e+00            9.98284420e-01            1.00247044e+00     6.880627607230478e+03     6.880845605243627e+03     6.881063830934605e+03     6.881281888430614e+03     6.881499983715489e+03     6.882372360200501e+03
    9600           -7.67621659e+04            2.73116480e+00            9.97649294e-01            1.00311369e+00     6.912561543201437e+03     6.912860281300847e+03     6.913159259772820e+03     6.913458067563384e+03     6.913756910761710e+03     6.914952278321984e+03
    9800           -7.67143234e+04            3.59575678e+00            9.96771981e-01            1.00396612e+00     6.904897540939815e+03     6.905302973402891e+03     6.905708657380026e+03     6.906114165806154e+03     6.906519708835142e+03     6.908141876730469e+03
   10000           -7.67654645e+04            2.37929618e+00            9.97955477e-01            1.00271566e+00     6.814879980059447e+03     6.815137573422729e+03     6.815395347487348e+03     6.815652982832118e+03     6.815910651829884e+03     6.816941323600320e+03
   10200           -7.67956556e+04            2.21623066e+00            9.98130937e-01            1.00256493e+00     6.846568200975679e+03     6.846804065636694e+03     6.847040120264707e+03     6.847276032774230e+03     6.847511978141088e+03     6.848455755306495e+03
   10400           -7.68064988e+04            2.43032178e+00            9.97941972e-01            1.00280442e+00     6.856447884543762e+03     6.856707377698734e+03     6.856967081816304e+03     6.857226623877345e+03     6.857486204867958e+03     6.858524525192152e+03
   10600           -7.68687012e+04            2.17779339e+00            9.98185177e-01            1.00254234e+00     6.926943161530624e+03     6.927174568873930e+03     6.927406152933919e+03     6.927637602153515e+03     6.927869084155210e+03     6.928795006779796e+03
   10800           -7.66171857e+04            1.37707989e+00            9.99008197e-01            1.00176342e+00     6.818689501705138e+03     6.818818796823841e+03     6.818948344797768e+03     6.819077708071515e+03     6.819207111972897e+03     6.819724722240657e+03
   11000           -7.66879268e+04            3.51911635e+00            9.96842897e-01            1.00388366e+00     7.022594519829520e+03     7.022992541614924e+03     7.023390767890106e+03     7.023788849548360e+03     7.024186960798789e+03     7.025779401768058e+03
   11200           -7.67698929e+04            2.41855418e+00            9.97945402e-01            1.00278427e+00     6.881628416418616e+03     6.881887902628078e+03     6.882147567689925e+03     6.882407100909428e+03     6.882666663677904e+03     6.883704910937190e+03
   11400           -7.65233460e+04            2.34986241e+00            9.98004710e-01            1.00270610e+00     6.838570585746931e+03     6.838823635888542e+03     6.839076925446877e+03     6.839330046100925e+03     6.839583200986139e+03     6.840595816225347e+03
   11600           -7.68175965e+04            1.89470174e+00            9.98476997e-01            1.00226781e+00     6.839776769175438e+03     6.839968803724016e+03     6.840161074125835e+03     6.840353177585937e+03     6.840545315393465e+03     6.841313861611491e+03
   11800           -7.66977390e+04            1.60398906e+00            9.98763758e-01            1.00197292e+00     6.894981047269871e+03     6.895137015755827e+03     6.895293201435255e+03     6.895449236596758e+03     6.895605301261199e+03     6.896229555252527e+03
   12000           -7.66720663e+04            4.25835130e+00            9.96127916e-01            1.00464787e+00     6.967121196098901e+03     6.967610634329246e+03     6.968100239711911e+03     6.968589710785775e+03     6.969079217216717e+03     6.971037238334531e+03
   12200           -7.68041421e+04            1.99500760e+00            9.98389500e-01            1.00238105e+00     6.794620759588588e+03     6.794825349207584e+03     6.795030150673328e+03     6.795234793566571e+03     6.795439472830137e+03     6.796258186071685e+03
   12400           -7.66650104e+04            1.85487935e+00            9.98532773e-01            1.00224397e+00     6.848655914455223e+03     6.848843917769006e+03     6.849032173349572e+03     6.849220246342421e+03     6.849408358787705e+03     6.850160803120186e+03
   12600           -7.68295765e+04            4.23094728e+00            9.96113722e-01            1.00457849e+00     6.800139838255781e+03     6.800629038853325e+03     6.801118445213110e+03     6.801607705640939e+03     6.802096996289706e+03     6.804054154323631e+03
   12800           -7.66409280e+04            1.75656276e+00            9.98585933e-01            1.00210026e+00     6.932066693100138e+03     6.932243803275795e+03     6.932421146747822e+03     6.932598315805299e+03     6.932775525027610e+03     6.933484356955084e+03
   13000           -7.66241460e+04            1.98748322e+00            9.98345567e-01            1.00232185e+00     6.893008740804173e+03     6.893216095341039e+03     6.893423592731010e+03     6.893630968868155e+03     6.893838380043141e+03     6.894668019282110e+03
   13200           -7.66870661e+04            4.66994557e+00            9.95669557e-01            1.00501257e+00     6.858741372463749e+03     6.859285459197771e+03     6.859829758489446e+03     6.860373899396383e+03     6.860918076853701e+03     6.863094781243652e+03
   13400           -7.69338959e+04            1.79292474e+00            9.98541273e-01            1.00212832e+00     6.929564859380147e+03     6.929747264052165e+03     6.929929896844086e+03     6.930112367437809e+03     6.930294871927592e+03     6.931024884475038e+03
   13600           -7.68054126e+04            1.25960162e+00            9.99091973e-01            1.00161206e+00     6.903570720992921e+03     6.903685689846743e+03     6.903800869170307e+03     6.903915889913904e+03     6.904030948013532e+03     6.904491175034142e+03
   13800           -7.68114126e+04            1.14013370e+00            9.99232878e-01            1.00151400e+00     6.902784892049894e+03     6.902883865023712e+03     6.902983046212092e+03     6.903082068699764e+03     6.903181129391307e+03     6.903577366732719e+03
   14000           -7.68725888e+04            5.08777110e+00            9.95304605e-01            1.00548407e+00     6.827111934253189e+03     6.827700964002382e+03     6.828290189958408e+03     6.828879268866047e+03     6.829468382028655e+03     6.831824829804119e+03
   14200           -7.67436385e+04            2.39235579e+00            9.97955165e-01            1.00274153e+00     6.772789181892936e+03     6.773046945383120e+03     6.773304919713434e+03     6.773562749514846e+03     6.773820607029798e+03     6.774852032166660e+03
   14400           -7.67386125e+04            2.85361894e+00            9.97507171e-01            1.00321646e+00     6.851444491101397e+03     6.851757324343432e+03     6.852070395822328e+03     6.852383301455528e+03     6.852696239656323e+03     6.853947988211250e+03
   14600           -7.67130926e+04            2.12088225e+00            9.98218370e-01            1.00246157e+00     6.806719886127854e+03     6.806943295237897e+03     6.807166948657365e+03     6.807390440575956e+03     6.807613960515467e+03     6.808508034903080e+03
   14800           -7.67371846e+04            1.72230545e+00            9.98656554e-01            1.00210247e+00     6.862178011844050e+03     6.862350300112294e+03     6.862522811261252e+03     6.862695161349122e+03     6.862867546195175e+03     6.863557080546299e+03
   15000           -7.67336339e+04            3.72163339e+00            9.96683769e-01            1.00413003e+00     6.805670296193009e+03     6.806090286011624e+03     6.806510525101066e+03     6.806930587445356e+03     6.807350686072877e+03     6.809031075952745e+03
   15200           -7.67874011e+04            9.80290406e-01            9.99343575e-01            1.00130479e+00     6.842911500025358e+03     6.842994822636067e+03     6.843078306463934e+03     6.843161654510177e+03     6.843245040605247e+03     6.843578581185136e+03
   15400           -7.67604906e+04            1.41956076e+00            9.98925699e-01            1.00176580e+00     6.868796105324538e+03     6.868931942185026e+03     6.869067956452192e+03     6.869203831582078e+03     6.869339741997353e+03     6.869883378670167e+03
   15600           -7.68274357e+04            1.46714303e+00            9.98918767e-01            1.00185419e+00     6.904819524909798e+03     6.904958475589829e+03     6.905097668443583e+03     6.905236682461753e+03     6.905375736239086e+03     6.905931947568375e+03
   15800           -7.67700823e+04            3.16797165e+00            9.97178592e-01            1.00351672e+00     6.873296195457651e+03     6.873649878903823e+03     6.874003753759715e+03     6.874357493825524e+03     6.874711261617381e+03     6.876126327777110e+03
   16000           -7.67603433e+04            2.51074562e+00            9.97871003e-01            1.00289441e+00     6.848014762170283e+03     6.848284089353950e+03     6.848553658890559e+03     6.848823053050013e+03     6.849092484902656e+03     6.850170207635029e+03
   16200           -7.66935363e+04            5.60209680e-01            9.99814598e-01            1.00093544e+00     6.887068709177051e+03     6.887094473717689e+03     6.887120453375835e+03     6.887146285705563e+03     6.887172146461136e+03     6.887275583745221e+03
   16400           -7.67537584e+04            4.90657729e-01            9.99900880e-01            1.00088258e+00     6.847656931621936e+03     6.847673644885479e+03     6.847690590131115e+03     6.847707359682089e+03     6.847724170691635e+03     6.847791409761335e+03
   16600           -7.67973062e+04            9.88709647e-01            9.99368190e-01            1.00134632e+00     6.856229912690419e+03     6.856310165348351e+03     6.856390598707620e+03     6.856470886868903e+03     6.856551212989113e+03     6.856872513287807e+03
   16800           -7.66457256e+04            2.38133524e+00            9.97980762e-01            1.00274515e+00     6.946050551256521e+03     6.946304234475364e+03     6.946558075858656e+03     6.946811793085993e+03     6.947065542035140e+03     6.948080532813757e+03
   17000           -7.68139912e+04            1.95474987e+00            9.98399595e-01            1.00231048e+00     6.878816168422437e+03     6.879016907689848e+03     6.879217845959923e+03     6.879418640135796e+03     6.879619465824480e+03     6.880422763226524e+03
   17200           -7.69500094e+04            2.50748478e+00            9.97878962e-01            1.00289586e+00     6.905246837992032e+03     6.905514630456883e+03     6.905782624648539e+03     6.906050465444487e+03     6.906318342556337e+03     6.907389847120642e+03
   17400           -7.66691493e+04            6.50087644e+00            9.93890881e-01            1.00689758e+00     6.835902886864559e+03     6.836669462399760e+03     6.837436276924545e+03     6.838202935650584e+03     6.838969620076739e+03     6.842036353288921e+03
   17600           -7.67225241e+04            1.81177451e+00            9.98568864e-01            1.00219379e+00     6.827566092811465e+03     6.827748462711670e+03     6.827931025637558e+03     6.828113438178631e+03     6.828295888281184e+03     6.829025683750903e+03
   17800           -7.65865430e+04            5.09915177e+00            9.95310342e-01            1.00551275e+00     6.842943990646562e+03     6.843535478622925e+03     6.844127191493239e+03     6.844718749341423e+03     6.845310337450868e+03     6.847676684255174e+03
   18000           -7.66447070e+04            2.02956614e+00            9.98331203e-01            1.00239180e+00     6.828151103115886e+03     6.828362023841425e+03     6.828573161709657e+03     6.828784136353469e+03     6.828995148830578e+03     6.829839194545270e+03
   18200           -7.64956418e+04            5.04433409e+00            9.95315348e-01            1.00540758e+00     6.871729566409150e+03     6.872315304497277e+03     6.872901231635396e+03     6.873487015706093e+03     6.874072833776278e+03     6.876416101143406e+03
   18400           -7.64312347e+04            1.41248633e+00            9.98950034e-01            1.00177603e+00     6.884545113245254e+03     6.884677678545436e+03     6.884810448368251e+03     6.884943069742384e+03     6.885075723691580e+03     6.885606334137906e+03
   18600           -7.68155195e+04            1.23995718e+00            9.99156706e-01            1.00163760e+00     6.830278447914138e+03     6.830387218055283e+03     6.830496219500473e+03     6.830605056240441e+03     6.830713927212878e+03     6.831149406511619e+03
   18800           -7.64845956e+04            1.34975906e+00            9.98995694e-01            1.00169614e+00     6.805428416429196e+03     6.805556265674398e+03     6.805684309803196e+03     6.805812205917360e+03     6.805940137164575e+03     6.806451857899956e+03
   19000           -7.65266146e+04            2.93947783e+00            9.97455824e-01            1.00333709e+00     6.833733849541498e+03     6.834054578306450e+03     6.834375565410750e+03     6.834696378483210e+03     6.835017222794611e+03     6.836300596047726e+03
   19200           -7.66019775e+04            2.55113104e+00            9.97784474e-01            1.00288844e+00     6.901154943596452e+03     6.901433117235987e+03     6.901711483829519e+03     6.901989713042123e+03     6.902267970929894e+03     6.903380998263335e+03
   19400           -7.68208813e+04            3.67488638e+00            9.96693834e-01            1.00404629e+00     6.867919889653307e+03     6.868336884883382e+03     6.868754086198289e+03     6.869171133143353e+03     6.869588215989875e+03     6.871256542326442e+03
   19600           -7.67191337e+04            1.26954568e+00            9.99070843e-01            1.00161080e+00     6.869103706985467e+03     6.869219806291650e+03     6.869336110762670e+03     6.869452257431792e+03     6.869568442433779e+03     6.870033177882091e+03
   19800           -7.66457693e+04            2.67947008e+00            9.97666203e-01            1.00302699e+00     6.849155762251821e+03     6.849451642446340e+03     6.849747719454054e+03     6.850043652751257e+03     6.850339617943886e+03     6.851523473635952e+03
   20000           -7.67145545e+04            1.72888618e+00            9.98610814e-01            1.00206976e+00     6.909600097991730e+03     6.909775318697427e+03     6.909950734235940e+03     6.910126013284957e+03     6.910301320155234e+03     6.911002542318737e+03
   20200           -7.67988407e+04            4.25486601e+00            9.96108417e-01            1.00462120e+00     6.917703674861182e+03     6.918193331983105e+03     6.918683213921317e+03     6.919172938250660e+03     6.919662694328789e+03     6.921621713796397e+03
   20400           -7.67807767e+04            2.26652951e+00            9.98077478e-01            1.00261209e+00     6.808723645168173e+03     6.808965603171047e+03     6.809207730856228e+03     6.809449729282873e+03     6.809691759134213e+03     6.810659873100254e+03
   20600           -7.67996668e+04            1.42561051e+00            9.98926963e-01            1.00177919e+00     6.908038512661829e+03     6.908175632780674e+03     6.908312957935915e+03     6.908450131480247e+03     6.908587339419704e+03     6.909136166177578e+03
   20800           -7.67250095e+04            1.76808774e+00            9.98607904e-01            1.00214541e+00     6.882561152145362e+03     6.882737245068419e+03     6.882913549467833e+03     6.883089703368970e+03     6.883265888639458e+03     6.883970625133555e+03
   21000           -7.67880567e+04            3.26666594e+00            9.97071606e-01            1.00360713e+00     6.811459309601136e+03     6.811826096402898e+03     6.812193066606241e+03     6.812559903553700e+03     6.812926769917099e+03     6.814394230233062e+03
   21200           -7.67283187e+04            1.66929510e+00            9.98702656e-01            1.00204249e+00     6.915178617167930e+03     6.915345352128059e+03     6.915512336914597e+03     6.915679145749117e+03     6.915845990373840e+03     6.916513363579751e+03
   21400           -7.67190198e+04            5.52316575e+00            9.94862002e-01            1.00591250e+00     6.839500155840287e+03     6.840145210513855e+03     6.840790548989796e+03     6.841435691056532e+03     6.842080871060736e+03     6.844661586281185e+03
   21600           -7.67105901e+04            3.95855820e+00            9.96371113e-01            1.00429081e+00     6.826864593972106e+03     6.827320297656599e+03     6.827776166423425e+03     6.828231917545249e+03     6.828687694022005e+03     6.830510794071904e+03
   21800           -7.67827318e+04            2.45298087e+00            9.97916328e-01            1.00282410e+00     6.823111380654171e+03     6.823374320735332e+03     6.823637504032677e+03     6.823900515710510e+03     6.824163562378299e+03     6.825215744102426e+03
   22000           -7.68334895e+04            4.54654672e+00            9.95823052e-01            1.00491946e+00     6.842284499260794e+03     6.842811089863463e+03     6.843337868485611e+03     6.843864497178412e+03     6.844391164469274e+03     6.846497829677754e+03
   22200           -7.69364948e+04            2.26415696e+00            9.98113410e-01            1.00264343e+00     6.876205621935536e+03     6.876445623150570e+03     6.876685847978132e+03     6.876925905675927e+03     6.877166001795154e+03     6.878126381654770e+03
   22400           -7.68005115e+04            3.44176531e+00            9.96931413e-01            1.00381749e+00     6.854424327174695e+03     6.854812842271187e+03     6.855201534087350e+03     6.855590077885144e+03     6.855978663170824e+03     6.857532999166953e+03
   22600           -7.67314279e+04            3.35620377e+00            9.96968066e-01            1.00368263e+00     6.836953030027204e+03     6.837334211010679e+03     6.837715577400009e+03     6.838096798997395e+03     6.838478056609556e+03     6.840003083191908e+03
   22800           -7.69207578e+04            1.95978083e+00            9.98400200e-01            1.00232117e+00     6.889455416345882e+03     6.889658065231572e+03     6.889860914123555e+03     6.890063623053193e+03     6.890266360273981e+03     6.891077304202079e+03
   23000           -7.69156971e+04            8.96783983e-01            9.99462263e-01            1.00125648e+00     6.887732620104332e+03     6.887802331037858e+03     6.887872300110603e+03     6.887942087420133e+03     6.888011911272579e+03     6.888291202440824e+03
   23200           -7.67783288e+04            1.11265638e+00            9.99253846e-01            1.00147997e+00     6.886920349371062e+03     6.887017518312796e+03     6.887114884524736e+03     6.887212095981324e+03     6.887309346269985e+03     6.887698343168910e+03
   23400           -7.66928425e+04            2.18260827e+00            9.98189558e-01            1.00255640e+00     6.883199743560073e+03     6.883429419086438e+03     6.883659315426514e+03     6.883889055472748e+03     6.884118827768089e+03     6.885037911976103e+03
   23600           -7.67045111e+04            2.01446343e+00            9.98362208e-01            1.00239265e+00     6.843851795194278e+03     6.844059224197898e+03     6.844266872593421e+03     6.844474373250607e+03     6.844681900169464e+03     6.845512005144651e+03
   23800           -7.69130103e+04            3.83193200e+00            9.96543167e-01            1.00420988e+00     6.865776672740593e+03     6.866212646114797e+03     6.866648843412176e+03     6.867084878191748e+03     6.867520948083087e+03     6.869265223425581e+03
   24000           -7.67374288e+04            6.80639364e-01            9.99696557e-01            1.00105835e+00     6.855824189563742e+03     6.855864479721111e+03     6.855904954182134e+03     6.855945294207608e+03     6.855985664461087e+03     6.856147139358432e+03
   24200           -7.68348808e+04            1.93933650e+00            9.98406121e-01            1.00228613e+00     6.851089720362413e+03     6.851290820313750e+03     6.851492112842722e+03     6.851693257519477e+03     6.851894437972236e+03     6.852699155582059e+03
   24400           -7.65573636e+04            1.74030906e+00            9.98660082e-01            1.00214209e+00     6.865812164961666e+03     6.865982001592408e+03     6.866152068598238e+03     6.866321973358912e+03     6.866491910917744e+03     6.867171656873822e+03
   24600           -7.68096119e+04            1.87850121e+00            9.98483711e-01            1.00224207e+00     6.850809118165247e+03     6.851002089782824e+03     6.851195264528107e+03     6.851388289229279e+03     6.851581346993140e+03     6.852353575821033e+03
   24800           -7.64703325e+04            2.95119068e+00            9.97450916e-01            1.00335566e+00     6.897455163755515e+03     6.897778350901120e+03     6.898101735776927e+03     6.898424961703337e+03     6.898748229371760e+03     6.900041294988006e+03
   25000           -7.66902394e+04            2.44474165e+00            9.97892181e-01            1.00278331e+00     6.867816065750077e+03     6.868080690395571e+03     6.868345518819935e+03     6.868610197348038e+03     6.868874909521308e+03     6.869933753292539e+03
   25200           -7.66780267e+04            1.87921636e+00            9.98492570e-01            1.00225240e+00     6.872885834081690e+03     6.873077326169785e+03     6.873268993038989e+03     6.873460521699215e+03     6.873652086031459e+03     6.874418337981229e+03
   25400           -7.66249749e+04            3.09367965e+00            9.97291661e-01            1.00348139e+00     6.826165672458770e+03     6.826507883613597e+03     6.826850301534291e+03     6.827192568831957e+03     6.827534869005998e+03     6.828904065553227e+03
   25600           -7.67265715e+04            3.47297703e+00            9.96864515e-01            1.00381279e+00     6.891772980284863e+03     6.892166582666972e+03     6.892560449356449e+03     6.892954132399223e+03     6.893347851591002e+03     6.894922722897140e+03
   25800           -7.65895871e+04            3.28935403e+00            9.97073585e-01            1.00365467e+00     6.893022839304997e+03     6.893389650553085e+03     6.893756657619698e+03     6.894123524381114e+03     6.894490420113409e+03     6.895958000921822e+03
   26000           -7.68070215e+04            2.49359180e+00            9.97872338e-01            1.00286134e+00     6.825455661309981e+03     6.825722349137504e+03     6.825989256285243e+03     6.826256002224782e+03     6.826522784112824e+03     6.827589906915669e+03
   26200           -7.66458707e+04            5.48375776e+00            9.94901155e-01            1.00587280e+00     6.808809166105637e+03     6.809450023070224e+03     6.810091095427125e+03     6.810732030448650e+03     6.811372986837655e+03     6.813936807569674e+03
   26400           -7.67082879e+04            2.45051104e+00            9.97912805e-01            1.00281560e+00     6.767429362628442e+03     6.767692163041897e+03     6.767955213251890e+03     6.768218090042844e+03     6.768481000443481e+03     6.769532638258521e+03
   26600           -7.69007767e+04            2.21744160e+00            9.98147165e-01            1.00258366e+00     6.815356194187817e+03     6.815591757024043e+03     6.815827534849336e+03     6.816063149204343e+03     6.816298802269703e+03     6.817241410351588e+03
   26800           -7.66693943e+04            2.87381390e+00            9.97470910e-01            1.00322051e+00     6.865315916552518e+03     6.865633104554277e+03     6.865950491194287e+03     6.866267729320090e+03     6.866585001938228e+03     6.867854087323938e+03
   27000           -7.65623965e+04            2.85597974e+00            9.97489869e-01            1.00320379e+00     6.843627549717370e+03     6.843942401881684e+03     6.844257442271578e+03     6.844572346499239e+03     6.844887280295177e+03     6.846147010872985e+03
   27200           -7.67569660e+04            1.18149120e+00            9.99223357e-01            1.00158730e+00     6.941672158965473e+03     6.941773002477030e+03     6.941874048805645e+03     6.941974952538968e+03     6.942075885142736e+03     6.942479611320000e+03
   27400           -7.67208422e+04            3.60774770e+00            9.96744425e-01            1.00396244e+00     6.839176862951232e+03     6.839585712467288e+03     6.839994748769192e+03     6.840403636987760e+03     6.840812563580273e+03     6.842448264209313e+03
   27600           -7.67493850e+04            6.91855581e+00            9.93476254e-01            1.00731864e+00     6.872590934595534e+03     6.873412401457994e+03     6.874234100705788e+03     6.875055624182099e+03     6.875877188986864e+03     6.879163443378194e+03
   27800           -7.68113519e+04            5.08856045e+00            9.95250510e-01            1.00543101e+00     6.843197155549508e+03     6.843791017765006e+03     6.844385031486935e+03     6.844978940508666e+03     6.845572870576774e+03     6.847948585604039e+03
   28000           -7.65460227e+04            4.28506349e+00            9.96091704e-01            1.00466502e+00     6.864474734971066e+03     6.864965298066289e+03     6.865456040554544e+03     6.865946636978673e+03     6.866437272514534e+03     6.868399810058003e+03
   28200           -7.67229925e+04            2.48473707e+00            9.97910033e-01            1.00288146e+00     6.886097622118642e+03     6.886361992981317e+03     6.886626577058784e+03     6.886891004625107e+03     6.887155467133312e+03     6.888213312147983e+03
   28400           -7.68122165e+04            3.60304316e+00            9.96761454e-01            1.00397015e+00     6.843825330069457e+03     6.844234300825457e+03     6.844643488975059e+03     6.845052515239162e+03     6.845461578606240e+03     6.847097827143024e+03
   28600           -7.66905308e+04            1.67586803e+00            9.98680900e-01            1.00203383e+00     6.890684313957353e+03     6.890851867740476e+03     6.891019641674197e+03     6.891187254017573e+03     6.891354902088039e+03     6.892025490218726e+03
   28800           -7.65395828e+04            3.31211230e+00            9.97032427e-01            1.00365892e+00     6.839793166553616e+03     6.840165426145451e+03     6.840537882081523e+03     6.840910196972731e+03     6.841282542111036e+03     6.842771917668454e+03
   29000           -7.66132874e+04            9.83859485e-01            9.99364987e-01            1.00133339e+00     6.859300663828775e+03     6.859382635050702e+03     6.859464760640604e+03     6.859546753047150e+03     6.859628783040378e+03     6.859956902251980e+03
   29200           -7.66297076e+04            1.86616277e+00            9.98491896e-01            1.00222556e+00     6.846352331049490e+03     6.846543419258236e+03     6.846734736435194e+03     6.846925886553922e+03     6.847117073382836e+03     6.847881815716182e+03
   29400           -7.66819054e+04            1.63711645e+00            9.98752718e-01            1.00202823e+00     6.893584518472810e+03     6.893742548198305e+03     6.893900798845043e+03     6.894058889448512e+03     6.894217014769840e+03     6.894849511066869e+03
   29600           -7.68034091e+04            8.76196992e-01            9.99511678e-01            1.00126475e+00     6.887643826439176e+03     6.887708128582470e+03     6.887772652829857e+03     6.887837017896657e+03     6.887901416840105e+03     6.888159007241033e+03
   29800           -7.66400077e+04            1.91738042e+00            9.98380835e-01            1.00221674e+00     6.802854685822552e+03     6.803058378108168e+03     6.803262256161065e+03     6.803466000271066e+03     6.803669773522207e+03     6.804484861221866e+03
   30000           -7.66664939e+04            1.70318324e+00            9.98654773e-01            1.00206236e+00     6.850717053906051e+03     6.850885937425709e+03     6.851055019939070e+03     6.851223950729697e+03     6.851392918011947e+03     6.852068782117843e+03
   30200           -7.67475824e+04            1.48551201e+00            9.98880939e-01            1.00185305e+00     6.801011697453345e+03     6.801155183064826e+03     6.801298907958618e+03     6.801442464829379e+03     6.801586055342681e+03     6.802160413232018e+03
   30400           -7.69162710e+04            3.51614456e+00            9.96836222e-01            1.00387097e+00     6.865566828067075e+03     6.865965046154619e+03     6.866363434235117e+03     6.866761695014587e+03     6.867159985681384e+03     6.868753143295691e+03
   30600           -7.66891679e+04            6.13527340e+00            9.94217977e-01            1.00649273e+00     6.848837088208366e+03     6.849563560530532e+03     6.850290238283378e+03     6.851016759034464e+03     6.851743317745793e+03     6.854649547283219e+03
   30800           -7.67147469e+04            3.34324964e+00            9.97015230e-01            1.00370411e+00     6.902199207369976e+03     6.902574330708530e+03     6.902949673468857e+03     6.903324854839526e+03     6.903700072216943e+03     6.905200937063910e+03
   31000           -7.65911233e+04            4.67144119e+00            9.95678018e-01            1.00502411e+00     6.943483338182972e+03     6.944027874495183e+03     6.944572555461657e+03     6.945117115962577e+03     6.945661710132897e+03     6.947840082082823e+03
   31200           -7.66645235e+04            3.42988695e+00            9.96917250e-01            1.00377939e+00     6.989487199327318e+03     6.989873761574453e+03     6.990260543135827e+03     6.990647171360112e+03     6.991033830442310e+03     6.992580461557302e+03
   31400           -7.66572809e+04            7.26555447e-01            9.99655127e-01            1.00110879e+00     6.859867979255992e+03     6.859916633021362e+03     6.859965485156151e+03     6.860014187299381e+03     6.860062924972000e+03     6.860257870688008e+03
   31600           -7.68069455e+04            2.55139760e+00            9.97808556e-01            1.00291318e+00     6.919338296017163e+03     6.919612582537662e+03     6.919887036718270e+03     6.920161355724596e+03     6.920435710343385e+03     6.921533124669607e+03
   31800           -7.66738485e+04            3.52075210e+00            9.96825438e-01            1.00386936e+00     6.865068096264376e+03     6.865466543770513e+03     6.865865227542096e+03     6.866263744080522e+03     6.866662294993677e+03     6.868256493722979e+03
   32000           -7.65796711e+04            2.87169487e+00            9.97491393e-01            1.00323686e+00     6.846338307698640e+03     6.846656582619605e+03     6.846975078303502e+03     6.847293419791175e+03     6.847611792167378e+03     6.848885276636115e+03
   32200           -7.67439277e+04            3.65772455e+00            9.96723720e-01            1.00404194e+00     6.901236827327113e+03     6.901649533316930e+03     6.902062479398533e+03     6.902475251715351e+03     6.902888061287484e+03     6.904539295247854e+03
   32400           -7.65415290e+04            2.60067850e+00            9.97783348e-01            1.00298670e+00     6.826623083520233e+03     6.826904531027669e+03     6.827186221207656e+03     6.827467746113909e+03     6.827749301879290e+03     6.828875520238347e+03
   32600           -7.66200982e+04            4.59447389e+00            9.95764672e-01            1.00495687e+00     6.861803481502175e+03     6.862334182583307e+03     6.862865071406126e+03     6.863395814289526e+03     6.863926593720322e+03     6.866049705938470e+03
   32800           -7.66117939e+04            4.65498669e+00            9.95715578e-01            1.00502895e+00     6.910064966981597e+03     6.910605100964615e+03     6.911145437074696e+03     6.911685609205767e+03     6.912225824965654e+03     6.914386682949711e+03
   33000           -7.67745166e+04            2.89027017e+00            9.97463241e-01            1.00324581e+00     6.851995861960357e+03     6.852313542593363e+03     6.852631446871755e+03     6.852949193282530e+03     6.853266971696733e+03     6.854538081433110e+03
   33200           -7.70122385e+04            1.59660493e+00            9.98754936e-01            1.00194927e+00     6.917439672952792e+03     6.917594850212702e+03     6.917750265685578e+03     6.917905520868757e+03     6.918060805058659e+03     6.918681937164526e+03
   33400           -7.66746990e+04            1.17501445e+00            9.99181014e-01            1.00153188e+00     6.869407176057446e+03     6.869510876164547e+03     6.869614823185735e+03     6.869718601356495e+03     6.869822411577727e+03     6.870237647098007e+03
   33600           -7.66877727e+04            3.44382567e+00            9.96896985e-01            1.00378696e+00     6.888352860593640e+03     6.888740965363958e+03     6.889129266176826e+03     6.889517428987798e+03     6.889905620192505e+03     6.891458379791371e+03
   33800           -7.65585691e+04            1.22137172e+00            9.99134590e-01            1.00157820e+00     6.837267839851289e+03     6.837378573438275e+03     6.837489553297140e+03     6.837600359148156e+03     6.837711200300243e+03     6.838154560749198e+03
   34000           -7.66227044e+04            1.38975486e+00            9.98949520e-01            1.00172997e+00     6.873886802970693e+03     6.874020501741932e+03     6.874154415391720e+03     6.874288168986105e+03     6.874421958956506e+03     6.874957114942320e+03
   34200           -7.66496193e+04            8.70595470e-01            9.99484836e-01            1.00122665e+00     6.892136138696324e+03     6.892203039066332e+03     6.892270160097715e+03     6.892337113651195e+03     6.892404106836143e+03     6.892672074975963e+03
   34400           -7.66507922e+04            2.00970212e+00            9.98375648e-01            1.00239660e+00     6.883491122916713e+03     6.883697498799482e+03     6.883904069294029e+03     6.884110497671019e+03     6.884316956552711e+03     6.885142790188708e+03
   34600           -7.66539064e+04            2.96959585e+00            9.97386417e-01            1.00332771e+00     6.832884787045218e+03     6.833214505127125e+03     6.833544421945851e+03     6.833874192881914e+03     6.834203996329938e+03     6.835523205614657e+03
   34800           -7.69166921e+04            2.71972087e+00            9.97649322e-01            1.00309076e+00     6.917800407107748e+03     6.918097274131167e+03     6.918394348126557e+03     6.918691275982400e+03     6.918988233969569e+03     6.920176060831391e+03
   35000           -7.66709917e+04            3.81305329e+00            9.96525096e-01            1.00415375e+00     6.826575748939235e+03     6.827011268858371e+03     6.827446995710646e+03     6.827882569499515e+03     6.828318177819556e+03     6.830060606699877e+03
   35200           -7.65138053e+04            9.16548670e-01            9.99433316e-01            1.00126706e+00     6.830670392863702e+03     6.830741959998488e+03     6.830813711123294e+03     6.830885338752249e+03     6.830956988532722e+03     6.831243584201742e+03
   35400           -7.67579062e+04            2.10878463e+00            9.98265315e-01            1.00248446e+00     6.854130754866119e+03     6.854347103054912e+03     6.854563650443510e+03     6.854780052289586e+03     6.854996486388503e+03     6.855862217910888e+03
   35600           -7.67386963e+04            1.90678751e+00            9.98467461e-01            1.00228246e+00     6.831549390076955e+03     6.831745947945133e+03     6.831942701162878e+03     6.832139306646020e+03     6.832335947048643e+03     6.833122504020331e+03
   35800           -7.68739386e+04            4.43120422e+00            9.95937880e-01            1.00480352e+00     6.945300645139051e+03     6.945809604305497e+03     6.946318802491397e+03     6.946827839759959e+03     6.947336906209235e+03     6.949373167279418e+03
   36000           -7.68434615e+04            4.21253334e+00            9.96165077e-01            1.00459329e+00     6.873176335136486e+03     6.873659085382027e+03     6.874142009010763e+03     6.874624806963771e+03     6.875107632846876e+03     6.877038930557267e+03
   36200           -7.66732715e+04            2.87688835e+00            9.97479918e-01            1.00323574e+00     6.864521132161422e+03     6.864838047715244e+03     6.865155162241859e+03     6.865472137932133e+03     6.865789141615043e+03     6.867057151068664e+03
   36400           -7.67430306e+04            1.70770690e+00            9.98638763e-01            1.00205536e+00     6.870949594139188e+03     6.871121673330749e+03     6.871293953816002e+03     6.871466096540604e+03     6.871638265545548e+03     6.872326936951909e+03
   36600           -7.65762530e+04            9.43271414e+00            9.90968456e-01            1.00984096e+00     6.833171976154385e+03     6.834309843782739e+03     6.835447901557312e+03     6.836585808982353e+03     6.837723754937781e+03     6.842275533721177e+03
   36800           -7.69058529e+04            1.70942820e+00            9.98634655e-01            1.00205469e+00     6.816186880383999e+03     6.816358787555183e+03     6.816530964410327e+03     6.816702958189473e+03     6.816874985542458e+03     6.817563090700918e+03
   37000           -7.66911614e+04            1.91094375e+00            9.98459725e-01            1.00228303e+00     6.836369057455588e+03     6.836562243882220e+03     6.836755653216449e+03     6.836948913815430e+03     6.837142200659656e+03     6.837915343863723e+03
   37200           -7.67351754e+04            1.51216351e+00            9.98829913e-01            1.00185527e+00     6.877756981279900e+03     6.877905800910092e+03     6.878054810390789e+03     6.878203665643060e+03     6.878352562341587e+03     6.878948143403273e+03
   37400           -7.66737403e+04            6.25347942e-01            9.99725188e-01            1.00097632e+00     6.835159089796611e+03     6.835193551727526e+03     6.835228211131764e+03     6.835262734093923e+03     6.835297284101470e+03     6.835435478406330e+03
   37600           -7.66648009e+04            5.66862259e+00            9.94738902e-01            1.00608067e+00     6.879879131228967e+03     6.880541025796885e+03     6.881203139475926e+03     6.881865108275186e+03     6.882527102284695e+03     6.885175073340422e+03
   37800           -7.64246066e+04            1.67802571e+00            9.98662785e-01            1.00201998e+00     6.873913407856207e+03     6.874081560845751e+03     6.874249876289069e+03     6.874418057020903e+03     6.874586275077122e+03     6.875259142298038e+03
   38000           -7.65894308e+04            1.73016544e+00            9.98622362e-01            1.00208391e+00     6.842175186986346e+03     6.842348133138163e+03     6.842521282095090e+03     6.842694273947148e+03     6.842867304595926e+03     6.843559422205506e+03
   38200           -7.68137638e+04            2.63868420e+00            9.97711569e-01            1.00299078e+00     6.832656752490451e+03     6.832942623893112e+03     6.833228668819356e+03     6.833514572645116e+03     6.833800514236965e+03     6.834944275983478e+03
   38400           -7.67343069e+04            3.75360364e+00            9.96589267e-01            1.00409902e+00     6.883578519721280e+03     6.884005492464694e+03     6.884432650846949e+03     6.884859685789197e+03     6.885286742138035e+03     6.886994964554790e+03
   38600           -7.66314325e+04            2.22191109e+00            9.98128832e-01            1.00257421e+00     6.790403274308792e+03     6.790638677016356e+03     6.790874238593297e+03     6.791109675101360e+03     6.791345143830857e+03     6.792287013352922e+03
   38800           -7.67884565e+04            1.24402686e+00            9.99134792e-01            1.00162379e+00     6.860475505600600e+03     6.860586805049294e+03     6.860698368748600e+03     6.860809750891543e+03     6.860921167532802e+03     6.861366829465004e+03
   39000           -7.68430986e+04            6.87025917e+00            9.93505512e-01            1.00725101e+00     6.898806861802172e+03     6.899622385635805e+03     6.900438107411718e+03     6.901253692514156e+03     6.902069304106211e+03     6.905331746410250e+03
   39200           -7.68593314e+04            3.63218155e+00            9.96736322e-01            1.00400334e+00     6.850843791702892e+03     6.851252875801220e+03     6.851662148002662e+03     6.852071282670839e+03     6.852480447979625e+03     6.854117104256357e+03
   39400           -7.67308644e+04            1.02540057e+00            9.99340687e-01            1.00139224e+00     6.849774230163867e+03     6.849858964475436e+03     6.849943837222342e+03     6.850028601034048e+03     6.850113392856686e+03     6.850452555549505e+03
   39600           -7.66883491e+04            4.82366259e+00            9.95515248e-01            1.00516578e+00     6.728045828321104e+03     6.728608748016873e+03     6.729171816874283e+03     6.729734754902743e+03     6.730297732222154e+03     6.732549636123204e+03
   39800           -7.66547071e+04            3.73772004e+00            9.96588517e-01            1.00406637e+00     6.843286537210980e+03     6.843715305986952e+03     6.844144254756342e+03     6.844573067912361e+03     6.845001913326448e+03     6.846717289441915e+03
   40000           -7.66346707e+04            6.59427706e-01            9.99702325e-01            1.00102166e+00     6.905555840521148e+03     6.905593517357780e+03     6.905631404652209e+03     6.905669136144894e+03     6.905706903009613e+03     6.905857965498078e+03
   40200           -7.68228904e+04            1.83266699e+00            9.98551663e-01            1.00221840e+00     6.807277980132904e+03     6.807463453944319e+03     6.807649157452773e+03     6.807834690954831e+03     6.808020261507593e+03     6.808762542882282e+03
   40400           -7.66107973e+04            1.16844955e+00            9.99147099e-01            1.00148474e+00     6.865424580708109e+03     6.865527789757302e+03     6.865631174794351e+03     6.865734436404052e+03     6.865837723179547e+03     6.866250865650985e+03
   40600           -7.66436932e+04            8.64383879e-01            9.99495613e-01            1.00122500e+00     6.844401793424759e+03     6.844466148529308e+03     6.844530724292244e+03     6.844595140846649e+03     6.844659591512810e+03     6.844917389600861e+03
   40800           -7.66868088e+04            1.74203313e+00            9.98624750e-01            1.00211009e+00     6.876899571985899e+03     6.877074577964636e+03     6.877249830448241e+03     6.877424909993713e+03     6.877600024056916e+03     6.878300476127934e+03
   41000           -7.66055072e+04            1.43724308e+00            9.98876269e-01            1.00175166e+00     6.808445545133280e+03     6.808584644820524e+03     6.808723913532935e+03     6.808863054117384e+03     6.809002225191605e+03     6.809558905249931e+03
   41200           -7.68510229e+04            2.54940967e+00            9.97825695e-01            1.00292642e+00     6.826760216649076e+03     6.827035176323291e+03     6.827310370425948e+03     6.827585392693701e+03     6.827860452622438e+03     6.828960688595801e+03
   41400           -7.65989091e+04            3.81093951e+00            9.96547519e-01            1.00417210e+00     6.860917645983754e+03     6.861350709726150e+03     6.861783998810544e+03     6.862217135156277e+03     6.862650299436586e+03     6.864382952889418e+03
   41600           -7.66184989e+04            1.70928090e+00            9.98666665e-01            1.00208651e+00     6.879688680135480e+03     6.879857852593908e+03     6.880027226853815e+03     6.880196462463415e+03     6.880365724501772e+03     6.881042768868064e+03
   41800           -7.68311928e+04            6.26987947e+00            9.94145034e-01            1.00668986e+00     6.773092122368392e+03     6.773830518813698e+03     6.774569130815603e+03     6.775307582819044e+03     6.776046071314619e+03     6.779000020260847e+03
   42000           -7.67827330e+04            3.91536712e+00            9.96460439e-01            1.00429409e+00     6.740826340834618e+03     6.741272779412777e+03     6.741719429061065e+03     6.742165932451072e+03     6.742612464620789e+03     6.744398588406960e+03
   42200           -7.68027830e+04            1.33298136e+00            9.99061873e-01            1.00172889e+00     6.905310999937018e+03     6.905432858390948e+03     6.905554966626481e+03     6.905676895213687e+03     6.905798861974522e+03     6.906286724012026e+03
   42400           -7.66574662e+04            1.87200509e+00            9.98482715e-01            1.00222805e+00     6.845977477500184e+03     6.846170402984782e+03     6.846363494976514e+03     6.846556454336266e+03     6.846749448399692e+03     6.847521419299200e+03
   42600           -7.66471641e+04            3.08556794e+00            9.97263267e-01            1.00343654e+00     6.965991637351105e+03     6.966336156031713e+03     6.966680888614123e+03     6.967025465888400e+03     6.967370077150215e+03     6.968748516949327e+03
   42800           -7.65105243e+04            2.82454422e+00            9.97535369e-01            1.00318648e+00     6.765811338281529e+03     6.766123706361199e+03     6.766436268383561e+03     6.766748684311156e+03     6.767061134372701e+03     6.768310930463872e+03
   43000           -7.67063379e+04            4.04462424e+00            9.96319590e-01            1.00441175e+00     6.816734642370437e+03     6.817194012370453e+03     6.817653557064957e+03     6.818112972803473e+03     6.818572418041333e+03     6.820410193712230e+03
   43200           -7.64702809e+04            1.63972080e+00            9.98690913e-01            1.00197144e+00     6.827291703855567e+03     6.827456435406658e+03     6.827621356706698e+03     6.827786135882461e+03     6.827950948360247e+03     6.828610192864927e+03
   43400           -7.64901325e+04            1.97288233e+00            9.98369028e-01            1.00231614e+00     6.726183150277761e+03     6.726387564390368e+03     6.726592146993468e+03     6.726796608252453e+03     6.727001095941128e+03     6.727819041604495e+03
   43600           -7.63995272e+04            1.93012954e+00            9.98427104e-01            1.00228874e+00     6.836564765786077e+03     6.836762333050894e+03     6.836960099336296e+03     6.837157715072505e+03     6.837355366348183e+03     6.838145966910291e+03
   43800           -7.67278053e+04            3.54170207e+00            9.96796903e-01            1.00388268e+00     6.822624469624842e+03     6.823027125092512e+03     6.823430004059198e+03     6.823832723406026e+03     6.824235476328184e+03     6.825846483031525e+03
   44000           -7.66803792e+04            1.48114446e+00            9.98895846e-01            1.00185925e+00     6.843870358683936e+03     6.844010844517636e+03     6.844151569311050e+03     6.844292121759203e+03     6.844432710723481e+03     6.844995062763028e+03
   44200           -7.68390372e+04            1.20972967e+00            9.99138407e-01            1.00155871e+00     6.812930943194780e+03     6.813039438189776e+03     6.813148100032419e+03     6.813256633384754e+03     6.813365198551939e+03     6.813799453909099e+03
   44400           -7.68617246e+04            1.86513562e+00            9.98487252e-01            1.00221884e+00     6.866264784483532e+03     6.866454659647543e+03     6.866644739495484e+03     6.866834670875422e+03     6.867024634265693e+03     6.867784484047854e+03
   44600           -7.68904631e+04            1.53871809e+00            9.98831292e-01            1.00190987e+00     6.843731816226728e+03     6.843880625346566e+03     6.844029699666882e+03     6.844178593909071e+03     6.844327521216470e+03     6.844923226206212e+03
   44800           -7.66772085e+04            3.84840663e+00            9.96512181e-01            1.00421174e+00     6.911261126055755e+03     6.911699636541067e+03     6.912138343508017e+03     6.912576901773137e+03     6.913015495640640e+03     6.914769865225527e+03
   45000           -7.67578246e+04            1.87879723e+00            9.98494487e-01            1.00225348e+00     6.815318221067409e+03     6.815510331664992e+03     6.815702668694827e+03     6.815894834843052e+03     6.816087040990194e+03     6.816855860912979e+03
   45200           -7.68012478e+04            1.77020793e+00            9.98578601e-01            1.00212025e+00     6.895104886246377e+03     6.895285065546709e+03     6.895465424735912e+03     6.895645637545118e+03     6.895825888622225e+03     6.896546890998073e+03
   45400           -7.67742607e+04            1.36800940e+00            9.99002861e-01            1.00173989e+00     6.860221727627030e+03     6.860348317687084e+03     6.860475079839950e+03     6.860601707420413e+03     6.860728368871921e+03     6.861235010116811e+03
   45600           -7.67151131e+04            1.88071233e+00            9.98494435e-01            1.00225727e+00     6.821644246600467e+03     6.821834410720166e+03     6.822024809955315e+03     6.822215045623006e+03     6.822405313641922e+03     6.823166380683377e+03
   45800           -7.70531259e+04            2.30807795e+00            9.98039784e-01            1.00265754e+00     6.877641829612740e+03     6.877888860342624e+03     6.878136086168179e+03     6.878383170396650e+03     6.878630285014847e+03     6.879618740416952e+03
   46000           -7.69170155e+04            1.30671715e+00            9.99068826e-01            1.00168324e+00     6.864764503780190e+03     6.864884476463182e+03     6.865004665365885e+03     6.865124691552703e+03     6.865244755550416e+03     6.865725007320641e+03
   46200           -7.70569552e+04            2.25468831e+00            9.98104341e-01            1.00261533e+00     6.832692237959680e+03     6.832931523202531e+03     6.833171000939381e+03     6.833410329474264e+03     6.833649695086736e+03     6.834607152213792e+03
   46400           -7.70565781e+04            9.39116430e-01            9.99448102e-01            1.00132706e+00     6.873738380217505e+03     6.873812217870875e+03     6.873886285454270e+03     6.873960190781729e+03     6.874034128908001e+03     6.874329877598497e+03
   46600           -7.71094570e+04            1.22522225e+00            9.99131529e-01            1.00158285e+00     6.877655029163181e+03     6.877766827969591e+03     6.877878809693688e+03     6.877990657318067e+03     6.878102535143979e+03     6.878550041124778e+03
   46800           -7.68176524e+04            3.34440676e+00            9.97019982e-01            1.00371122e+00     6.832201169430604e+03     6.832574226957197e+03     6.832947517720419e+03     6.833320636340050e+03     6.833693793127522e+03     6.835186416824441e+03
   47000           -7.66822430e+04            3.29820424e+00            9.97074644e-01            1.00367350e+00     6.863044792627356e+03     6.863413418914120e+03     6.863782271268723e+03     6.864150963438920e+03     6.864519688664715e+03     6.865994584702073e+03
   47200           -7.67739958e+04            3.05665399e+00            9.97293793e-01            1.00340923e+00     6.899926576372610e+03     6.900266026075602e+03     6.900605684459126e+03     6.900945185334547e+03     6.901284723068105e+03     6.902642869763600e+03
   47400           -7.66421821e+04            3.83337478e+00            9.96525093e-01            1.00419456e+00     6.804179955929297e+03     6.804615820807176e+03     6.805051907033439e+03     6.805487841187186e+03     6.805923804276062e+03     6.807667652622827e+03
   47600           -7.66275723e+04            1.71256860e+00            9.98636216e-01            1.00206255e+00     6.875354131608322e+03     6.875525482308791e+03     6.875696975937039e+03     6.875868362753656e+03     6.876039774540815e+03     6.876725417473308e+03
   47800           -7.63360227e+04            4.32229409e+00            9.96085570e-01            1.00473364e+00     6.845786474086005e+03     6.846280427381380e+03     6.846774627220453e+03     6.847268651527562e+03     6.847762712203591e+03     6.849738950321177e+03
   48000           -7.64701754e+04            1.22703375e+00            9.99120738e-01            1.00157566e+00     6.887208904785322e+03     6.887322207409783e+03     6.887435698134370e+03     6.887549040925344e+03     6.887662421181469e+03     6.888115937577616e+03
   48200           -7.64664773e+04            1.39386791e+00            9.98984843e-01            1.00177363e+00     6.914776324910167e+03     6.914906893427373e+03     6.915037667228896e+03     6.915168285706651e+03     6.915298940966187e+03     6.915821557022207e+03
   48400           -7.65472089e+04            9.00592413e-01            9.99453150e-01            1.00125497e+00     6.842237629512086e+03     6.842308575092360e+03     6.842379717303623e+03     6.842450717322937e+03     6.842521748246647e+03     6.842805866981207e+03
   48600           -7.64608163e+04            3.99637924e+00            9.96323537e-01            1.00431882e+00     6.819904844045761e+03     6.820365864922466e+03     6.820827053283050e+03     6.821288130763338e+03     6.821749227871181e+03     6.823593611696600e+03
   48800           -7.63101835e+04            2.78172155e+00            9.97585451e-01            1.00315093e+00     6.843452555290648e+03     6.843758284648110e+03     6.844064235419670e+03     6.844370027768406e+03     6.844675853801500e+03     6.845899152312352e+03
   49000           -7.65377402e+04            4.08238445e+00            9.96303131e-01            1.00447101e+00     6.868033719922685e+03     6.868500501262528e+03     6.868967493935356e+03     6.869434324689268e+03     6.869901194706875e+03     6.871768669491064e+03
   49200           -7.65187522e+04            8.82948588e-01            9.99455620e-01            1.00122211e+00     6.894481504657727e+03     6.894551435081585e+03     6.894621543664844e+03     6.894691505604548e+03     6.894761507710299e+03     6.895041510762871e+03
   49400           -7.68237987e+04            2.29746101e+00            9.98083400e-01            1.00268007e+00     6.808308864106106e+03     6.808551522644028e+03     6.808794368947531e+03     6.809037065913162e+03     6.809279801503644e+03     6.810250738901183e+03
   49600           -7.67515890e+04            3.31873440e+00            9.97038027e-01            1.00367785e+00     6.867290949521487e+03     6.867662528444706e+03     6.868034296594151e+03     6.868405914395929e+03     6.868777571023061e+03     6.870264192524634e+03
   49800           -7.67998352e+04            1.53139861e+00            9.98863848e-01            1.00192785e+00     6.838820159747733e+03     6.838965229370760e+03     6.839110565445817e+03     6.839255724816133e+03     6.839400914199799e+03     6.839981668651866e+03
   50000           -7.68367903e+04            4.13016728e+00            9.96238387e-01            1.00450173e+00     6.869080751904039e+03     6.869554400452299e+03     6.870028275666543e+03     6.870501992466178e+03     6.870975740895866e+03     6.872870729887693e+03
