#This file was generated on Fri Feb 14 11:39:21 2025
#Using the somd command, of the molecular library Sire version <2024.4.0.dev> 
#For more information visit: https://github.com/openbiosim/sire
#
#General information on simulation parameters:
#Simulation used 50000 moves, 1 cycles and 200 ps of simulation time
#Generating lambda is		 0.12500
#Alchemical array is		 (0.0, 0.125, 0.25, 0.375, 0.5, 1.0)
#Generating temperature is 	25°C
#Energy was saved every 200 steps 
#
#
#   [step]               [potential]                [gradient]      [forward Metropolis]     [backward Metropolis]                   [u_kl]
     200           -8.34252868e+04            3.21286122e+00            9.96289305e-01            1.00271180e+00     6.830673586880784e+03     6.830990107596538e+03     6.831306810578812e+03     6.831623371502850e+03     6.831939968025261e+03     6.833206349169738e+03
     400           -8.11315553e+04            4.36657228e+00            9.95143151e-01            1.00387194e+00     6.783592952619581e+03     6.784049964785807e+03     6.784507157623500e+03     6.784964216713515e+03     6.785421306280719e+03     6.787249659941858e+03
     600           -7.95176670e+04            2.12379709e+00            9.97368542e-01            1.00161397e+00     6.756702520434204e+03     6.756880679419544e+03     6.757059073281375e+03     6.757237300984062e+03     6.757415562828119e+03     6.758128605222033e+03
     800           -7.82767053e+04            1.40160444e+00            9.98107292e-01            1.00090912e+00     6.840901762761435e+03     6.840990612244796e+03     6.841079667574031e+03     6.841168568976618e+03     6.841257506039462e+03     6.841613249317489e+03
    1000           -7.80024967e+04            6.02108564e+00            9.93527007e-01            1.00556356e+00     6.810940686722714e+03     6.811608023482764e+03     6.812275556201728e+03     6.812942933173098e+03     6.813610350157525e+03     6.816280013592338e+03
    1200           -7.75734438e+04            4.18213100e+00            9.95340693e-01            1.00370090e+00     6.806665521294293e+03     6.807102234253874e+03     6.807539159296178e+03     6.807975942689136e+03     6.808412751991301e+03     6.810159982688309e+03
    1400           -7.72624646e+04            2.43125159e+00            9.97058754e-01            1.00191876e+00     6.820493951185699e+03     6.820713108084205e+03     6.820932441998092e+03     6.821151637177197e+03     6.821370867359419e+03     6.822247783533139e+03
    1600           -7.70521448e+04            5.83881618e+00            9.93703835e-01            1.00537596e+00     6.812391314473163e+03     6.813034462370603e+03     6.813677793565080e+03     6.814320998847225e+03     6.814964228234386e+03     6.817537141995608e+03
    1800           -7.69429425e+04            4.90128120e+00            9.94619783e-01            1.00441755e+00     6.846154732903646e+03     6.846676274571538e+03     6.847198029173445e+03     6.847719640391683e+03     6.848241278224807e+03     6.850327823545967e+03
    2000           -7.68255328e+04            3.75228856e+00            9.95749717e-01            1.00325051e+00     6.824441480192088e+03     6.824820712781672e+03     6.825200203600085e+03     6.825579520724714e+03     6.825958869036455e+03     6.827476257880823e+03
    2200           -7.69142056e+04            1.79196946e+00            9.97722224e-01            1.00130441e+00     6.851061749071907e+03     6.851198974800234e+03     6.851336381842232e+03     6.851473642112186e+03     6.851610941347508e+03     6.852160133623110e+03
    2400           -7.67705653e+04            3.58703752e+00            9.95952433e-01            1.00312316e+00     6.874449296783457e+03     6.874813694069466e+03     6.875178307578173e+03     6.875542754785854e+03     6.875907242467337e+03     6.877365188151217e+03
    2600           -7.67419622e+04            3.05721397e+00            9.96439351e-01            1.00255067e+00     6.841369515466675e+03     6.841662816609147e+03     6.841956348317877e+03     6.842249711643641e+03     6.842543111321152e+03     6.843716707175626e+03
    2800           -7.68234831e+04            4.09308238e+00            9.95395953e-01            1.00357787e+00     6.864455045906443e+03     6.864878370013946e+03     6.865301929183133e+03     6.865725323326718e+03     6.866148750497568e+03     6.867842455088694e+03
    3000           -7.68007773e+04            1.97024971e+00            9.97527532e-01            1.00146604e+00     6.853469237544718e+03     6.853627248511499e+03     6.853785476716556e+03     6.853943551804396e+03     6.854101657964559e+03     6.854734078384399e+03
    3200           -7.68978817e+04            8.28519583e+00            9.91242447e-01            1.00780456e+00     6.892853956046348e+03     6.893800387205133e+03     6.894747043344491e+03     6.895693537457214e+03     6.896640066027928e+03     6.900426176009507e+03
    3400           -7.69298844e+04            2.45729627e+00            9.97045773e-01            1.00195791e+00     6.826528152700171e+03     6.826748810016084e+03     6.826969671233335e+03     6.827190382190291e+03     6.827411126848407e+03     6.828294100996643e+03
    3600           -7.68059132e+04            5.80727129e+00            9.93734321e-01            1.00534338e+00     6.849499996237189e+03     6.850139365597651e+03     6.850778910002076e+03     6.851418316934471e+03     6.852057758554857e+03     6.854615520872524e+03
    3800           -7.67151605e+04            2.51605279e+00            9.97006163e-01            1.00203585e+00     6.817173396518227e+03     6.817398863855920e+03     6.817624544363602e+03     6.817850065497101e+03     6.818075623233255e+03     6.818977849948284e+03
    4000           -7.69937468e+04            2.67590197e+00            9.96894262e-01            1.00224375e+00     6.833208180387059e+03     6.833457359919042e+03     6.833706692020827e+03     6.833955903401659e+03     6.834205146065306e+03     6.835202111743552e+03
    4200           -7.67951991e+04            7.71267956e+00            9.91793166e-01            1.00721054e+00     6.816920314392143e+03     6.817796075605607e+03     6.818672066838705e+03     6.819547889525303e+03     6.820423749473188e+03     6.823927184554233e+03
    4400           -7.67898088e+04            1.77953784e+00            9.97706848e-01            1.00126409e+00     6.859572579929880e+03     6.859706657540033e+03     6.859840962460616e+03     6.859975095377178e+03     6.860109268858786e+03     6.860645957787692e+03
    4600           -7.67512947e+04            5.45489592e+00            9.94054843e-01            1.00495915e+00     6.831347346605160e+03     6.831940303715559e+03     6.832533477257745e+03     6.833126501317935e+03     6.833719554550625e+03     6.836091762496090e+03
    4800           -7.67430904e+04            2.80247965e+00            9.96717744e-01            1.00231999e+00     6.854690998117106e+03     6.854955493370041e+03     6.855220170414567e+03     6.855484716719557e+03     6.855749291144522e+03     6.856807584171938e+03
    5000           -7.68931993e+04            3.70103438e+00            9.95822119e-01            1.00322061e+00     6.833807679623230e+03     6.834183970560995e+03     6.834560474223687e+03     6.834936823315661e+03     6.835313206324230e+03     6.836818733025230e+03
    5200           -7.68383767e+04            3.67599438e+00            9.95833507e-01            1.00318184e+00     6.770748682373847e+03     6.771122825799005e+03     6.771497169173705e+03     6.771871357003552e+03     6.772245583664352e+03     6.773742484954856e+03
    5400           -7.67853880e+04            2.58304501e+00            9.96932835e-01            1.00209641e+00     6.853328332682622e+03     6.853567389572209e+03     6.853806677374543e+03     6.854045788644175e+03     6.854284942110544e+03     6.855241551538466e+03
    5600           -7.67844316e+04            2.27474694e+00            9.97231699e-01            1.00177893e+00     6.782332885255545e+03     6.782530696916573e+03     6.782728759604783e+03     6.782926649665857e+03     6.783124572541374e+03     6.783916259827203e+03
    5800           -7.67254000e+04            1.33848747e+00            9.98191859e-01            1.00086757e+00     6.860686170200720e+03     6.860765651912848e+03     6.860845316058769e+03     6.860924837874310e+03     6.861004395163422e+03     6.861322620126124e+03
    6000           -7.68430096e+04            1.66166736e+00            9.97882759e-01            1.00120457e+00     6.863196321124707e+03     6.863316420834855e+03     6.863436645786777e+03     6.863556773756340e+03     6.863676926301042e+03     6.864157531477377e+03
    6200           -7.68673287e+04            6.33617056e+00            9.93193838e-01            1.00586001e+00     6.803834340270331e+03     6.804540850726577e+03     6.805247611639486e+03     6.805954199175922e+03     6.806660820448988e+03     6.809487300627646e+03
    6400           -7.68051096e+04            3.89602914e+00            9.95606984e-01            1.00339512e+00     6.896015771572524e+03     6.896417226499080e+03     6.896818927294274e+03     6.897220447108867e+03     6.897622007337482e+03     6.899228243102439e+03
    6600           -7.68494927e+04            4.28539371e+00            9.95241972e-01            1.00380864e+00     6.833454318693460e+03     6.833906099409974e+03     6.834358056162135e+03     6.834809886245485e+03     6.835261743437326e+03     6.837069168181192e+03
    6800           -7.67968737e+04            4.46493457e+00            9.95054059e-01            1.00397955e+00     6.717347745919410e+03     6.717816473094694e+03     6.718285417917473e+03     6.718754213943769e+03     6.719223038383871e+03     6.721098330848332e+03
    7000           -7.66103534e+04            6.82823153e+00            9.92687262e-01            1.00633685e+00     6.774601037676339e+03     6.775367561411047e+03     6.776134278252088e+03     6.776900841058204e+03     6.777667443878124e+03     6.780733850079908e+03
    7200           -7.65366399e+04            2.71780437e+00            9.96800731e-01            1.00223370e+00     6.863299535667845e+03     6.863550700082020e+03     6.863802087102105e+03     6.864053316637476e+03     6.864304578031766e+03     6.865309620395687e+03
    7400           -7.65919818e+04            3.17598813e+00            9.96367350e-01            1.00271640e+00     6.911322155017211e+03     6.911632994250676e+03     6.911944027561247e+03     6.912254922133173e+03     6.912565846172076e+03     6.913809537326940e+03
    7600           -7.65445597e+04            3.45891768e+00            9.96053978e-01            1.00296840e+00     6.826347148754257e+03     6.826694200695341e+03     6.827041466293294e+03     6.827388568167997e+03     6.827735709229107e+03     6.829124269703955e+03
    7800           -7.65902874e+04            2.59240602e+00            9.96928734e-01            1.00211104e+00     6.775070324298492e+03     6.775305084397533e+03     6.775539995928334e+03     6.775774791107782e+03     6.776009615130414e+03     6.776948905962337e+03
    8000           -7.66816280e+04            3.33890637e+00            9.96187253e-01            1.00286187e+00     6.844261720015806e+03     6.844591736540568e+03     6.844921953782528e+03     6.845252029911264e+03     6.845582134763050e+03     6.846902549510294e+03
    8200           -7.66106304e+04            4.55776339e+00            9.94976544e-01            1.00408774e+00     6.927295325084611e+03     6.927780416424639e+03     6.928265720077387e+03     6.928750872233876e+03     6.929236056142698e+03     6.931176787200784e+03
    8400           -7.66643190e+04            3.17268729e+00            9.96317309e-01            1.00265942e+00     6.872542505722151e+03     6.872851287785880e+03     6.873160305159215e+03     6.873469164291927e+03     6.873778051989297e+03     6.875013598256443e+03
    8600           -7.67296804e+04            8.62695848e+00            9.90922995e-01            1.00816865e+00     6.819592594058567e+03     6.820586807313091e+03     6.821581278255796e+03     6.822575580878636e+03     6.823569911459022e+03     6.827547228859477e+03
    8800           -7.69600443e+04            2.13607133e+00            9.97376198e-01            1.00164625e+00     6.831100238728481e+03     6.831280739518035e+03     6.831461473140975e+03     6.831642032895366e+03     6.831822632376741e+03     6.832545026025002e+03
    9000           -7.68262795e+04            2.28588354e+00            9.97192718e-01            1.00176209e+00     6.825126140017429e+03     6.825325606349753e+03     6.825525288585166e+03     6.825724800316802e+03     6.825924354891021e+03     6.826722569764612e+03
    9200           -7.66604265e+04            2.15730839e+00            9.97343639e-01            1.00165609e+00     6.818631272825441e+03     6.818810676107141e+03     6.818990276521646e+03     6.819169722853048e+03     6.819349207359035e+03     6.820067141892629e+03
    9400           -7.66424227e+04            3.70375965e+00            9.95814656e-01            1.00321856e+00     6.843941249553633e+03     6.844315688524167e+03     6.844690350686061e+03     6.845064854139219e+03     6.845439390632853e+03     6.846937531712072e+03
    9600           -7.67153603e+04            1.99417802e+00            9.97527185e-01            1.00151362e+00     6.808971231576649e+03     6.809132482802731e+03     6.809293942168699e+03     6.809455252496588e+03     6.809616594323149e+03     6.810261957069649e+03
    9800           -7.67515498e+04            3.03564471e+00            9.96468565e-01            1.00253682e+00     6.808941252998250e+03     6.809234117206506e+03     6.809527184736623e+03     6.809820097526464e+03     6.810113047559015e+03     6.811284842119780e+03
   10000           -7.66069676e+04            1.81584303e+00            9.97689211e-01            1.00131909e+00     6.861335490134215e+03     6.861474282502387e+03     6.861613295113755e+03     6.861752152494842e+03     6.861891041751282e+03     6.862446593368349e+03
   10200           -7.66022064e+04            2.59177616e+00            9.96914276e-01            1.00209525e+00     6.868658665647643e+03     6.868894513618616e+03     6.869130595420631e+03     6.869366514263869e+03     6.869602465334210e+03     6.870546265020777e+03
   10400           -7.66994993e+04            2.28665102e+00            9.97222487e-01            1.00179353e+00     6.822280488069760e+03     6.822479190852194e+03     6.822678105523193e+03     6.822876869331737e+03     6.823075664622664e+03     6.823870841175566e+03
   10600           -7.67238541e+04            5.73664120e+00            9.93767251e-01            1.00523468e+00     6.827569274288143e+03     6.828196310624086e+03     6.828823603805879e+03     6.829450724744015e+03     6.830077876498994e+03     6.832586478709844e+03
   10800           -7.67484905e+04            1.98036900e+00            9.97523796e-01            1.00148256e+00     6.814483253975992e+03     6.814643338102267e+03     6.814803635789827e+03     6.814963780042847e+03     6.815123956812310e+03     6.815764659648629e+03
   11000           -7.67313548e+04            2.98605160e+00            9.96512562e-01            1.00248164e+00     6.807009674167931e+03     6.807294376814893e+03     6.807579291995611e+03     6.807864053692505e+03     6.808148848243372e+03     6.809288022318813e+03
   11200           -7.68992764e+04            1.41990728e+00            9.98104795e-01            1.00094326e+00     6.784886540729032e+03     6.784980119541598e+03     6.785073918456969e+03     6.785167570150824e+03     6.785261248154003e+03     6.785635955578974e+03
   11400           -7.68815379e+04            5.51807608e+00            9.94001602e-01            1.00503231e+00     6.824543258909123e+03     6.825143002504919e+03     6.825742936270831e+03     6.826342722203195e+03     6.826942545146685e+03     6.829341831384248e+03
   11600           -7.67697065e+04            3.54228314e+00            9.95955124e-01            1.00303609e+00     6.842639708159180e+03     6.842995565599792e+03     6.843351635305330e+03     6.843707548875898e+03     6.844063497406645e+03     6.845487286654110e+03
   11800           -7.68093119e+04            2.25055482e+00            9.97242337e-01            1.00174115e+00     6.825747249504551e+03     6.825936449975795e+03     6.826125897555280e+03     6.826315162968213e+03     6.826504469126952e+03     6.827261688749352e+03
   12000           -7.68949852e+04            1.98189597e+00            9.97538393e-01            1.00150027e+00     6.736049640188365e+03     6.736211574234015e+03     6.736373717951878e+03     6.736535698670654e+03     6.736697719582827e+03     6.737345798977289e+03
   12200           -7.67422535e+04            1.56610600e+00            9.97936292e-01            1.00106694e+00     6.771255310208623e+03     6.771366190878549e+03     6.771477249913981e+03     6.771588174573777e+03     6.771699131157844e+03     6.772142952107066e+03
   12400           -7.67138812e+04            3.88194497e+00            9.95598914e-01            1.00335872e+00     6.761646058033755e+03     6.762042743392803e+03     6.762439648809853e+03     6.762836386095593e+03     6.763233163823773e+03     6.764820269613790e+03
   12600           -7.66256602e+04            2.94906861e+00            9.96557949e-01            1.00245315e+00     6.876806643894243e+03     6.877084188632881e+03     6.877361929823287e+03     6.877639525487226e+03     6.877917154100724e+03     6.879027664307204e+03
   12800           -7.67175854e+04            4.01242721e+00            9.95518506e-01            1.00353954e+00     6.784964741430026e+03     6.785378878973728e+03     6.785793214800227e+03     6.786207393365846e+03     6.786621612288772e+03     6.788278483147517e+03
   13000           -7.65527516e+04            3.43756994e+00            9.96052034e-01            1.00292363e+00     6.906038697924982e+03     6.906381692296819e+03     6.906724909152096e+03     6.907067969327645e+03     6.907411061164989e+03     6.908783424404996e+03
   13200           -7.66422676e+04            4.19133273e+00            9.95311695e-01            1.00369013e+00     6.808171450594695e+03     6.808605767185071e+03     6.809040307955504e+03     6.809474690766027e+03     6.809909105815343e+03     6.811646761035990e+03
   13400           -7.67122886e+04            6.75320513e+00            9.92784866e-01            1.00628479e+00     6.906100838799526e+03     6.906857745804633e+03     6.907614880403933e+03     6.908371854384643e+03     6.909128861396209e+03     6.912156883992890e+03
   13600           -7.66024198e+04            3.88075051e+00            9.95638450e-01            1.00339617e+00     6.842784424547856e+03     6.843179697885268e+03     6.843575170180538e+03     6.843970481694565e+03     6.844365835797561e+03     6.845947247047266e+03
   13800           -7.66450710e+04            1.78842878e+00            9.97737558e-01            1.00131271e+00     6.871155083635994e+03     6.871294267609757e+03     6.871433616400011e+03     6.871572837161646e+03     6.871712089866174e+03     6.872269096096355e+03
   14000           -7.67570079e+04            1.88274053e+00            9.97597550e-01            1.00136107e+00     6.829965737486533e+03     6.830114106539233e+03     6.830262724973279e+03     6.830411168474811e+03     6.830559646889479e+03     6.831153556292425e+03
   14200           -7.67023594e+04            3.66153218e+00            9.95854551e-01            1.00317403e+00     6.840718050190580e+03     6.841088458229632e+03     6.841459051214543e+03     6.841829501052830e+03     6.842199986237832e+03     6.843681922285085e+03
   14400           -7.65970351e+04            1.92562614e+00            9.97569525e-01            1.00141882e+00     6.821222386034819e+03     6.821376421705203e+03     6.821530722832947e+03     6.821684835092719e+03     6.821838986174857e+03     6.822455586314895e+03
   14600           -7.66313754e+04            2.99272684e+00            9.96507778e-01            1.00249022e+00     6.805162981028807e+03     6.805447762840135e+03     6.805732740912063e+03     6.806017571178448e+03     6.806302436491261e+03     6.807441891953714e+03
   14800           -7.66897398e+04            3.05241971e+00            9.96485043e-01            1.00258703e+00     6.830428283421620e+03     6.830724728009350e+03     6.831021346559751e+03     6.831317830889654e+03     6.831614348536143e+03     6.832800413650665e+03
   15000           -7.66534423e+04            1.69760000e+00            9.97804910e-01            1.00119842e+00     6.803983865375035e+03     6.804111211733146e+03     6.804238767309449e+03     6.804366167611220e+03     6.804493603087866e+03     6.805003340800698e+03
   15200           -7.64409410e+04            2.26567189e+00            9.97226420e-01            1.00175545e+00     6.805811424500213e+03     6.806007037410041e+03     6.806202892837095e+03     6.806398574801611e+03     6.806594293106300e+03     6.807377161712388e+03
   15400           -7.66169629e+04            2.14230254e+00            9.97366000e-01            1.00164849e+00     6.810053705703901e+03     6.810233945619513e+03     6.810414400085105e+03     6.810594694570527e+03     6.810775026207465e+03     6.811496346711029e+03
   15600           -7.66345558e+04            2.83138671e+00            9.96644602e-01            1.00230438e+00     6.773891593829620e+03     6.774155862793758e+03     6.774420387071417e+03     6.774684727899703e+03     6.774949107299073e+03     6.776006620768527e+03
   15800           -7.66769498e+04            3.08276455e+00            9.96432795e-01            1.00259531e+00     6.792839554716125e+03     6.793134073622630e+03     6.793428833803771e+03     6.793723422398583e+03     6.794018046173865e+03     6.795196537631604e+03
   16000           -7.67208412e+04            6.30383830e+00            9.93232720e-01            1.00583435e+00     6.876550243358731e+03     6.877252153693449e+03     6.877954302710092e+03     6.878656280958749e+03     6.879358294925722e+03     6.882166346492711e+03
   16200           -7.66519948e+04            1.23963190e+00            9.98253128e-01            1.00073113e+00     6.914931894384039e+03     6.914995469971884e+03     6.915059285263204e+03     6.915122930477819e+03     6.915186610571824e+03     6.915441326759608e+03
   16400           -7.64559225e+04            6.74933929e+00            9.92790274e-01            1.00628249e+00     6.844745674701629e+03     6.845501299503159e+03     6.846257135586895e+03     6.847012818808101e+03     6.847768534940034e+03     6.850791395178439e+03
   16600           -7.64762700e+04            6.98040119e+00            9.92596672e-01            1.00655130e+00     6.865158181615339e+03     6.865945719844666e+03     6.866733474371366e+03     6.867521071285652e+03     6.868308702703855e+03     6.871459223792369e+03
   16800           -7.64062347e+04            2.47672131e+00            9.97034213e-01            1.00198522e+00     6.838785048117495e+03     6.839008755513061e+03     6.839232696190064e+03     6.839456465663537e+03     6.839680273315492e+03     6.840575498513490e+03
   17000           -7.65324852e+04            5.82571353e+00            9.93689644e-01            1.00533526e+00     6.782811674090140e+03     6.783453118756357e+03     6.784094753882428e+03     6.784736234242881e+03     6.785377755773850e+03     6.787943837457562e+03
   17200           -7.67002471e+04            1.78099211e+00            9.97734702e-01            1.00129495e+00     6.821220436282450e+03     6.821353087933525e+03     6.821485942135816e+03     6.821618636541638e+03     6.821751371486229e+03     6.822282306690009e+03
   17400           -7.66418778e+04            3.68924906e+00            9.95844124e-01            1.00321913e+00     6.788814215637444e+03     6.789187488128089e+03     6.789560982540622e+03     6.789934304767372e+03     6.790307669105544e+03     6.791801122573644e+03
   17600           -7.66287634e+04            4.30640418e+00            9.95239907e-01            1.00384874e+00     6.853203198189965e+03     6.853655830786140e+03     6.854108646476234e+03     6.854561318817383e+03     6.855014027483395e+03     6.856824856776824e+03
   17800           -7.66389144e+04            2.12190303e+00            9.97377512e-01            1.00161918e+00     6.801564028028440e+03     6.801739310235646e+03     6.801914838723696e+03     6.802090202702170e+03     6.802265595796392e+03     6.802967163564344e+03
   18000           -7.68666811e+04            3.44836428e+00            9.96034411e-01            1.00292753e+00     6.858563123640146e+03     6.858904701732909e+03     6.859246500101724e+03     6.859588139719519e+03     6.859929813657157e+03     6.861296503674167e+03
   18200           -7.65653940e+04            1.95182950e+00            9.97553395e-01            1.00145511e+00     6.905471534933530e+03     6.905627152314886e+03     6.905782952912629e+03     6.905938617279445e+03     6.906094312549714e+03     6.906717090165898e+03
   18400           -7.68440043e+04            2.38956948e+00            9.97105186e-01            1.00188190e+00     6.885097390604157e+03     6.885303496630537e+03     6.885509835176666e+03     6.885716020549035e+03     6.885922231646585e+03     6.886747072689011e+03
   18600           -7.66943196e+04            4.08254121e+00            9.95421923e-01            1.00358290e+00     6.775419181513511e+03     6.775841578983428e+03     6.776264173335241e+03     6.776686614365181e+03     6.777109093397369e+03     6.778799005281227e+03
   18800           -7.68770810e+04            2.41509687e+00            9.97088681e-01            1.00191646e+00     6.799235180849373e+03     6.799452320576213e+03     6.799669705484681e+03     6.799886924677620e+03     6.800104173892768e+03     6.800973166936163e+03
   19000           -7.68148726e+04            2.60609493e+00            9.96902975e-01            1.00211259e+00     6.839871194697721e+03     6.840110114382333e+03     6.840349258005057e+03     6.840588242240156e+03     6.840827259756370e+03     6.841783324815020e+03
   19200           -7.68893934e+04            1.54782948e+00            9.97944506e-01            1.00103859e+00     6.881911832219633e+03     6.882018442835245e+03     6.882125251315476e+03     6.882231915845347e+03     6.882338612057356e+03     6.882765391895080e+03
   19400           -7.67572087e+04            1.50264523e+00            9.98025833e-01            1.00102970e+00     6.755877172022439e+03     6.755978664513376e+03     6.756080329566084e+03     6.756181857099998e+03     6.756283420702825e+03     6.756689669383212e+03
   19600           -7.65581535e+04            3.07532948e+00            9.96433234e-01            1.00258084e+00     6.861189654730979e+03     6.861488495559123e+03     6.861787526234787e+03     6.862086426424235e+03     6.862385351762746e+03     6.863581048794514e+03
   19800           -7.67022905e+04            4.99730502e+00            9.94502575e-01            1.00449208e+00     6.869116394107876e+03     6.869653436508280e+03     6.870190705621712e+03     6.870727807264663e+03     6.871264946582693e+03     6.873413499057510e+03
   20000           -7.68465063e+04            5.07332233e+00            9.94428170e-01            1.00456964e+00     6.883863510326237e+03     6.884408628225194e+03     6.884953973147829e+03     6.885499165750073e+03     6.886044385620608e+03     6.888225260914980e+03
   20200           -7.67126212e+04            3.28342483e+00            9.96213948e-01            1.00277746e+00     6.881125383784241e+03     6.881446729319474e+03     6.881768279392274e+03     6.882089683839844e+03     6.882411118749189e+03     6.883696853714137e+03
   20400           -7.66868368e+04            2.35281932e+00            9.97156441e-01            1.00185976e+00     6.818317325074975e+03     6.818519217214732e+03     6.818721313614265e+03     6.818923269934867e+03     6.819125253214605e+03     6.819933181354236e+03
   20600           -7.66682627e+04            3.96990631e+00            9.95539859e-01            1.00347572e+00     6.833909864603949e+03     6.834316747189760e+03     6.834723843820748e+03     6.835130776971368e+03     6.835537749031723e+03     6.837165633459496e+03
   20800           -7.68664867e+04            4.02783411e+00            9.95502990e-01            1.00355482e+00     6.777034086509562e+03     6.777448130623003e+03     6.777862350491314e+03     6.778276427242171e+03     6.778690542378919e+03     6.780346998248277e+03
   21000           -7.66589188e+04            4.39731105e+00            9.95089557e-01            1.00387959e+00     6.872413801263764e+03     6.872874577497341e+03     6.873335567313111e+03     6.873796390803866e+03     6.874257255545227e+03     6.876100709826691e+03
   21200           -7.67957687e+04            2.81628367e+00            9.96725139e-01            1.00235510e+00     6.864973151498182e+03     6.865241328714475e+03     6.865509734409111e+03     6.865777984805299e+03     6.866046263972283e+03     6.867119376446384e+03
   21400           -7.68364381e+04            2.46945767e+00            9.97031022e-01            1.00196745e+00     6.864484689434208e+03     6.864705130493260e+03     6.864925775519363e+03     6.865146269271272e+03     6.865366797013708e+03     6.866248904593207e+03
   21600           -7.66792327e+04            3.96293940e+00            9.95554828e-01            1.00347683e+00     6.878245353642365e+03     6.878652792187755e+03     6.879060443317682e+03     6.879467936704318e+03     6.879875466239603e+03     6.881505578836842e+03
   21800           -7.68367057e+04            1.73170286e+00            9.97758706e-01            1.00122034e+00     6.866127054472328e+03     6.866256242510438e+03     6.866385635145855e+03     6.866514876540685e+03     6.866644151969346e+03     6.867161249466364e+03
   22000           -7.67197635e+04            5.16200445e+00            9.94360755e-01            1.00467972e+00     6.750902405548760e+03     6.751460234054907e+03     6.752018265915772e+03     6.752576143050035e+03     6.753134057032259e+03     6.755365708515758e+03
   22200           -7.66176801e+04            5.64497026e+00            9.93920224e-01            1.00520511e+00     6.830809601588081e+03     6.831430107732021e+03     6.832050840281330e+03     6.832671408314389e+03     6.833292012221182e+03     6.835774422854283e+03
   22400           -7.67842937e+04            3.85160358e+00            9.95639556e-01            1.00333879e+00     6.815818621580885e+03     6.816210928736185e+03     6.816603433959220e+03     6.816995795598829e+03     6.817388188497357e+03     6.818957755413830e+03
   22600           -7.67791334e+04            4.13565437e+00            9.95357594e-01            1.00362465e+00     6.800736917955453e+03     6.801168124420150e+03     6.801599559031634e+03     6.802030825424114e+03     6.802462129507167e+03     6.804187341058882e+03
   22800           -7.67799820e+04            3.38859984e+00            9.96132078e-01            1.00290599e+00     6.804714601973887e+03     6.805056733294047e+03     6.805399085257660e+03     6.805741287727515e+03     6.806083517296522e+03     6.807452432619156e+03
   23000           -7.66794526e+04            2.04171138e+00            9.97486498e-01            1.00156798e+00     6.891798237051827e+03     6.891965312253620e+03     6.892132580400449e+03     6.892299714382226e+03     6.892466874905706e+03     6.893135512759586e+03
   23200           -7.65126082e+04            3.78232907e+00            9.95729856e-01            1.00329077e+00     6.796935407589606e+03     6.797322754859915e+03     6.797710302309764e+03     6.798097711475307e+03     6.798485147553313e+03     6.800034887517020e+03
   23400           -7.66761072e+04            1.96019228e+00            9.97532961e-01            1.00145135e+00     6.841864767467675e+03     6.842019584860228e+03     6.842174611581491e+03     6.842329486595447e+03     6.842484394258766e+03     6.843104021049857e+03
   23600           -7.65423005e+04            4.70298192e+00            9.94837530e-01            1.00423908e+00     6.800245301217394e+03     6.800748095711943e+03     6.801251133120991e+03     6.801754008386912e+03     6.802256912417608e+03     6.804268523617821e+03
   23800           -7.67261563e+04            6.23310541e+00            9.93299532e-01            1.00575972e+00     6.843990567605203e+03     6.844681785114631e+03     6.845373207893441e+03     6.846064479593704e+03     6.846755784713978e+03     6.849521001822754e+03
   24000           -7.68475376e+04            3.29363504e+00            9.96217194e-01            1.00280121e+00     6.802506880632893e+03     6.802833343249644e+03     6.803160048759984e+03     6.803486578188285e+03     6.803813145354486e+03     6.805119410076079e+03
   24200           -7.66166118e+04            2.22848020e+00            9.97274342e-01            1.00172907e+00     6.885168803788240e+03     6.885360703997779e+03     6.885552795918723e+03     6.885744736818621e+03     6.885936716313500e+03     6.886704628838760e+03
   24400           -7.65331717e+04            2.06230606e+00            9.97477190e-01            1.00159989e+00     6.850334511429933e+03     6.850505199611961e+03     6.850676030900989e+03     6.850846751521778e+03     6.851017499485571e+03     6.851700487541205e+03
   24600           -7.66183733e+04            4.23896193e+00            9.95265917e-01            1.00373957e+00     6.851290923863057e+03     6.851732275582272e+03     6.852173857132941e+03     6.852615283742223e+03     6.853056738010906e+03     6.854822552158756e+03
   24800           -7.65898984e+04            1.73566522e+00            9.97784978e-01            1.00125464e+00     6.838247547106897e+03     6.838380402755128e+03     6.838513415561189e+03     6.838646289522741e+03     6.838779204943710e+03     6.839310862780523e+03
   25000           -7.66167328e+04            4.60578646e+00            9.94897514e-01            1.00410442e+00     6.879501401229857e+03     6.879986893241386e+03     6.880472623507701e+03     6.880958184744739e+03     6.881443780525645e+03     6.883386159821433e+03
   25200           -7.65647920e+04            2.48717407e+00            9.97007311e-01            1.00197913e+00     6.884725806707247e+03     6.884947074915831e+03     6.885168523311988e+03     6.885389832889165e+03     6.885611176616299e+03     6.886496546525351e+03
   25400           -7.63883923e+04            1.19564428e+00            9.98304078e-01            1.00069417e+00     6.888915025061176e+03     6.888977711320750e+03     6.889040607634872e+03     6.889103347067276e+03     6.889166122475435e+03     6.889417219889694e+03
   25600           -7.64629190e+04            3.49000547e+00            9.96037582e-01            1.00301426e+00     6.796697744990084e+03     6.797047826678056e+03     6.797398036308047e+03     6.797748136163119e+03     6.798098267909978e+03     6.799498790829872e+03
   25800           -7.67970684e+04            2.82706050e+00            9.96695878e-01            1.00234728e+00     6.902672274643342e+03     6.902940792756040e+03     6.903209537560857e+03     6.903478122468396e+03     6.903746740045461e+03     6.904821205447581e+03
   26000           -7.65897336e+04            2.27484296e+00            9.97221170e-01            1.00176855e+00     6.864092014675406e+03     6.864287356511946e+03     6.864482918687265e+03     6.864678319505037e+03     6.864873755993519e+03     6.865655497311632e+03
   26200           -7.66442217e+04            1.56879618e+00            9.97946026e-01            1.00108209e+00     6.846035647234804e+03     6.846146495223023e+03     6.846257574103078e+03     6.846368476549422e+03     6.846479421302183e+03     6.846923195369563e+03
   26400           -7.65559454e+04            2.84517380e+00            9.96663556e-01            1.00235108e+00     6.784769546201630e+03     6.785037382358399e+03     6.785305411543838e+03     6.785573288616484e+03     6.785841204278137e+03     6.786912862354643e+03
   26600           -7.65835679e+04            1.83155681e+00            9.97683098e-01            1.00134443e+00     6.800276920295530e+03     6.800422893753939e+03     6.800569009040914e+03     6.800715008278597e+03     6.800861038882728e+03     6.801445157469928e+03
   26800           -7.63330536e+04            2.62275826e+00            9.96875714e-01            1.00211858e+00     6.827580383591220e+03     6.827819265118121e+03     6.828058365155759e+03     6.828297295939584e+03     6.828536268269822e+03     6.829492152948425e+03
   27000           -7.64836200e+04            2.35819302e+00            9.97146170e-01            1.00186020e+00     6.814385146266649e+03     6.814593311411411e+03     6.814801657887766e+03     6.815009863136293e+03     6.815218103771065e+03     6.816051061275482e+03
   27200           -7.66097370e+04            3.51862814e+00            9.95994595e-01            1.00302838e+00     6.804852968496301e+03     6.805206800835658e+03     6.805560877992230e+03     6.805914780773924e+03     6.806268720232946e+03     6.807684471969591e+03
   27400           -7.66536752e+04            1.36424219e+00            9.98138998e-01            1.00086612e+00     6.849909709833955e+03     6.849992745966969e+03     6.850076012687147e+03     6.850159115895453e+03     6.850242253028478e+03     6.850574796223001e+03
   27600           -7.67108309e+04            2.03016924e+00            9.97461448e-01            1.00151971e+00     6.846938642513045e+03     6.847103470144891e+03     6.847268578115313e+03     6.847433489131311e+03     6.847598439544485e+03     6.848258236575924e+03
   27800           -7.68211151e+04            3.45320557e+00            9.96068509e-01            1.00297158e+00     6.796728078868692e+03     6.797077120265335e+03     6.797426417127835e+03     6.797775536123098e+03     6.798124690366039e+03     6.799521301863386e+03
   28000           -7.68904895e+04            2.87938290e+00            9.96636429e-01            1.00239238e+00     6.836890096527891e+03     6.837163229977470e+03     6.837436546240189e+03     6.837709736348190e+03     6.837982951051957e+03     6.839075805576022e+03
   28200           -7.66342144e+04            2.78890665e+00            9.96740186e-01            1.00231535e+00     6.855464951514508e+03     6.855725094111230e+03     6.855985436487234e+03     6.856245619615256e+03     6.856505843857792e+03     6.857546736201074e+03
   28400           -7.69928602e+04            1.63518430e+00            9.97868977e-01            1.00113772e+00     6.951828984575223e+03     6.951944970909943e+03     6.952061139926377e+03     6.952177162118868e+03     6.952293223207281e+03     6.952757461839338e+03
   28600           -7.67321520e+04            1.64476660e+00            9.97892346e-01            1.00118035e+00     6.818148940386051e+03     6.818269869671569e+03     6.818391007461387e+03     6.818511989357644e+03     6.818633007090344e+03     6.819117073794638e+03
   28800           -7.68176951e+04            1.86250027e+00            9.97629767e-01            1.00135287e+00     6.839120055610524e+03     6.839261921167736e+03     6.839403979780500e+03     6.839545896764082e+03     6.839687843553408e+03     6.840255631496293e+03
   29000           -7.67865450e+04            7.91275315e+00            9.91637900e-01            1.00745591e+00     6.871715726543068e+03     6.872614977988423e+03     6.873514441692731e+03     6.874413749978947e+03     6.875313092801190e+03     6.878910459059312e+03
   29200           -7.65316817e+04            3.54892838e+00            9.95963993e-01            1.00305835e+00     6.854135050581419e+03     6.854489494152470e+03     6.854844150609743e+03     6.855198653032092e+03     6.855553188759450e+03     6.856971326937482e+03
   29400           -7.66770067e+04            7.00007070e+00            9.92532495e-01            1.00652582e+00     6.763491204856423e+03     6.764281835538259e+03     6.765072679085408e+03     6.765863370842148e+03     6.766654094363031e+03     6.769816983869638e+03
   29600           -7.66194197e+04            3.59049738e+00            9.95938548e-01            1.00311612e+00     6.828021718855562e+03     6.828383081807870e+03     6.828744693839836e+03     6.829106130239306e+03     6.829467602297726e+03     6.830913485739889e+03
   29800           -7.64868478e+04            3.44677127e+00            9.96052482e-01            1.00294253e+00     6.833471435786812e+03     6.833812451150729e+03     6.834153671443510e+03     6.834494740076773e+03     6.834835843190432e+03     6.836200250594051e+03
   30000           -7.63454676e+04            5.00732444e+00            9.94540847e-01            1.00455086e+00     6.829127503020030e+03     6.829669681290994e+03     6.830212078254903e+03     6.830754307957466e+03     6.831296577990454e+03     6.833465652960879e+03
   30200           -7.65729264e+04            4.84808191e+00            9.94689208e-01            1.00438079e+00     6.791675221283517e+03     6.792195135444980e+03     6.792715256524648e+03     6.793235222102798e+03     6.793755223937064e+03     6.795835226590611e+03
   30400           -7.67109851e+04            3.93432631e+00            9.95591101e-01            1.00345596e+00     6.925689372830120e+03     6.926093055441983e+03     6.926496903626044e+03     6.926900616429719e+03     6.927304365948061e+03     6.928919359066001e+03
   30600           -7.69365724e+04            3.41332531e+00            9.96106202e-01            1.00292953e+00     6.815766613507368e+03     6.816104562085454e+03     6.816442730688684e+03     6.816780732819135e+03     6.817118774031447e+03     6.818470934555527e+03
   30800           -7.67630621e+04            3.24273567e+00            9.96248862e-01            1.00273100e+00     6.806574055028936e+03     6.806889470169829e+03     6.807205092124382e+03     6.807520569044389e+03     6.807836074856493e+03     6.809098094684050e+03
   31000           -7.68199643e+04            1.92299278e+00            9.97594332e-01            1.00143845e+00     6.851127852203613e+03     6.851280905006903e+03     6.851434169382138e+03     6.851587277963129e+03     6.851740421790631e+03     6.852352991377650e+03
   31200           -7.68840436e+04            1.17088075e+00            9.98296652e-01            1.00063716e+00     6.836263667554958e+03     6.836319371491126e+03     6.836375317054396e+03     6.836431092930139e+03     6.836486903038342e+03     6.836710138521726e+03
   31400           -7.67188275e+04            7.71519342e+00            9.91807837e-01            1.00723050e+00     6.861976931791387e+03     6.862854198379368e+03     6.863731688965197e+03     6.864609020822782e+03     6.865486385096747e+03     6.868995838402106e+03
   31600           -7.68938209e+04            3.07762709e+00            9.96400490e-01            1.00255250e+00     6.841634733125678e+03     6.841932882576137e+03     6.842231293878651e+03     6.842529516232522e+03     6.842827778702174e+03     6.844020824278670e+03
   31800           -7.68821920e+04            3.71661481e+00            9.95819634e-01            1.00324937e+00     6.792465721407480e+03     6.792845159881056e+03     6.793224780065573e+03     6.793604270850441e+03     6.793983789235110e+03     6.795501857062738e+03
   32000           -7.66015718e+04            3.39314557e+00            9.96140429e-01            1.00292352e+00     6.823279448543118e+03     6.823616438918510e+03     6.823953549185964e+03     6.824290553064448e+03     6.824627589443691e+03     6.825975730344265e+03
   32200           -7.67418366e+04            2.73385544e+00            9.96760417e-01            1.00222534e+00     6.870592753347925e+03     6.870847212376086e+03     6.871101887346166e+03     6.871356399967016e+03     6.871610950385319e+03     6.872629147422713e+03
   32400           -7.66706926e+04            2.80505829e+00            9.96694429e-01            1.00230172e+00     6.792492153158647e+03     6.792754637674220e+03     6.793017394872697e+03     6.793279973342889e+03     6.793542581626013e+03     6.794593010093378e+03
   32600           -7.66936930e+04            2.37349622e+00            9.97138631e-01            1.00188329e+00     6.868829115312829e+03     6.869037757331316e+03     6.869246626394389e+03     6.869455333952524e+03     6.869664075191098e+03     6.870499035069366e+03
   32800           -7.68160596e+04            2.24887249e+00            9.97232065e-01            1.00172746e+00     6.885909387976591e+03     6.886103034846110e+03     6.886296934493190e+03     6.886490660723844e+03     6.886684419836102e+03     6.887459451695614e+03
   33000           -7.68129476e+04            2.12020501e+00            9.97383060e-01            1.00162135e+00     6.843894289624415e+03     6.844072363380573e+03     6.844250653774621e+03     6.844428782743727e+03     6.844606948913261e+03     6.845319608202107e+03
   33200           -7.66370872e+04            6.04551483e+00            9.93461020e-01            1.00554590e+00     6.780346304859070e+03     6.781013868865994e+03     6.781681621672002e+03     6.782349229257722e+03     6.783016872484260e+03     6.785687440109449e+03
   33400           -7.65208572e+04            1.14034283e+00            9.98341451e-01            1.00062095e+00     6.841077140204315e+03     6.841128915930426e+03     6.841180912691287e+03     6.841232752743860e+03     6.841284624996255e+03     6.841492109788195e+03
   33600           -7.67430052e+04            2.12952423e+00            9.97381362e-01            1.00163832e+00     6.823347003433136e+03     6.823530244663210e+03     6.823713721444837e+03     6.823897044821654e+03     6.824080393851076e+03     6.824813784269017e+03
   33800           -7.66388976e+04            1.32539838e+00            9.98166864e-01            1.00081631e+00     6.806854260094748e+03     6.806931594834859e+03     6.807009114404337e+03     6.807086505565451e+03     6.807163922367689e+03     6.807473584640631e+03
   34000           -7.67575709e+04            2.14510877e+00            9.97386006e-01            1.00167420e+00     6.869233595633180e+03     6.869415182318230e+03     6.869596979894190e+03     6.869778633915241e+03     6.869960315001186e+03     6.870687034369193e+03
   34200           -7.67712425e+04            3.14912693e+00            9.96341965e-01            1.00263698e+00     6.870064897290840e+03     6.870372097533836e+03     6.870679496176123e+03     6.870986755694570e+03     6.871294043780651e+03     6.872523190270463e+03
   34400           -7.69641213e+04            2.57486814e+00            9.96946564e-01            1.00209382e+00     6.802793310439995e+03     6.803029948699669e+03     6.803266801362960e+03     6.803503488672475e+03     6.803740216165307e+03     6.804687121890620e+03
   34600           -7.67151075e+04            3.52157691e+00            9.95979911e-01            1.00301951e+00     6.900932893704186e+03     6.901286093961613e+03     6.901639515961708e+03     6.901992776214548e+03     6.902346072063232e+03     6.903759250422277e+03
   34800           -7.67230727e+04            4.86111510e+00            9.94664468e-01            1.00438199e+00     6.840634152483949e+03     6.841151108428570e+03     6.841668312870387e+03     6.842185343024228e+03     6.842702408164198e+03     6.844770663844449e+03
   35000           -7.65859097e+04            4.27118421e+00            9.95259975e-01            1.00379827e+00     6.805445940320536e+03     6.805892284940482e+03     6.806338776795455e+03     6.806785146347112e+03     6.807231549946049e+03     6.809017159571562e+03
   35200           -7.64856706e+04            1.83427989e+00            9.97661757e-01            1.00132846e+00     6.802438907881809e+03     6.802582328113633e+03     6.802725983858177e+03     6.802869471051085e+03     6.803012994036986e+03     6.803587080192163e+03
   35400           -7.65473597e+04            3.40351815e+00            9.96064650e-01            1.00286803e+00     6.796800563025613e+03     6.797136172520254e+03     6.797471966363353e+03     6.797807622163579e+03     6.798143309853633e+03     6.799486056681652e+03
   35600           -7.67998089e+04            1.19982307e+00            9.98310491e-01            1.00070896e+00     6.886677900564743e+03     6.886738919072612e+03     6.886800115235081e+03     6.886861185711273e+03     6.886922282424122e+03     6.887166664283502e+03
   35800           -7.67231423e+04            3.74506567e+00            9.95785035e-01            1.00327160e+00     6.777425794077029e+03     6.777807629329885e+03     6.778189651965988e+03     6.778571524733922e+03     6.778953436757168e+03     6.780481079437307e+03
   36000           -7.66800596e+04            2.23848829e+00            9.97280756e-01            1.00175557e+00     6.747860410562385e+03     6.748051026256112e+03     6.748241835790972e+03     6.748432501617887e+03     6.748623200192364e+03     6.749385989822341e+03
   36200           -7.67806355e+04            4.12877401e+00            9.95373088e-01            1.00362646e+00     6.808901678031593e+03     6.809334866450376e+03     6.809768224960682e+03     6.810201453805474e+03     6.810634713703080e+03     6.812367749374565e+03
   36400           -7.63951564e+04            1.49336468e+00            9.98017696e-01            1.00100296e+00     6.790628677860460e+03     6.790729590810359e+03     6.790830726649931e+03     6.790931706405708e+03     6.791032717443879e+03     6.791436757027298e+03
   36600           -7.64821277e+04            2.04827448e+00            9.97441712e-01            1.00153616e+00     6.849871058597727e+03     6.850037226172884e+03     6.850203598679893e+03     6.850369833754776e+03     6.850536093407505e+03     6.851201128217283e+03
   36800           -7.65466180e+04            2.89010516e+00            9.96631221e-01            1.00240864e+00     6.864393079768077e+03     6.864670300560043e+03     6.864947753417737e+03     6.865225039995125e+03     6.865502361903083e+03     6.866611644038088e+03
   37000           -7.66146377e+04            4.10776485e+00            9.95406580e-01            1.00361806e+00     6.757252312894764e+03     6.757676788005242e+03     6.758101487221103e+03     6.758526032119019e+03     6.758950607028782e+03     6.760648901162800e+03
   37200           -7.63630174e+04            2.53822752e+00            9.96989657e-01            1.00206370e+00     6.783784090649954e+03     6.784011796304068e+03     6.784239690494410e+03     6.784467443063597e+03     6.784695228735051e+03     6.785606366820149e+03
   37400           -7.65272456e+04            1.47370332e+00            9.98053102e-01            1.00099911e+00     6.865656426949468e+03     6.865752877001366e+03     6.865849504710851e+03     6.865945995149741e+03     6.866042519530245e+03     6.866428612111021e+03
   37600           -7.66742821e+04            2.16553907e+00            9.97372449e-01            1.00170152e+00     6.787179995282442e+03     6.787367932784946e+03     6.787556064170401e+03     6.787744058306357e+03     6.787932080833714e+03     6.788684166384985e+03
   37800           -7.66842495e+04            3.99425373e+00            9.95566166e-01            1.00355110e+00     6.783860793859430e+03     6.784276174601502e+03     6.784691758775954e+03     6.785107193570715e+03     6.785522661551006e+03     6.787184529242583e+03
   38000           -7.68081234e+04            3.78718322e+00            9.95729258e-01            1.00329991e+00     6.808094317101305e+03     6.808481367330349e+03     6.808868643913982e+03     6.809255753103360e+03     6.809642900066271e+03     6.811191483031237e+03
   38200           -7.68254790e+04            2.70358482e+00            9.96772087e-01            1.00217640e+00     6.837655113801979e+03     6.837903433856349e+03     6.838151970727828e+03     6.838400338853372e+03     6.838648748713334e+03     6.839642383624690e+03
   38400           -7.68910695e+04            1.38434362e+00            9.98112123e-01            1.00087941e+00     6.789764894951486e+03     6.789850610834515e+03     6.789936538677798e+03     6.790022305904123e+03     6.790108110716196e+03     6.790451326480907e+03
   38600           -7.69493109e+04            2.22170802e+00            9.97265203e-01            1.00170633e+00     6.794562836057139e+03     6.794752511717479e+03     6.794942412680986e+03     6.795132155710035e+03     6.795321930461003e+03     6.796081024864868e+03
   38800           -7.67051592e+04            1.65587466e+00            9.97843562e-01            1.00115365e+00     6.791885775283000e+03     6.792005909850837e+03     6.792126258215932e+03     6.792246449513926e+03     6.792366675530526e+03     6.792847575778051e+03
   39000           -7.66235074e+04            3.28280051e+00            9.96203681e-01            1.00276588e+00     6.824950422277859e+03     6.825272769292468e+03     6.825595407796112e+03     6.825917849265336e+03     6.826240326322009e+03     6.827530230366159e+03
   39200           -7.68556002e+04            3.11092051e+00            9.96376305e-01            1.00259493e+00     6.825104209130888e+03     6.825405661486562e+03     6.825707355069082e+03     6.826008877263720e+03     6.826310434528683e+03     6.827516659926478e+03
   39400           -7.68262421e+04            3.36879104e+00            9.96125570e-01            1.00285971e+00     6.793772774074217e+03     6.794110456473955e+03     6.794448361046489e+03     6.794786104769265e+03     6.795123883284576e+03     6.796474992494935e+03
   39600           -7.67468340e+04            2.65639767e+00            9.96886804e-01            1.00219715e+00     6.828623200562337e+03     6.828869457158223e+03     6.829115913963518e+03     6.829362219128807e+03     6.829608560061697e+03     6.830593919561057e+03
   39800           -7.65968833e+04            9.50582032e+00            9.90028938e-01            1.00903107e+00     6.865598873912299e+03     6.866700297433676e+03     6.867801962806180e+03     6.868903457313527e+03     6.870004986105619e+03     6.874411098298937e+03
   40000           -7.67482716e+04            5.21613968e+00            9.94278774e-01            1.00470566e+00     6.886116350656594e+03     6.886676508255197e+03     6.887236890714891e+03     6.887797117393668e+03     6.888357374796876e+03     6.890598398937157e+03
   40200           -7.70313230e+04            3.20365603e+00            9.96306483e-01            1.00271062e+00     6.845375226390450e+03     6.845684192855219e+03     6.845993362836005e+03     6.846302397816546e+03     6.846611456495822e+03     6.847847686601196e+03
   40400           -7.66918936e+04            5.75534703e+00            9.93777649e-01            1.00528281e+00     6.778306942845445e+03     6.778940536079519e+03     6.779574308918702e+03     6.780207937162615e+03     6.780841603997028e+03     6.783376265148611e+03
   40600           -7.66965843e+04            3.22553500e+00            9.96263978e-01            1.00271172e+00     6.793139020662048e+03     6.793453405333790e+03     6.793768015729865e+03     6.794082458039436e+03     6.794396938858859e+03     6.795654857055671e+03
   40800           -7.65904804e+04            2.80878417e+00            9.96712961e-01            1.00232782e+00     6.826302324194476e+03     6.826567849829225e+03     6.826833564887339e+03     6.827099145348400e+03     6.827364753941005e+03     6.828427183687534e+03
   41000           -7.67940619e+04            3.85736453e+00            9.95658244e-01            1.00336918e+00     6.809430048245326e+03     6.809822713629243e+03     6.810215603578539e+03     6.810608334071510e+03     6.811001097534949e+03     6.812572146824571e+03
   41200           -7.66908796e+04            3.87519294e+00            9.95647813e-01            1.00339445e+00     6.758403442282304e+03     6.758800962643604e+03     6.759198702360962e+03     6.759596290179096e+03     6.759993907586417e+03     6.761584372890529e+03
   41400           -7.68223336e+04            1.00408318e+01            9.89517698e-01            1.00958972e+00     6.805483770021154e+03     6.806650735483312e+03     6.807817898989309e+03     6.808984903384352e+03     6.810151949220237e+03     6.814820128419321e+03
   41600           -7.66492998e+04            1.80486710e+00            9.97733743e-01            1.00134180e+00     6.902276996663889e+03     6.902417399737097e+03     6.902558019248067e+03     6.902698475935620e+03     6.902838970323550e+03     6.903400943983210e+03
   41800           -7.67002008e+04            5.49564479e+00            9.94036806e-01            1.00502282e+00     6.866068555218510e+03     6.866668044123202e+03     6.867267759134563e+03     6.867867305316404e+03     6.868466890359070e+03     6.870865225499630e+03
   42000           -7.67548460e+04            4.12973262e+00            9.95378103e-01            1.00363344e+00     6.752032196204588e+03     6.752461270065772e+03     6.752890560346796e+03     6.753319698445976e+03     6.753748867700227e+03     6.755465539195867e+03
   42200           -7.66926770e+04            2.55108437e+00            9.96968043e-01            1.00206774e+00     6.845531456530605e+03     6.845763926986684e+03     6.845996577920075e+03     6.846229090685555e+03     6.846461636964955e+03     6.847391817399304e+03
   42400           -7.66285849e+04            5.57646998e+00            9.93986268e-01            1.00513419e+00     6.819376829191334e+03     6.819987863771526e+03     6.820598986554735e+03     6.821210017886661e+03     6.821821082541333e+03     6.824265335891332e+03
   42600           -7.67168311e+04            2.24818574e+00            9.97254036e-01            1.00174816e+00     6.802200029230701e+03     6.802392832460228e+03     6.802585824766630e+03     6.802778681672296e+03     6.802971567349085e+03     6.803743105467470e+03
   42800           -7.67993011e+04            2.25361232e+00            9.97263324e-01            1.00176836e+00     6.818398964880398e+03     6.818595295650225e+03     6.818791849258946e+03     6.818988249100078e+03     6.819184678605071e+03     6.819970392329743e+03
   43000           -7.65691889e+04            3.64084350e+00            9.95861934e-01            1.00313995e+00     6.826311932564532e+03     6.826679723329213e+03     6.827047739624073e+03     6.827415591837059e+03     6.827783479428405e+03     6.829255026292277e+03
   43200           -7.67395314e+04            1.49249011e+00            9.97982552e-01            1.00096596e+00     6.797221314302049e+03     6.797318773239057e+03     6.797416445369948e+03     6.797513955017212e+03     6.797611503961365e+03     6.798001693620682e+03
   43400           -7.67229090e+04            2.53988199e+00            9.97013005e-01            1.00209048e+00     6.830932590441402e+03     6.831165076155855e+03     6.831397786211663e+03     6.831630341129596e+03     6.831862925957818e+03     6.832793261474234e+03
   43600           -7.64430542e+04            2.56878937e+00            9.96928334e-01            1.00206331e+00     6.841782497030976e+03     6.842016256705581e+03     6.842250251773427e+03     6.842484088997263e+03     6.842717954422662e+03     6.843653411814347e+03
   43800           -7.65920860e+04            1.97239798e+00            9.97545828e-01            1.00148871e+00     6.781860914782923e+03     6.782021494039608e+03     6.782182276376207e+03     6.782342906041351e+03     6.782503571347523e+03     6.783146227912122e+03
   44000           -7.65122843e+04            1.88581217e+00            9.97636693e-01            1.00140651e+00     6.793036490038157e+03     6.793188661976175e+03     6.793341032821273e+03     6.793493261713425e+03     6.793645520476382e+03     6.794254550914607e+03
   44200           -7.66067015e+04            6.14409794e+00            9.93378430e-01            1.00566057e+00     6.720103506355648e+03     6.720785883258540e+03     6.721468479389048e+03     6.722150913749803e+03     6.722833384330876e+03     6.725563262306105e+03
   44400           -7.64657804e+04            1.17377044e+00            9.98326397e-01            1.00067276e+00     6.816698493728438e+03     6.816760902944323e+03     6.816823518206208e+03     6.816885988974195e+03     6.816948488918043e+03     6.817198484107649e+03
   44600           -7.65814037e+04            2.45200377e+00            9.97067193e-01            1.00196883e+00     6.771896384327294e+03     6.772120541782669e+03     6.772344909388177e+03     6.772569117511225e+03     6.772793363466076e+03     6.773690342604858e+03
   44800           -7.65131601e+04            3.16211872e+00            9.96354599e-01            1.00267575e+00     6.752972431849381e+03     6.753280924793867e+03     6.753589599876434e+03     6.753898136283211e+03     6.754206706096557e+03     6.755440980343734e+03
   45000           -7.65822514e+04            2.07097378e+00            9.97438506e-01            1.00157841e+00     6.831786809269644e+03     6.831955090513346e+03     6.832123592833616e+03     6.832291932589499e+03     6.832460308162643e+03     6.833133807055642e+03
   45200           -7.66178546e+04            1.39931631e+00            9.98112028e-01            1.00090929e+00     6.878949995544795e+03     6.879038963760425e+03     6.879128110341560e+03     6.879217112987586e+03     6.879306153796902e+03     6.879662312049010e+03
   45400           -7.67516029e+04            5.62116202e+00            9.93907529e-01            1.00514441e+00     6.884484055947028e+03     6.885097993929141e+03     6.885712130119377e+03     6.886326127737235e+03     6.886940153249931e+03     6.889396250552833e+03
   45600           -7.67092866e+04            3.30290224e+00            9.96166059e-01            1.00276832e+00     6.812206493901219e+03     6.812530727806908e+03     6.812855185050324e+03     6.813179473869235e+03     6.813503801787373e+03     6.814801109673527e+03
   45800           -7.67915458e+04            3.64867023e+00            9.95842071e-01            1.00313565e+00     6.833544015407680e+03     6.833907738960215e+03     6.834271696971062e+03     6.834635489569513e+03     6.834999315688037e+03     6.836454615968395e+03
   46000           -7.66952775e+04            1.13459062e+00            9.98390975e-01            1.00065908e+00     6.894295665920623e+03     6.894349363231760e+03     6.894403196549807e+03     6.894456905891026e+03     6.894510653818357e+03     6.894725641716092e+03
   46200           -7.68877789e+04            5.55730444e+00            9.94005194e-01            1.00511480e+00     6.778704510597579e+03     6.779314904291947e+03     6.779925511242924e+03     6.780535965193200e+03     6.781146451622629e+03     6.783588392647677e+03
   46400           -7.69144714e+04            2.06704244e+00            9.97432690e-01            1.00156470e+00     6.815473032439715e+03     6.815644493037943e+03     6.815816143988493e+03     6.815987654440626e+03     6.816159196263315e+03     6.816845360086915e+03
   46600           -7.69837545e+04            2.57561734e+00            9.96937460e-01            1.00208617e+00     6.820165438450019e+03     6.820400679245493e+03     6.820636138957936e+03     6.820871440046312e+03     6.821106775185690e+03     6.822048111921360e+03
   46800           -7.67101987e+04            3.03528081e+00            9.96475084e-01            1.00254265e+00     6.807588748051744e+03     6.807883312171573e+03     6.808178106107922e+03     6.808472747139829e+03     6.808767415201253e+03     6.809946082350762e+03
   47000           -7.66951791e+04            1.85642064e+00            9.97647551e-01            1.00135854e+00     6.857895008081214e+03     6.858041822128574e+03     6.858188861786763e+03     6.858335737594361e+03     6.858482649204889e+03     6.859070290328561e+03
   47200           -7.68648218e+04            2.19278317e+00            9.97321491e-01            1.00170492e+00     6.796396909994498e+03     6.796586380962165e+03     6.796776061327243e+03     6.796965597315848e+03     6.797155161570401e+03     6.797913413146304e+03
   47400           -7.68162618e+04            7.90682103e+00            9.91636787e-01            1.00744282e+00     6.848199589174294e+03     6.849097435980280e+03     6.849995483870867e+03     6.850893379836842e+03     6.851791311825993e+03     6.855383034477692e+03
   47600           -7.66393517e+04            4.34888301e+00            9.95192435e-01            1.00388614e+00     6.802784226660259e+03     6.803243266726520e+03     6.803702491562408e+03     6.804161575635154e+03     6.804620693498671e+03     6.806457160337084e+03
   47800           -7.67937995e+04            3.73723819e+00            9.95727633e-01            1.00319806e+00     6.843162721737349e+03     6.843537080780889e+03     6.843911701840767e+03     6.844286143445584e+03     6.844660618918560e+03     6.846158516099772e+03
   48000           -7.67958374e+04            2.36361752e+00            9.97150810e-01            1.00187574e+00     6.757955353159145e+03     6.758164247100881e+03     6.758373374210545e+03     6.758582335459763e+03     6.758791330969832e+03     6.759627308780518e+03
   48200           -7.71250878e+04            2.34180350e+00            9.97154279e-01            1.00183551e+00     6.818034086846145e+03     6.818238788096805e+03     6.818443734161693e+03     6.818648521633685e+03     6.818853334784512e+03     6.819672582722879e+03
   48400           -7.66228350e+04            2.94137782e+00            9.96560799e-01            1.00244060e+00     6.806852328685745e+03     6.807131659613901e+03     6.807411228811775e+03     6.807690621123454e+03     6.807970053569910e+03     6.809087778454075e+03
   48600           -7.65716256e+04            3.13269313e+00            9.96392197e-01            1.00265458e+00     6.860475206498573e+03     6.860781649697031e+03     6.861088319384493e+03     6.861394826542385e+03     6.861701368205314e+03     6.862927529912054e+03
   48800           -7.68581888e+04            3.01608203e+00            9.96491103e-01            1.00252027e+00     6.889711084775703e+03     6.889999091489392e+03     6.890287258778037e+03     6.890575302462152e+03     6.890863376457566e+03     6.892015668139428e+03
   49000           -7.67895999e+04            1.80033305e+00            9.97732012e-01            1.00133099e+00     6.786663333467008e+03     6.786802664401300e+03     6.786942204822612e+03     6.787081599491195e+03     6.787221023033577e+03     6.787778712600145e+03
   49200           -7.65956532e+04            5.59286504e+00            9.93984829e-01            1.00516569e+00     6.807264290767227e+03     6.807877638374874e+03     6.808491170692406e+03     6.809104561417160e+03     6.809717986743653e+03     6.812171682720079e+03
   49400           -7.69873203e+04            2.58917634e+00            9.96908496e-01            1.00208423e+00     6.785931927946870e+03     6.786169365492981e+03     6.786407041174398e+03     6.786644549709473e+03     6.786882091890064e+03     6.787832255833258e+03
   49600           -7.67536352e+04            2.40243812e+00            9.97101323e-01            1.00190380e+00     6.727432192087978e+03     6.727649623025174e+03     6.727867290654955e+03     6.728084782158732e+03     6.728302313698715e+03     6.729172435309451e+03
   49800           -7.67028182e+04            2.43175748e+00            9.97060631e-01            1.00192166e+00     6.775337494938269e+03     6.775558541070855e+03     6.775779796747215e+03     6.776000893487082e+03     6.776222028015253e+03     6.777106561092238e+03
   50000           -7.64932807e+04            2.57828051e+00            9.96914468e-01            1.00206840e+00     6.834556393440454e+03     6.834788494568289e+03     6.835020794167101e+03     6.835252949434806e+03     6.835485136181346e+03     6.836413878922237e+03
