#This file was generated on Thu Apr 27 00:46:51 2023
#Using the somd command, of the molecular library Sire version <2023.1.3> 
#For more information visit: https://github.com/openbiosim/sire
#
#General information on simulation parameters:
#Simulation used 25000 moves, 2 cycles and 200 ps of simulation time
#Generating lambda is		 0.37500
#Alchemical array is		 (0.0, 0.125, 0.25, 0.375, 0.5, 1.0)
#Generating temperature is 	25°C
#Energy was saved every 200 steps 
#
#
#   [step]      [potential kcal/mol]       [gradient kcal/mol]      [forward Metropolis]     [backward Metropolis]                   [u_kl]
#   [step]      [potential kcal/mol]       [gradient kcal/mol]      [forward Metropolis]     [backward Metropolis]                   [u_kl]
     200           -1.33500755e+05            3.74877185e+00            9.96318597e-01            1.00381661e+00     2.414648258872369e+04     2.414694356467104e+04     2.414740532354003e+04     2.414786651472698e+04     2.414832782442676e+04     2.415017306012982e+04
     400           -1.29595120e+05            2.75380578e+00            9.97308840e-01            1.00281678e+00     2.414597381803307e+04     2.414631088399759e+04     2.414664891622559e+04     2.414698630398894e+04     2.414732380035799e+04     2.414867378268292e+04
     600           -1.26880521e+05            1.27040179e+00            9.98787436e-01            1.00132838e+00     2.419260377933804e+04     2.419275600716710e+04     2.419290913055445e+04     2.419306164315069e+04     2.419321426560790e+04     2.419382475187776e+04
     800           -1.25278077e+05            1.33862435e+00            9.98722170e-01            1.00139958e+00     2.420160675329358e+04     2.420176684742519e+04     2.420192784104896e+04     2.420208822590794e+04     2.420224871822109e+04     2.420289068314860e+04
    1000           -1.24266539e+05            4.69055378e-01            9.99590082e-01            1.00052825e+00     2.410493810890131e+04     2.410498930861204e+04     2.410504138272715e+04     2.410509285984327e+04     2.410514444518117e+04     2.410535078146103e+04
    1200           -1.23591525e+05            1.61482844e+00            9.98443663e-01            1.00167351e+00     2.419551856746894e+04     2.419571355484254e+04     2.419590943550131e+04     2.419610470804588e+04     2.419630008948551e+04     2.419708161150208e+04
    1400           -1.23422082e+05            2.95354112e+00            9.97112923e-01            1.00302038e+00     2.421192660718798e+04     2.421228805621083e+04     2.421265042112445e+04     2.421301216130032e+04     2.421337401463254e+04     2.421482142207712e+04
    1600           -1.23053303e+05            4.20862893e+00            9.95856710e-01            1.00427447e+00     2.415864660833592e+04     2.415916576575124e+04     2.415968580041754e+04     2.416020523438066e+04     2.416072477809256e+04     2.416280294784921e+04
    1800           -1.22796786e+05            1.46097358e+00            9.98601047e-01            1.00152317e+00     2.420041714014758e+04     2.420059223387643e+04     2.420076817709811e+04     2.420094352103757e+04     2.420111898295069e+04     2.420182082575381e+04
    2000           -1.22791137e+05            2.56011033e+00            9.97507675e-01            1.00262823e+00     2.421738163870326e+04     2.421769395979470e+04     2.421800712913638e+04     2.421831970202751e+04     2.421863239104037e+04     2.421988314337747e+04
    2200           -1.22619670e+05            2.17040252e+00            9.97886253e-01            1.00222730e+00     2.409650931075242e+04     2.409677339493535e+04     2.409703834448402e+04     2.409730271022493e+04     2.409756717820634e+04     2.409862504566026e+04
    2400           -1.22531539e+05            5.07005898e+00            9.95005438e-01            1.00514624e+00     2.425548491135502e+04     2.425611115586322e+04     2.425673816667341e+04     2.425736461983414e+04     2.425799119097750e+04     2.426049747059999e+04
    2600           -1.22654175e+05            1.33074616e+00            9.98721293e-01            1.00138292e+00     2.420563907065909e+04     2.420579883906546e+04     2.420595941375775e+04     2.420611941882560e+04     2.420627953565141e+04     2.420692000064372e+04
    2800           -1.22718398e+05            1.32795673e+00            9.98728297e-01            1.00138436e+00     2.403716906172932e+04     2.403732833130409e+04     2.403748844843313e+04     2.403764798717680e+04     2.403780763015730e+04     2.403844619858529e+04
    3000           -1.22553637e+05            4.81227827e+00            9.95250327e-01            1.00487541e+00     2.422602891972489e+04     2.422662367109253e+04     2.422721933515185e+04     2.422781438082360e+04     2.422840953627973e+04     2.423079015283458e+04
    3200           -1.22599107e+05            1.55705263e+00            9.98506478e-01            1.00162078e+00     2.406928377980033e+04     2.406947115569897e+04     2.406965946337023e+04     2.406984714114294e+04     2.407003492964211e+04     2.407078607948389e+04
    3400           -1.22639145e+05            2.46121977e+00            9.97603072e-01            1.00252582e+00     2.411562621918010e+04     2.411592679228388e+04     2.411622816202856e+04     2.411652897003086e+04     2.411682988861849e+04     2.411803355805688e+04
    3600           -1.22541350e+05            2.87206218e+00            9.97187230e-01            1.00293168e+00     2.411416309693642e+04     2.411451505281232e+04     2.411486785021174e+04     2.411522006205858e+04     2.411557238542437e+04     2.411698167391231e+04
    3800           -1.22639312e+05            2.59483804e+00            9.97470131e-01            1.00266013e+00     2.418565320193404e+04     2.418597032350156e+04     2.418628830409641e+04     2.418660568211270e+04     2.418692317692914e+04     2.418819315192424e+04
    4000           -1.22761114e+05            1.89779445e+00            9.98159607e-01            1.00195541e+00     2.430703367461063e+04     2.430726346385592e+04     2.430749413011024e+04     2.430772418527479e+04     2.430795435681787e+04     2.430887503902510e+04
    4200           -1.22698124e+05            1.06652335e+00            9.98990648e-01            1.00112382e+00     2.427912248411195e+04     2.427924886985525e+04     2.427937615373760e+04     2.427950280661566e+04     2.427962958240823e+04     2.428013668070450e+04
    4400           -1.22624786e+05            5.35181423e-01            9.99527075e-01            1.00059750e+00     2.418458977022867e+04     2.418464965668580e+04     2.418471028071897e+04     2.418477040168990e+04     2.418483061357856e+04     2.418507145692846e+04
    4600           -1.22654080e+05            2.38998896e+00            9.97676718e-01            1.00245701e+00     2.408928338769178e+04     2.408957457797290e+04     2.408986657557644e+04     2.409015800506893e+04     2.409044954570906e+04     2.409161570372634e+04
    4800           -1.22566938e+05            1.62872834e+00            9.98428602e-01            1.00168624e+00     2.407978821915352e+04     2.407998476774708e+04     2.408018216100049e+04     2.408037896844417e+04     2.408057588619464e+04     2.408136355323575e+04
    5000           -1.22614711e+05            2.54985245e+00            9.97511452e-01            1.00261146e+00     2.416019055040394e+04     2.416050219618291e+04     2.416081470509332e+04     2.416112660573402e+04     2.416143862605620e+04     2.416268670170846e+04
    5200           -1.22476491e+05            2.02703023e+00            9.98032288e-01            1.00208658e+00     2.418147446716182e+04     2.418172110954760e+04     2.418196851805018e+04     2.418221537400321e+04     2.418246234410134e+04     2.418345022104085e+04
    5400           -1.22377804e+05            2.64655352e+00            9.97413385e-01            1.00270680e+00     2.425393299433553e+04     2.425425716533963e+04     2.425458225354878e+04     2.425490672585690e+04     2.425523130467591e+04     2.425652961501629e+04
    5600           -1.22475337e+05            3.36727764e+00            9.96695928e-01            1.00343088e+00     2.411370570063474e+04     2.411411986872752e+04     2.411453488396834e+04     2.411494931419059e+04     2.411536385337325e+04     2.411702200611176e+04
    5800           -1.22423546e+05            6.58860776e-01            9.99405463e-01            1.00072327e+00     2.414851587612380e+04     2.414859027978335e+04     2.414866562665871e+04     2.414874033840244e+04     2.414881516030183e+04     2.414911444447987e+04
    6000           -1.22193970e+05            3.88301207e+00            9.96178513e-01            1.00394498e+00     2.438140900288365e+04     2.438188789302166e+04     2.438236771560138e+04     2.438284689907308e+04     2.438332619973025e+04     2.438524339657684e+04
    6200           -1.22226585e+05            1.31778875e+01            9.86964154e-01            1.01332218e+00     2.423120007686329e+04     2.423284040919472e+04     2.423448165969301e+04     2.423612227401781e+04     2.423776300772090e+04     2.424432593857852e+04
    6400           -1.22425314e+05            1.07198868e+00            9.98981841e-01            1.00112593e+00     2.413367840465712e+04     2.413380595622339e+04     2.413393431182040e+04     2.413406210318732e+04     2.413419000445760e+04     2.413470160425808e+04
    6600           -1.22556891e+05            1.97787110e+00            9.98078672e-01            1.00203463e+00     2.407859069224822e+04     2.407883134820330e+04     2.407907281738010e+04     2.407931373613373e+04     2.407955475230004e+04     2.408051881235185e+04
    6800           -1.22342422e+05            1.54965006e+00            9.98509973e-01            1.00160946e+00     2.419102244858645e+04     2.419120920791565e+04     2.419139676905626e+04     2.419158376057038e+04     2.419177086582392e+04     2.419251928306140e+04
    7000           -1.22747306e+05            9.75774260e-01            9.99081603e-01            1.00103326e+00     2.408047291966107e+04     2.408058767222303e+04     2.408070321184660e+04     2.408081818662209e+04     2.408093327675754e+04     2.408139363385400e+04
    7200           -1.22811213e+05            7.32243601e-01            9.99330932e-01            1.00079551e+00     2.417237020650396e+04     2.417245374643028e+04     2.417253817205780e+04     2.417262199562258e+04     2.417270592700449e+04     2.417304164750502e+04
    7400           -1.22490510e+05            2.06178309e+00            9.97998836e-01            1.00212265e+00     2.421979412861656e+04     2.422004441975291e+04     2.422029556465948e+04     2.422054612882785e+04     2.422079679658301e+04     2.422179946454947e+04
    7600           -1.22633893e+05            1.51206812e+00            9.98541517e-01            1.00156581e+00     2.412868452694604e+04     2.412886657250781e+04     2.412904937656953e+04     2.412923163730977e+04     2.412941400915787e+04     2.413014349136969e+04
    7800           -1.22538893e+05            4.76316486e+00            9.95310076e-01            1.00483703e+00     2.420153221436064e+04     2.420212024890167e+04     2.420270915776342e+04     2.420329746796688e+04     2.420388588716583e+04     2.420623955997101e+04
    8000           -1.22546007e+05            1.18360304e+00            9.98870922e-01            1.00123826e+00     2.398393875221672e+04     2.398408004066307e+04     2.398422215253473e+04     2.398436370297726e+04     2.398450535407410e+04     2.398507195593148e+04
    8200           -1.22212655e+05            5.78608961e+00            9.94285966e-01            1.00585885e+00     2.417801702096210e+04     2.417873369087897e+04     2.417945126309578e+04     2.418016823976809e+04     2.418088531342844e+04     2.418375360589479e+04
    8400           -1.22543638e+05            1.71963762e+00            9.98347873e-01            1.00178738e+00     2.413428915492308e+04     2.413449557658064e+04     2.413470283579200e+04     2.413490950617058e+04     2.413511629119047e+04     2.413594342745785e+04
    8600           -1.22323038e+05            3.06450388e+00            9.96994501e-01            1.00312385e+00     2.406931938029309e+04     2.406969573485813e+04     2.407007302581370e+04     2.407044969217637e+04     2.407082646490897e+04     2.407233354952485e+04
    8800           -1.22534617e+05            2.55062404e+00            9.97513821e-01            1.00261539e+00     2.405723853353643e+04     2.405754986538084e+04     2.405786196051633e+04     2.405817349680876e+04     2.405848515218065e+04     2.405973177082487e+04
    9000           -1.22379936e+05            1.46158727e+00            9.98598646e-01            1.00152200e+00     2.429133746858431e+04     2.429151227476211e+04     2.429168789095360e+04     2.429186293378366e+04     2.429203808969244e+04     2.429273871080058e+04
    9200           -1.22679548e+05            2.27986635e+00            9.97781918e-01            1.00234193e+00     2.414000435230256e+04     2.414028193451754e+04     2.414056037518037e+04     2.414083821417811e+04     2.414111616915868e+04     2.414222798601480e+04
    9400           -1.22642459e+05            1.20237915e+00            9.98854971e-01            1.00125987e+00     2.417418122625565e+04     2.417432454175815e+04     2.417446873850226e+04     2.417461230925714e+04     2.417475600501465e+04     2.417533078377365e+04
    9600           -1.22281477e+05            1.93745417e+00            9.98124027e-01            1.00199917e+00     2.410604761001955e+04     2.410628283162261e+04     2.410651895839014e+04     2.410675447807080e+04     2.410699010229484e+04     2.410793259457013e+04
    9800           -1.22354309e+05            1.24200790e+00            9.98826335e-01            1.00131052e+00     2.419302832891770e+04     2.419317574634171e+04     2.419332402390719e+04     2.419347170715970e+04     2.419361950139555e+04     2.419421067387340e+04
   10000           -1.22443696e+05            6.92315800e+00            9.93156985e-01            1.00700420e+00     2.414130276096119e+04     2.414216088520516e+04     2.414301981415493e+04     2.414387818205380e+04     2.414473665788853e+04     2.414817055481588e+04
   10200           -1.22714921e+05            5.35338752e+00            9.94718053e-01            1.00542549e+00     2.409878303885961e+04     2.409944509384576e+04     2.410010799211477e+04     2.410077028844715e+04     2.410143270629073e+04     2.410408237372185e+04
   10400           -1.22619047e+05            5.61199102e+00            9.94457801e-01            1.00568245e+00     2.422404888822126e+04     2.422474315224228e+04     2.422543831626922e+04     2.422613287373277e+04     2.422682753713911e+04     2.422960618605697e+04
   10600           -1.22578184e+05            8.51937145e-01            9.99208869e-01            1.00091285e+00     2.405814298189084e+04     2.405824275337331e+04     2.405834332665523e+04     2.405844334678126e+04     2.405854346978542e+04     2.405894395767999e+04
   10800           -1.22566951e+05            2.14134923e+00            9.97926802e-01            1.00220979e+00     2.423417480219252e+04     2.423443476335943e+04     2.423469546598549e+04     2.423495568010584e+04     2.423521597390505e+04     2.423625714561758e+04
   11000           -1.22775697e+05            4.12476503e+00            9.95937482e-01            1.00418748e+00     2.416887732958230e+04     2.416938603596689e+04     2.416989570630601e+04     2.417040472932548e+04     2.417091386434574e+04     2.417295039910918e+04
   11200           -1.22684776e+05            1.03333543e+00            9.99025430e-01            1.00109222e+00     2.431010354632412e+04     2.431022551143440e+04     2.431034828490058e+04     2.431047049986714e+04     2.431059281922622e+04     2.431108209212832e+04
   11400           -1.22715432e+05            6.68452757e-01            9.99386007e-01            1.00072299e+00     2.420841220803138e+04     2.420848897348390e+04     2.420856661852622e+04     2.420864364796618e+04     2.420872079623846e+04     2.420902938444554e+04
   11600           -1.22686301e+05            3.21120647e+00            9.96846626e-01            1.00326939e+00     2.426161515637407e+04     2.426200993011486e+04     2.426240560794779e+04     2.426280066104629e+04     2.426319583081315e+04     2.426477650525223e+04
   11800           -1.22494541e+05            1.09783685e+00            9.98958012e-01            1.00115381e+00     2.420258874277477e+04     2.420271929552804e+04     2.420285061734926e+04     2.420298139129709e+04     2.420311227503197e+04     2.420363580728918e+04
   12000           -1.22473592e+05            2.99637382e+00            9.97070046e-01            1.00306317e+00     2.421005740027689e+04     2.421042426488885e+04     2.421079191182803e+04     2.421115902987703e+04     2.421152624175783e+04     2.421299508323878e+04
   12200           -1.22385163e+05            2.35550868e+00            9.97706936e-01            1.00241824e+00     2.412907597183620e+04     2.412936318754312e+04     2.412965125922166e+04     2.412993874178086e+04     2.413022633341921e+04     2.413137669500222e+04
   12400           -1.22321995e+05            1.19036112e+00            9.98865902e-01            1.00124676e+00     2.432296953762356e+04     2.432311165193903e+04     2.432325458621788e+04     2.432339693124448e+04     2.432353939691585e+04     2.432410925620814e+04
   12600           -1.22700197e+05            3.94489171e-01            9.99664257e-01            1.00045328e+00     2.428317666045635e+04     2.428321850768873e+04     2.428326121523881e+04     2.428330333138415e+04     2.428334555652273e+04     2.428351445258910e+04
   12800           -1.22509497e+05            6.57107902e-01            9.99405394e-01            1.00071969e+00     2.428021012631739e+04     2.428028447501240e+04     2.428035967024909e+04     2.428043427877846e+04     2.428050899828068e+04     2.428080787024397e+04
   13000           -1.22361927e+05            3.93256931e+00            9.96123940e-01            1.00398948e+00     2.414216598254406e+04     2.414265203163416e+04     2.414313894260415e+04     2.414362525356423e+04     2.414411167885458e+04     2.414605737516511e+04
   13200           -1.22529517e+05            1.28382373e+00            9.98774299e-01            1.00134209e+00     2.413692198751688e+04     2.413707558398234e+04     2.413723002212365e+04     2.413738388858670e+04     2.413753785710348e+04     2.413815372669008e+04
   13400           -1.22458143e+05            3.76026969e+00            9.96304003e-01            1.00382499e+00     2.432321940484349e+04     2.432368217971038e+04     2.432414573708073e+04     2.432460876173230e+04     2.432507188193771e+04     2.432692435903193e+04
   13600           -1.22730975e+05            1.88102170e+00            9.98180524e-01            1.00194279e+00     2.403987454323172e+04     2.404010208640723e+04     2.404033045843243e+04     2.404055825111922e+04     2.404078615545098e+04     2.404169776767023e+04
   13800           -1.22449722e+05            1.91232499e+00            9.98149905e-01            1.00197479e+00     2.413372180680730e+04     2.413395295290276e+04     2.413418496977042e+04     2.413441636976562e+04     2.413464789231616e+04     2.413557397782502e+04
   14000           -1.22417010e+05            1.64885504e+00            9.98412453e-01            1.00171036e+00     2.413118335214868e+04     2.413138218387504e+04     2.413158190330091e+04     2.413178101346688e+04     2.413198023525540e+04     2.413277711836213e+04
   14200           -1.22528663e+05            4.82176935e-01            9.99581768e-01            1.00054618e+00     2.410568111949406e+04     2.410573380813061e+04     2.410578741581518e+04     2.410584042285653e+04     2.410589352534149e+04     2.410610593118891e+04
   14400           -1.22651538e+05            7.67803280e-01            9.99289265e-01            1.00082496e+00     2.418422038232125e+04     2.418430915181998e+04     2.418439881308649e+04     2.418448786485274e+04     2.418457702764097e+04     2.418493367296070e+04
   14600           -1.22708237e+05            9.81173583e-01            9.99078487e-01            1.00104095e+00     2.412310459298501e+04     2.412322022603861e+04     2.412333678055671e+04     2.412345269291193e+04     2.412356872746013e+04     2.412403286193525e+04
   14800           -1.22782349e+05            3.07378635e+00            9.96992370e-01            1.00314033e+00     2.405772522880041e+04     2.405810168592510e+04     2.405847901237627e+04     2.405885577975691e+04     2.405923263105797e+04     2.406074003331553e+04
   15000           -1.22824070e+05            2.57057604e+00            9.97487518e-01            1.00262896e+00     2.413432615272758e+04     2.413464095677866e+04     2.413495654410086e+04     2.413527158199343e+04     2.413558672683841e+04     2.413684730094924e+04
   15200           -1.22964724e+05            8.19456616e-01            9.99245647e-01            1.00088467e+00     2.417022987092562e+04     2.417032475260646e+04     2.417042053618697e+04     2.417051571060657e+04     2.417061099207181e+04     2.417099211321800e+04
   15400           -1.22910711e+05            3.02414103e+00            9.97034938e-01            1.00308356e+00     2.400836757881931e+04     2.400873917727712e+04     2.400911159753530e+04     2.400948345303666e+04     2.400985541266956e+04     2.401134324651981e+04
   15600           -1.22772334e+05            1.40403315e+00            9.98663758e-01            1.00147201e+00     2.417020110844175e+04     2.417036825018291e+04     2.417053622475542e+04     2.417070363351445e+04     2.417087114312681e+04     2.417154117781186e+04
   15800           -1.22613973e+05            3.20290223e+00            9.96865054e-01            1.00327127e+00     2.419610903947236e+04     2.419650248077415e+04     2.419689674352984e+04     2.419729043379405e+04     2.419768423355110e+04     2.419925942762983e+04
   16000           -1.22444626e+05            3.33015771e+00            9.96737935e-01            1.00339868e+00     2.421164405473186e+04     2.421205261644819e+04     2.421246200829863e+04     2.421287083012971e+04     2.421327975600161e+04     2.421491545727136e+04
   16200           -1.22478869e+05            7.48401315e-01            9.99306893e-01            1.00080378e+00     2.426114175077954e+04     2.426122861936802e+04     2.426131634224344e+04     2.426140347858572e+04     2.426149072348254e+04     2.426183969618555e+04
   16400           -1.22675216e+05            8.31414589e-01            9.99227214e-01            1.00089014e+00     2.427992842675935e+04     2.428002526390853e+04     2.428012297177912e+04     2.428022006624218e+04     2.428031728090981e+04     2.428070613506027e+04
   16600           -1.22762499e+05            4.24477933e+00            9.95822011e-01            1.00431209e+00     2.416856761888558e+04     2.416909120424101e+04     2.416961557911634e+04     2.417013940867365e+04     2.417066334038924e+04     2.417275906189289e+04
   16800           -1.22915957e+05            6.81452310e+00            9.93267539e-01            1.00689750e+00     2.410541688511225e+04     2.410626135432479e+04     2.410710661940162e+04     2.410795131745841e+04     2.410879613015613e+04     2.411217537520001e+04
   17000           -1.22907565e+05            9.45294050e-01            9.99117282e-01            1.00100799e+00     2.410922742733164e+04     2.410933828119682e+04     2.410944986475536e+04     2.410956093405616e+04     2.410967210423680e+04     2.411011678114196e+04
   17200           -1.22593741e+05            2.05688708e+00            9.97999305e-01            1.00211330e+00     2.413475987550620e+04     2.413501010803239e+04     2.413526118129354e+04     2.413551167477114e+04     2.413576227629452e+04     2.413676467708285e+04
   17400           -1.22523904e+05            3.79268019e+00            9.96273718e-01            1.00385955e+00     2.405171375935328e+04     2.405218085006914e+04     2.405264873005699e+04     2.405311605603167e+04     2.405358349023718e+04     2.405545322112108e+04
   17600           -1.22743903e+05            1.50741743e+00            9.98550387e-01            1.00156539e+00     2.406795052796053e+04     2.406813125474536e+04     2.406831280648484e+04     2.406849378903273e+04     2.406867487781913e+04     2.406939922767772e+04
   17800           -1.22564109e+05            4.01781099e+00            9.96050862e-01            1.00408700e+00     2.429246110950280e+04     2.429295623425151e+04     2.429345213371358e+04     2.429394750668916e+04     2.429444297359083e+04     2.429642483767887e+04
   18000           -1.22651504e+05            1.64186830e+00            9.98417525e-01            1.00170145e+00     2.410680734206424e+04     2.410700475885687e+04     2.410720300386596e+04     2.410740068553404e+04     2.410759846796435e+04     2.410838959386445e+04
   18200           -1.22501425e+05            7.18813371e+00            9.92897067e-01            1.00727432e+00     2.424731758772121e+04     2.424820847543484e+04     2.424910026551115e+04     2.424999143549595e+04     2.425088271939584e+04     2.425444785107046e+04
   18400           -1.22553433e+05            2.30683383e+00            9.97752970e-01            1.00236691e+00     2.408131231651273e+04     2.408159307070548e+04     2.408187469588847e+04     2.408215574337104e+04     2.408243688717902e+04     2.408356145784532e+04
   18600           -1.22567743e+05            6.97028675e-01            9.99355589e-01            1.00074972e+00     2.417735694570473e+04     2.417743707017257e+04     2.417751822112770e+04     2.417759867480586e+04     2.417767925312241e+04     2.417800156054009e+04
   18800           -1.22663379e+05            5.66991241e+00            9.94401737e-01            1.00574226e+00     2.428470995588213e+04     2.428541175808748e+04     2.428611430286314e+04     2.428681630333337e+04     2.428751842058620e+04     2.429032688529027e+04
   19000           -1.22633307e+05            1.85111123e+00            9.98208357e-01            1.00191080e+00     2.410703390854982e+04     2.410725813652551e+04     2.410748328347755e+04     2.410770780145919e+04     2.410793243404601e+04     2.410883095954221e+04
   19200           -1.22696444e+05            1.54125505e+00            9.98517889e-01            1.00160058e+00     2.420809105476232e+04     2.420827648123403e+04     2.420846274582109e+04     2.420864840887339e+04     2.420883419414459e+04     2.420957733352686e+04
   19400           -1.22524486e+05            2.21761518e+00            9.97843084e-01            1.00227858e+00     2.416265880026785e+04     2.416292861704726e+04     2.416319930996649e+04     2.416346939739932e+04     2.416373959805388e+04     2.416482039583990e+04
   19600           -1.22744389e+05            1.28484072e+00            9.98778898e-01            1.00134874e+00     2.418742440319125e+04     2.418757698399284e+04     2.418773039982123e+04     2.418788324263198e+04     2.418803619058742e+04     2.418864797798359e+04
   19800           -1.22590272e+05            9.73870429e-01            9.99081329e-01            1.00102918e+00     2.404251485233882e+04     2.404262990474577e+04     2.404274581757198e+04     2.404286111330154e+04     2.404297653520702e+04     2.404343821807523e+04
   20000           -1.22448316e+05            2.28225603e+00            9.97786084e-01            1.00235090e+00     2.407300580457785e+04     2.407328360946259e+04     2.407356230179592e+04     2.407384036568985e+04     2.407411855393692e+04     2.407523130329599e+04
   20200           -1.22436461e+05            4.20829932e+00            9.95861929e-01            1.00427907e+00     2.412811975283008e+04     2.412863801813597e+04     2.412915704770374e+04     2.412967552876198e+04     2.413019412207733e+04     2.413226849132458e+04
   20400           -1.22498272e+05            2.53418011e+00            9.97528175e-01            1.00259684e+00     2.422727439762962e+04     2.422758383004880e+04     2.422789412503489e+04     2.422820384392915e+04     2.422851366077056e+04     2.422975292391151e+04
   20600           -1.22440291e+05            8.92165078e-01            9.99172043e-01            1.00095649e+00     2.411163606305308e+04     2.411173965348025e+04     2.411184409613037e+04     2.411194795410281e+04     2.411205191910232e+04     2.411246777515156e+04
   20800           -1.22397634e+05            1.43493242e+00            9.98625805e-01            1.00149584e+00     2.406997575577606e+04     2.407014778337454e+04     2.407032070057523e+04     2.407049301060113e+04     2.407066543009559e+04     2.407135510441512e+04
   21000           -1.22288787e+05            5.26099883e+00            9.94811603e-01            1.00533427e+00     2.418712501038611e+04     2.418777530162735e+04     2.418842641026016e+04     2.418907693631666e+04     2.418972757945446e+04     2.419233014852280e+04
   21200           -1.22231046e+05            2.53043349e+00            9.97531583e-01            1.00259275e+00     2.411691761003121e+04     2.411722689473062e+04     2.411753699044139e+04     2.411784651958838e+04     2.411815615772340e+04     2.411939470541560e+04
   21400           -1.22452353e+05            1.93137926e+00            9.98133280e-01            1.00199628e+00     2.397728472906841e+04     2.397751845839288e+04     2.397775310793329e+04     2.397798713030545e+04     2.397822126528251e+04     2.397915780149662e+04
   21600           -1.22394654e+05            2.02172027e-01            9.99856593e-01            1.00026096e+00     2.422876213369115e+04     2.422878050831803e+04     2.422879973303513e+04     2.422881837604098e+04     2.422883712454390e+04     2.422891211539665e+04
   21800           -1.22355639e+05            2.92216802e+00            9.97142095e-01            1.00298679e+00     2.416017899740071e+04     2.416053686557092e+04     2.416089564796217e+04     2.416125381711708e+04     2.416161209123802e+04     2.416304518507535e+04
   22000           -1.22470384e+05            2.01971226e+00            9.98033202e-01            1.00207284e+00     2.403217264866347e+04     2.403241834084722e+04     2.403266487987134e+04     2.403291084419772e+04     2.403315691084292e+04     2.403414117302237e+04
   22200           -1.22509120e+05            2.63436784e+00            9.97426144e-01            1.00269519e+00     2.414277914149826e+04     2.414310121563955e+04     2.414342409773051e+04     2.414374643414334e+04     2.414406886629575e+04     2.414535859109323e+04
   22400           -1.22551686e+05            1.82616317e+00            9.98237075e-01            1.00188963e+00     2.419032450646420e+04     2.419054564775554e+04     2.419076765942180e+04     2.419098907503216e+04     2.419121059876135e+04     2.419209669105849e+04
   22600           -1.22604160e+05            5.14794616e+00            9.94927981e-01            1.00522457e+00     2.395783765994246e+04     2.395847285175175e+04     2.395910893077365e+04     2.395974439568234e+04     2.396037997560869e+04     2.396292229127492e+04
   22800           -1.22890090e+05            2.06023085e+00            9.98000918e-01            1.00212163e+00     2.420786342286133e+04     2.420811380931835e+04     2.420836508397070e+04     2.420861575557909e+04     2.420886653415033e+04     2.420986964543932e+04
   23000           -1.22723737e+05            4.66362551e+00            9.95405774e-01            1.00473361e+00     2.403830122946832e+04     2.403887666863868e+04     2.403945287708308e+04     2.404002853984727e+04     2.404060431162941e+04     2.404290739379050e+04
   23200           -1.22522600e+05            6.93099561e-01            9.99367193e-01            1.00075348e+00     2.411009764561459e+04     2.411017665998461e+04     2.411025658247026e+04     2.411033586873835e+04     2.411041527813194e+04     2.411073291064928e+04
   23400           -1.22634487e+05            5.18984506e+00            9.94886727e-01            1.00526712e+00     2.428955282513337e+04     2.429019440846044e+04     2.429083680075576e+04     2.429147862319974e+04     2.429212055738352e+04     2.429468828963367e+04
   23600           -1.22672754e+05            1.63877423e+00            9.98422335e-01            1.00170008e+00     2.418778565469121e+04     2.418798296752846e+04     2.418818111192759e+04     2.418837867800316e+04     2.418857635451842e+04     2.418936705434562e+04
   23800           -1.22477679e+05            1.85613160e+00            9.98205859e-01            1.00191835e+00     2.414097922788778e+04     2.414120367088662e+04     2.414142904724419e+04     2.414165379719401e+04     2.414187865501371e+04     2.414277808213963e+04
   24000           -1.22799850e+05            4.75730802e+00            9.95314159e-01            1.00482939e+00     2.407963206941193e+04     2.408021952923673e+04     2.408080788139684e+04     2.408139563023109e+04     2.408198348511641e+04     2.408433490082088e+04
   24200           -1.22669790e+05            2.68174072e+00            9.97379106e-01            1.00274290e+00     2.412043659155147e+04     2.412076482434130e+04     2.412109393818457e+04     2.412142244690566e+04     2.412175106633680e+04     2.412306554112213e+04
   24400           -1.22659415e+05            1.04370848e+00            9.99013649e-01            1.00110118e+00     2.413358095270020e+04     2.413370465046869e+04     2.413382915915295e+04     2.413395308854138e+04     2.413407713546360e+04     2.413457331822700e+04
   24600           -1.22656589e+05            1.45925325e+00            9.98604234e-01            1.00152292e+00     2.413352547185797e+04     2.413370043973836e+04     2.413387626530789e+04     2.413405150743632e+04     2.413422685361090e+04     2.413492823536384e+04
   24800           -1.22499961e+05            2.85194196e+00            9.97215105e-01            1.00291936e+00     2.417303404854659e+04     2.417338246880797e+04     2.417373186509134e+04     2.417408059040681e+04     2.417442943894859e+04     2.417582482935060e+04
   25000           -1.22556706e+05            9.70575672e-01            9.99083525e-01            1.00102478e+00     2.413126188475018e+04     2.413137598892133e+04     2.413149095193758e+04     2.413160533067567e+04     2.413171981401389e+04     2.413217774327760e+04
   25200           -1.22521200e+05            4.11552171e+00            9.95947872e-01            1.00417939e+00     2.411674017529613e+04     2.411724750024920e+04     2.411775565139353e+04     2.411826322540815e+04     2.411877090984642e+04     2.412080164439671e+04
   25400           -1.22559181e+05            2.27950589e+00            9.97782712e-01            1.00234200e+00     2.409434769455918e+04     2.409462548436059e+04     2.409490414024760e+04     2.409518222707783e+04     2.409546040570066e+04     2.409657311684214e+04
   25600           -1.22703189e+05            2.89904030e+00            9.97161730e-01            1.00296015e+00     2.415360517341595e+04     2.415396061222376e+04     2.415431684820716e+04     2.415467253094203e+04     2.415502831795898e+04     2.415645146250199e+04
   25800           -1.22424571e+05            2.46041908e+00            9.97596813e-01            1.00251792e+00     2.424522094218986e+04     2.424552123585372e+04     2.424582235662884e+04     2.424612290227721e+04     2.424642355724667e+04     2.424762617230349e+04
   26000           -1.22367443e+05            1.52364789e+00            9.98533503e-01            1.00158097e+00     2.411942918881559e+04     2.411961245763108e+04     2.411979651970320e+04     2.411998001676479e+04     2.412016362774893e+04     2.412089806668227e+04
   26200           -1.22768875e+05            1.30229306e+00            9.98759340e-01            1.00136408e+00     2.408449111150702e+04     2.408464598389448e+04     2.408480176848077e+04     2.408495691811731e+04     2.408511218823921e+04     2.408573326497139e+04
   26400           -1.22395611e+05            1.52213983e+00            9.98532779e-01            1.00157722e+00     2.403798977224074e+04     2.403817350551104e+04     2.403835812688408e+04     2.403854212012126e+04     2.403872623733448e+04     2.403946270242822e+04
   26600           -1.22468640e+05            4.54979519e-01            9.99603278e-01            1.00051329e+00     2.428934502354746e+04     2.428939487804776e+04     2.428944565979539e+04     2.428949581830949e+04     2.428954608479099e+04     2.428974714603452e+04
   26800           -1.22749208e+05            4.55958491e+00            9.95509360e-01            1.00462910e+00     2.418002231727563e+04     2.418058533045431e+04     2.418114919913565e+04     2.418171249374875e+04     2.418227588724712e+04     2.418452945721862e+04
   27000           -1.22392595e+05            1.43373053e+00            9.98625009e-01            1.00149264e+00     2.426400139936185e+04     2.426417392412454e+04     2.426434724778631e+04     2.426452000958975e+04     2.426469288056157e+04     2.426538436176129e+04
   27200           -1.22462473e+05            3.94844781e-01            9.99661850e-01            1.00045158e+00     2.412291934161742e+04     2.412296128072112e+04     2.412300415489808e+04     2.412304642073117e+04     2.412308878182601e+04     2.412325822203459e+04
   27400           -1.22340600e+05            1.59194354e+00            9.98472553e-01            1.00165664e+00     2.409516611260404e+04     2.409535754946456e+04     2.409554984746421e+04     2.409574154831323e+04     2.409593336189599e+04     2.409670061118794e+04
   27600           -1.22731302e+05            1.37022767e+00            9.98690979e-01            1.00143160e+00     2.410841795606650e+04     2.410858166901843e+04     2.410874622042025e+04     2.410891018787398e+04     2.410907426640067e+04     2.410973057673484e+04
   27800           -1.22641038e+05            8.32824901e-01            9.99230224e-01            1.00089598e+00     2.420481991629847e+04     2.420491637401315e+04     2.420501366781502e+04     2.420511038057384e+04     2.420520720351511e+04     2.420559449073175e+04
   28000           -1.22501119e+05            8.30842766e-01            9.99229495e-01            1.00089128e+00     2.418203471231785e+04     2.418213123464209e+04     2.418222870568418e+04     2.418232554515967e+04     2.418242249024752e+04     2.418281026817719e+04
   28200           -1.22639799e+05            1.50836944e+00            9.98557092e-01            1.00157403e+00     2.425912170853436e+04     2.425930234738534e+04     2.425948384809531e+04     2.425966475834860e+04     2.425984577657120e+04     2.426056984460804e+04
   28400           -1.22655372e+05            1.34511156e+00            9.98721466e-01            1.00141187e+00     2.404065494757646e+04     2.404081491764257e+04     2.404097578686033e+04     2.404113603328407e+04     2.404129639656365e+04     2.404193784555083e+04
   28600           -1.22488257e+05            2.98609534e+00            9.97076795e-01            1.00304934e+00     2.414919403099140e+04     2.414956060359378e+04     2.414992806552357e+04     2.415029490672526e+04     2.415066186591106e+04     2.415212970083073e+04
   28800           -1.22712287e+05            4.32972218e+00            9.95732999e-01            1.00439293e+00     2.403590598809001e+04     2.403644077812826e+04     2.403697633482395e+04     2.403751135219728e+04     2.403804647544319e+04     2.404018696279637e+04
   29000           -1.22766808e+05            4.98771565e+00            9.95084616e-01            1.00506069e+00     2.405190298949126e+04     2.405251928886129e+04     2.405313639354349e+04     2.405375290929751e+04     2.405436955064279e+04     2.405683611179433e+04
   29200           -1.22413440e+05            2.93691736e+00            9.97131728e-01            1.00300595e+00     2.401035232146098e+04     2.401071147443553e+04     2.401107150445794e+04     2.401143093235266e+04     2.401179047034806e+04     2.401322861923515e+04
   29400           -1.22429137e+05            1.92834073e+00            9.98134151e-01            1.00199107e+00     2.409398538433034e+04     2.409421948203641e+04     2.409445439086137e+04     2.409468870114637e+04     2.409492314153823e+04     2.409586089874612e+04
   29600           -1.22684545e+05            3.75622218e+00            9.96317248e-01            1.00383021e+00     2.401555046986189e+04     2.401601203237383e+04     2.401647442554558e+04     2.401693624373976e+04     2.401739816947513e+04     2.401924586908838e+04
   29800           -1.22573124e+05            2.32783108e+00            9.97732831e-01            1.00238877e+00     2.404047142939973e+04     2.404075565078966e+04     2.404104066340210e+04     2.404132512459856e+04     2.404160969099107e+04     2.404274795258241e+04
   30000           -1.22334473e+05            2.19350912e+00            9.97871301e-01            1.00225860e+00     2.419615588384193e+04     2.419642243422928e+04     2.419668980331950e+04     2.419695661459261e+04     2.419722352640803e+04     2.419829116897412e+04
   30200           -1.22553318e+05            4.07846958e+00            9.95991504e-01            1.00414897e+00     2.414143601135024e+04     2.414193805280096e+04     2.414244091036781e+04     2.414294317538737e+04     2.414344556528803e+04     2.414545511922581e+04
   30400           -1.22550970e+05            9.86345054e-01            9.99074920e-01            1.00104773e+00     2.422588842063849e+04     2.422600456673851e+04     2.422612159071079e+04     2.422623799764523e+04     2.422635452445194e+04     2.422682062826538e+04
   30600           -1.22592230e+05            1.59386860e+00            9.98462696e-01            1.00165061e+00     2.408768588337520e+04     2.408787832854863e+04     2.408807154436713e+04     2.408826421081581e+04     2.408845698815662e+04     2.408922809293804e+04
   30800           -1.22617379e+05            2.46585313e+00            9.97597113e-01            1.00252912e+00     2.411310933371040e+04     2.411341049822860e+04     2.411371244169274e+04     2.411401383745351e+04     2.411431533995209e+04     2.411552134619376e+04
   31000           -1.22749673e+05            1.89253380e+00            9.98171401e-01            1.00195671e+00     2.414132460716920e+04     2.414155343807565e+04     2.414178310699590e+04     2.414201219945011e+04     2.414224139864090e+04     2.414315819011259e+04
   31200           -1.22678574e+05            1.78539593e+00            9.98277911e-01            1.00184893e+00     2.414944025730384e+04     2.414965583508745e+04     2.414987225812533e+04     2.415008807797830e+04     2.415030401863698e+04     2.415116777997012e+04
   31400           -1.22551123e+05            2.31168612e+00            9.97749386e-01            1.00237303e+00     2.426479517858805e+04     2.426507648049253e+04     2.426535852973455e+04     2.426564005742683e+04     2.426592168518499e+04     2.426704819178192e+04
   31600           -1.22693462e+05            8.52907897e+00            9.91565942e-01            1.00862532e+00     2.410436019989206e+04     2.410541868776755e+04     2.410647805508348e+04     2.410753681109211e+04     2.410859568271356e+04     2.411283116553506e+04
   31800           -1.22774936e+05            1.44435935e+00            9.98616891e-01            1.00150578e+00     2.401447851217107e+04     2.401465141754419e+04     2.401482521436250e+04     2.401499839801466e+04     2.401517169446477e+04     2.401586487675847e+04
   32000           -1.22265157e+05            1.94911160e+00            9.98116327e-01            1.00201480e+00     2.409392328519287e+04     2.409415893242350e+04     2.409439538984705e+04     2.409463127588656e+04     2.409486727367857e+04     2.409581126216426e+04
   32200           -1.22405512e+05            1.98597329e+00            9.98074931e-01            1.00204711e+00     2.414393289053810e+04     2.414417420519642e+04     2.414441639457574e+04     2.414465798369946e+04     2.414489968304781e+04     2.414586647555753e+04
   32400           -1.22692487e+05            9.64899120e-01            9.99101026e-01            1.00103095e+00     2.420833576213166e+04     2.420844820574272e+04     2.420856150164839e+04     2.420867421065380e+04     2.420878702822812e+04     2.420923829432458e+04
   32600           -1.22692176e+05            2.00775160e+00            9.98049934e-01            1.00206566e+00     2.400904563435257e+04     2.400928974566733e+04     2.400953463266625e+04     2.400977896832834e+04     2.401002341427931e+04     2.401100119420604e+04
   32800           -1.22635857e+05            4.72303131e+00            9.95348539e-01            1.00479521e+00     2.412852178876582e+04     2.412910470961182e+04     2.412968843122976e+04     2.413027159169075e+04     2.413085486153332e+04     2.413318793430081e+04
   33000           -1.22755888e+05            8.45311813e+00            9.91645456e-01            1.00855297e+00     2.409288042404074e+04     2.409392966346642e+04     2.409497971450980e+04     2.409602921046601e+04     2.409707880658255e+04     2.410127718912437e+04
   33200           -1.22653819e+05            2.44789296e+00            9.97612962e-01            1.00250904e+00     2.408903531155896e+04     2.408933376620384e+04     2.408963313875870e+04     2.408993186785703e+04     2.409023072094110e+04     2.409142613032324e+04
   33400           -1.22494042e+05            2.46030367e+00            9.97597715e-01            1.00251860e+00     2.417225221231666e+04     2.417255306547179e+04     2.417285472500843e+04     2.417315582584391e+04     2.417345703195589e+04     2.417466185159513e+04
   33600           -1.22734058e+05            2.75261826e+00            9.97310235e-01            1.00281580e+00     2.409524441067332e+04     2.409558153222630e+04     2.409591956421878e+04     2.409625697173345e+04     2.409659449362003e+04     2.409794457656674e+04
   33800           -1.22591868e+05            5.18164761e-01            9.99547464e-01            1.00058386e+00     2.406930022964163e+04     2.406935677128442e+04     2.406941415929563e+04     2.406947096634351e+04     2.406952787994352e+04     2.406975553024542e+04
   34000           -1.22589014e+05            1.00563911e+00            9.99061842e-01            1.00107326e+00     2.420394897564677e+04     2.420406672240125e+04     2.420418546019038e+04     2.420430352253541e+04     2.420442170621635e+04     2.420489443678593e+04
   34200           -1.22399306e+05            2.94683555e+00            9.97119478e-01            1.00301352e+00     2.412373404012652e+04     2.412409461260523e+04     2.412445613735333e+04     2.412481702300797e+04     2.412517801866809e+04     2.412662199720966e+04
   34400           -1.22374639e+05            1.85455358e+00            9.98199914e-01            1.00190922e+00     2.412113307862495e+04     2.412135834007384e+04     2.412158435345427e+04     2.412180983312154e+04     2.412203541951643e+04     2.412293776040790e+04
   34600           -1.22494506e+05            1.10597830e+00            9.98954929e-01            1.00116702e+00     2.418828975052638e+04     2.418842024957259e+04     2.418855160928599e+04     2.418868238915915e+04     2.418881327009137e+04     2.418933678965635e+04
   34800           -1.22823188e+05            8.97764391e-01            9.99164133e-01            1.00095977e+00     2.424633171577871e+04     2.424643599688213e+04     2.424654111267780e+04     2.424664565252159e+04     2.424675029949546e+04     2.424716888321219e+04
   35000           -1.22691728e+05            1.27063099e+00            9.98793220e-01            1.00133464e+00     2.408111549876939e+04     2.408126665830076e+04     2.408141869518468e+04     2.408157012562104e+04     2.408172166862665e+04     2.408232783848392e+04
   35200           -1.22235205e+05            1.55651649e+00            9.98507376e-01            1.00162061e+00     2.424433206859182e+04     2.424451889178186e+04     2.424470659272172e+04     2.424489367748486e+04     2.424508088157187e+04     2.424582969455193e+04
   35400           -1.22332001e+05            3.46772063e+00            9.96600117e-01            1.00353600e+00     2.399782743256636e+04     2.399825280357592e+04     2.399867912796306e+04     2.399910482147405e+04     2.399953062010062e+04     2.400123380763488e+04
   35600           -1.22405013e+05            1.40136770e+00            9.98658087e-01            1.00146099e+00     2.419918765943091e+04     2.419935577875364e+04     2.419952477051231e+04     2.419969316435494e+04     2.419986166750971e+04     2.420053567558850e+04
   35800           -1.22540491e+05            2.64220331e+00            9.97422503e-01            1.00270724e+00     2.416579294582196e+04     2.416611608567294e+04     2.416644006338240e+04     2.416676345855588e+04     2.416708696364483e+04     2.416838098146770e+04
   36000           -1.22585263e+05            7.53681146e-01            9.99303985e-01            1.00081143e+00     2.404033808841126e+04     2.404042541398189e+04     2.404051351392536e+04     2.404060104405743e+04     2.404068869725379e+04     2.404103930609633e+04
   36200           -1.22595492e+05            3.19180115e+00            9.96871048e-01            1.00325503e+00     2.408772449934451e+04     2.408811630573994e+04     2.408850909439122e+04     2.408890124976342e+04     2.408929350124521e+04     2.409086250314592e+04
   36400           -1.22807165e+05            4.86335346e+00            9.95208450e-01            1.00493578e+00     2.425833862937739e+04     2.425893860238385e+04     2.425953948822837e+04     2.426013974357917e+04     2.426074011666244e+04     2.426314160394748e+04
   36600           -1.22771108e+05            7.71252114e-01            9.99288304e-01            1.00083090e+00     2.422406063227043e+04     2.422414960970552e+04     2.422423948765732e+04     2.422432876668170e+04     2.422441814575908e+04     2.422477565924773e+04
   36800           -1.22666860e+05            1.06204693e+00            9.98998362e-01            1.00112258e+00     2.417849913376997e+04     2.417862461625687e+04     2.417875096054601e+04     2.417887671454548e+04     2.417900257572323e+04     2.417950601767649e+04
   37000           -1.22481980e+05            3.69725186e+00            9.96366398e-01            1.00376134e+00     2.413062213551540e+04     2.413107741411399e+04     2.413153357987740e+04     2.413198914754108e+04     2.413244481946288e+04     2.413426750341036e+04
   37200           -1.22565793e+05            8.57051429e-01            9.99208036e-01            1.00092225e+00     2.413566814438390e+04     2.413576776808105e+04     2.413586833767633e+04     2.413596828094924e+04     2.413606832750651e+04     2.413646851062911e+04
   37400           -1.22412154e+05            2.80580157e+00            9.97262058e-01            1.00287403e+00     2.424127817396859e+04     2.424162123429915e+04     2.424196517321290e+04     2.424230851379112e+04     2.424265196198149e+04     2.424402574999440e+04
   37600           -1.22502423e+05            1.50455264e+00            9.98563853e-01            1.00157316e+00     2.423257999384357e+04     2.423275976444679e+04     2.423294033253025e+04     2.423312033207367e+04     2.423330044598545e+04     2.423402089812734e+04
   37800           -1.22636117e+05            2.37110571e+00            9.97689034e-01            1.00243152e+00     2.403716899941734e+04     2.403745784451310e+04     2.403774752002374e+04     2.403803662887278e+04     2.403832584003541e+04     2.403948268065347e+04
   38000           -1.22644071e+05            3.25477923e+00            9.96805897e-01            1.00331583e+00     2.415542665315420e+04     2.415582618518419e+04     2.415622657726306e+04     2.415662636242729e+04     2.415702626668959e+04     2.415862588022498e+04
   38200           -1.22567019e+05            5.35168854e+00            9.94720158e-01            1.00542421e+00     2.412629797756055e+04     2.412696012975119e+04     2.412762310022054e+04     2.412828550332017e+04     2.412894801327703e+04     2.413159804899351e+04
   38400           -1.22794778e+05            2.77179085e+00            9.97290845e-01            1.00283476e+00     2.418176828959297e+04     2.418210739645714e+04     2.418244735767399e+04     2.418278676747617e+04     2.418312626197202e+04     2.418448423435107e+04
   38600           -1.22772559e+05            5.19951574e-01            9.99542096e-01            1.00058206e+00     2.421403973378225e+04     2.421409721395239e+04     2.421415560961304e+04     2.421421338257099e+04     2.421427126661647e+04     2.421450279945068e+04
   38800           -1.22625557e+05            3.59406734e+00            9.96474932e-01            1.00366353e+00     2.418088952003644e+04     2.418133158886732e+04     2.418177449996548e+04     2.418221682383955e+04     2.418265926020690e+04     2.418442900037736e+04
   39000           -1.22472962e+05            1.10317423e+00            9.98951076e-01            1.00115754e+00     2.413343689293077e+04     2.413356779535137e+04     2.413369968963700e+04     2.413383093563499e+04     2.413396228512719e+04     2.413448767732360e+04
   39200           -1.22376825e+05            1.71519806e+00            9.98342449e-01            1.00177304e+00     2.410685191151168e+04     2.410705942360751e+04     2.410726775779645e+04     2.410747551801672e+04     2.410768338818111e+04     2.410851486485054e+04
   39400           -1.22424919e+05            4.08392178e+00            9.95990287e-01            1.00415869e+00     2.414987112061842e+04     2.415037362249859e+04     2.415087695147209e+04     2.415137971277140e+04     2.415188257757313e+04     2.415389403452783e+04
   39600           -1.22395106e+05            1.50593272e+00            9.98555855e-01            1.00156790e+00     2.411308203201276e+04     2.411326354783510e+04     2.411344588279640e+04     2.411362763362144e+04     2.411380950131121e+04     2.411453697060966e+04
   39800           -1.22314498e+05            2.17381854e+00            9.97890383e-01            1.00223829e+00     2.410786548938927e+04     2.410812979656022e+04     2.410839496086473e+04     2.410865953630455e+04     2.410892421949878e+04     2.410998294960828e+04
   40000           -1.22678923e+05            3.79765534e+00            9.96274768e-01            1.00387059e+00     2.411448171262975e+04     2.411494832587910e+04     2.411541575024135e+04     2.411588263974979e+04     2.411634961680559e+04     2.411821752098142e+04
   40200           -1.22535896e+05            7.84572588e+00            9.92236031e-01            1.00792845e+00     2.416209025386517e+04     2.416306455657183e+04     2.416403968528455e+04     2.416501422571094e+04     2.416598888394521e+04     2.416988751402526e+04
   40400           -1.22890666e+05            7.02484029e+00            9.93056945e-01            1.00710755e+00     2.416352635994327e+04     2.416439857080680e+04     2.416527159713827e+04     2.416614406384626e+04     2.416701663349958e+04     2.417050690705589e+04
   40600           -1.22672167e+05            3.18866561e+00            9.96871806e-01            1.00324950e+00     2.407619089201868e+04     2.407658239748839e+04     2.407697473777282e+04     2.407736650848069e+04     2.407775838283663e+04     2.407932587365458e+04
   40800           -1.22597438e+05            1.54586521e+00            9.98520095e-01            1.00161203e+00     2.415418404447221e+04     2.415436949788235e+04     2.415455584184457e+04     2.415474157991313e+04     2.415492742620823e+04     2.415567080794424e+04
   41000           -1.22806213e+05            4.60415607e-01            9.99602403e-01            1.00052329e+00     2.420324666897264e+04     2.420329644495824e+04     2.420334708209193e+04     2.420339711461271e+04     2.420344726430444e+04     2.420364785963624e+04
   41200           -1.22497880e+05            2.25983971e+00            9.97798692e-01            1.00231863e+00     2.413011011443718e+04     2.413038553746081e+04     2.413066180916780e+04     2.413093747664508e+04     2.413121326518961e+04     2.413231641594205e+04
   41400           -1.22505777e+05            1.96876505e+00            9.98099441e-01            1.00203724e+00     2.421285954376157e+04     2.421309782268269e+04     2.421333695285896e+04     2.421357549218792e+04     2.421381414284224e+04     2.421476874192291e+04
   41600           -1.22483677e+05            4.76280699e+00            9.95307607e-01            1.00483382e+00     2.418091693244789e+04     2.418150481072830e+04     2.418209359570251e+04     2.418268176583300e+04     2.418327004499261e+04     2.418562315753732e+04
   41800           -1.22770311e+05            2.63895782e+00            9.97420807e-01            1.00269903e+00     2.401156477620399e+04     2.401188771002767e+04     2.401221142408469e+04     2.401253457563044e+04     2.401285784362743e+04     2.401415091105086e+04
   42000           -1.22616876e+05            5.15196439e-01            9.99546830e-01            1.00057729e+00     2.406243947303718e+04     2.406249643047582e+04     2.406255418190591e+04     2.406261137481994e+04     2.406266867617687e+04     2.406289787931656e+04
   42200           -1.22743119e+05            1.40336786e+00            9.98660943e-01            1.00146786e+00     2.411522786854705e+04     2.411539569798906e+04     2.411556434733173e+04     2.411573242358850e+04     2.411590061009681e+04     2.411657335164657e+04
   42400           -1.22389569e+05            2.85027162e+00            9.97208975e-01            1.00290984e+00     2.422694049707576e+04     2.422728972764393e+04     2.422763987712272e+04     2.422798939527965e+04     2.422833902952470e+04     2.422973756197365e+04
   42600           -1.22694460e+05            4.78825690e+00            9.95283113e-01            1.00486024e+00     2.420665780190480e+04     2.420724937729823e+04     2.420784166095332e+04     2.420843341742202e+04     2.420902529075583e+04     2.421139277960686e+04
   42800           -1.22579361e+05            1.24845236e+00            9.98815408e-01            1.00131247e+00     2.408836011901698e+04     2.408850886632387e+04     2.408865844584978e+04     2.408880743005199e+04     2.408895653463091e+04     2.408955295024484e+04
   43000           -1.22638177e+05            2.73188685e+00            9.97327904e-01            1.00279199e+00     2.414366038066905e+04     2.414399473341682e+04     2.414432999285242e+04     2.414466465142718e+04     2.414499941012829e+04     2.414633843958754e+04
   43200           -1.22627231e+05            7.53230855e-01            9.99301765e-01            1.00080831e+00     2.427072342993940e+04     2.427081079318714e+04     2.427089902932185e+04     2.427098666817867e+04     2.427107441502652e+04     2.427142540011365e+04
   43400           -1.22602117e+05            1.93583405e+00            9.98119070e-01            1.00199095e+00     2.408806236634626e+04     2.408829745088120e+04     2.408853335939105e+04     2.408876868806983e+04     2.408900412978513e+04     2.408994589322400e+04
   43600           -1.22487918e+05            2.31944334e+00            9.97737336e-01            1.00237648e+00     2.421180800916528e+04     2.421209106292375e+04     2.421237498094275e+04     2.421265830005329e+04     2.421294173158690e+04     2.421407545400853e+04
   43800           -1.22705641e+05            2.10145213e+00            9.97962098e-01            1.00216526e+00     2.425988825585688e+04     2.426014366398683e+04     2.426039994654206e+04     2.426065562230390e+04     2.426091141213914e+04     2.426193456842140e+04
   44000           -1.22499086e+05            1.08317172e+00            9.98972261e-01            1.00113872e+00     2.416626239449140e+04     2.416639104609659e+04     2.416652049001453e+04     2.416664939996737e+04     2.416677840257814e+04     2.416729441066488e+04
   44200           -1.22542826e+05            1.61010594e+00            9.98457274e-01            1.00167770e+00     2.422806024422799e+04     2.422825349050390e+04     2.422844757373920e+04     2.422864107649034e+04     2.422883468867654e+04     2.422960913312509e+04
   44400           -1.22692877e+05            1.63980732e+00            9.98422505e-01            1.00170232e+00     2.425085405978097e+04     2.425105177269234e+04     2.425125024100017e+04     2.425144816763790e+04     2.425164620537538e+04     2.425243835096980e+04
   44600           -1.22541302e+05            1.38436077e+00            9.98680202e-01            1.00144910e+00     2.425569083568550e+04     2.425585622677381e+04     2.425602249162428e+04     2.425618816252863e+04     2.425635393979954e+04     2.425701704391358e+04
   44800           -1.22675884e+05            2.69967921e+00            9.97366812e-01            1.00276652e+00     2.408024893351658e+04     2.408057948944632e+04     2.408091089813666e+04     2.408124172001754e+04     2.408157265014233e+04     2.408289636676808e+04
   45000           -1.22830868e+05            3.84125008e+00            9.96221046e-01            1.00390399e+00     2.414701823756742e+04     2.414749132465967e+04     2.414796528552007e+04     2.414843863717806e+04     2.414891210530202e+04     2.415080597303662e+04
   45200           -1.22630816e+05            3.19618742e-01            9.99748142e-01            1.00038742e+00     2.409349229148278e+04     2.409352411557084e+04     2.409355689358906e+04     2.409358902278470e+04     2.409362126824153e+04     2.409375024500028e+04
   45400           -1.22417565e+05            3.12702155e+00            9.96931999e-01            1.00318639e+00     2.428391142549359e+04     2.428429554059512e+04     2.428468046907072e+04     2.428506482647624e+04     2.428544929496750e+04     2.428698716444141e+04
   45600           -1.22632604e+05            5.66778595e-01            9.99494653e-01            1.00062828e+00     2.408509916564889e+04     2.408516257966662e+04     2.408522683502566e+04     2.408529049868708e+04     2.408535427736681e+04     2.408560938908473e+04
   45800           -1.22546112e+05            1.89292236e+00            9.98171669e-01            1.00195775e+00     2.404121800840436e+04     2.404144686384805e+04     2.404167655395115e+04     2.404190569244262e+04     2.404213492189113e+04     2.404305183537789e+04
   46000           -1.22459878e+05            4.10956605e-01            9.99651378e-01            1.00047334e+00     2.415844615659555e+04     2.415849055267398e+04     2.415853580323053e+04     2.415858045884498e+04     2.415862522778831e+04     2.415880429898109e+04
   46200           -1.22110100e+05            1.94502795e+00            9.98112550e-01            1.00200283e+00     2.434740636566511e+04     2.434764245298360e+04     2.434787934159972e+04     2.434811568354024e+04     2.434835212386942e+04     2.434929788207373e+04
   46400           -1.22415442e+05            3.38956189e+00            9.96676565e-01            1.00345611e+00     2.410479772050997e+04     2.410521392681529e+04     2.410563103263070e+04     2.410604751105438e+04     2.410646410949558e+04     2.410813049848120e+04
   46600           -1.22350555e+05            1.93871530e+00            9.98122295e-01            1.00199996e+00     2.420119947354285e+04     2.420143439747589e+04     2.420167023934281e+04     2.420190547968386e+04     2.420214081681862e+04     2.420308216009439e+04
   46800           -1.22612376e+05            2.20517618e+00            9.97860937e-01            1.00227157e+00     2.420509572457124e+04     2.420536352708229e+04     2.420563214567662e+04     2.420590017450884e+04     2.420616832587476e+04     2.420724092717828e+04
   47000           -1.22661601e+05            1.42310100e+00            9.98636231e-01            1.00148260e+00     2.404283994030844e+04     2.404301050214819e+04     2.404318193944672e+04     2.404335280957158e+04     2.404352376760933e+04     2.404420759491023e+04
   47200           -1.22751751e+05            2.66250518e+00            9.97401044e-01            1.00272638e+00     2.414900379097569e+04     2.414932935431184e+04     2.414965581407848e+04     2.414998165615516e+04     2.415030761283394e+04     2.415161143469220e+04
   47400           -1.22699853e+05            1.66409930e+00            9.98395583e-01            1.00172398e+00     2.420453037931497e+04     2.420473216188062e+04     2.420493479017548e+04     2.420513682657310e+04     2.420533897680814e+04     2.420614757430131e+04
   47600           -1.22536618e+05            1.83450401e+00            9.98227966e-01            1.00189720e+00     2.414703199754497e+04     2.414725361613038e+04     2.414747613775053e+04     2.414769804079853e+04     2.414792005638069e+04     2.414880811521642e+04
   47800           -1.22590192e+05            2.71248148e+00            9.97349111e-01            1.00277440e+00     2.422049710473386e+04     2.422082868662720e+04     2.422116108716067e+04     2.422149291220294e+04     2.422182484975649e+04     2.422315259477911e+04
   48000           -1.22678155e+05            4.39705851e+00            9.95667356e-01            1.00446199e+00     2.410321489083499e+04     2.410375774675436e+04     2.410430143796039e+04     2.410484454794957e+04     2.410538776862414e+04     2.410756064641328e+04
   48200           -1.22760861e+05            3.04442308e+00            9.97014594e-01            1.00310378e+00     2.418915234590529e+04     2.418952568145610e+04     2.418989999648485e+04     2.419027364568839e+04     2.419064741356493e+04     2.419214248122457e+04
   48400           -1.22622255e+05            1.45993998e+00            9.98605268e-01            1.00152534e+00     2.409432098710268e+04     2.409449557395513e+04     2.409467105963663e+04     2.409484593572583e+04     2.409502091989071e+04     2.409572085267875e+04
   48600           -1.22473661e+05            1.33213404e+00            9.98731490e-01            1.00139593e+00     2.404404273022725e+04     2.404420121643794e+04     2.404436050612379e+04     2.404451924231341e+04     2.404467808119858e+04     2.404531343216991e+04
   48800           -1.22684390e+05            2.10129791e+00            9.97952957e-01            1.00215578e+00     2.417558583857389e+04     2.417584187943252e+04     2.417609874026647e+04     2.417635501952942e+04     2.417661141402733e+04     2.417763698948078e+04
   49000           -1.22462898e+05            1.40448738e+00            9.98663663e-01            1.00147283e+00     2.424340528111021e+04     2.424357237092784e+04     2.424374030996350e+04     2.424390766503836e+04     2.424407512792289e+04     2.424474497473558e+04
   49200           -1.22489594e+05            1.60749296e+00            9.98450013e-01            1.00166518e+00     2.412939371875454e+04     2.412958701647074e+04     2.412978116916090e+04     2.412997473726077e+04     2.413016841186348e+04     2.413094310497241e+04
   49400           -1.22637713e+05            1.79745073e+00            9.98267448e-01            1.00186258e+00     2.424827306858941e+04     2.424848998381677e+04     2.424870774537373e+04     2.424892491827737e+04     2.424914220294835e+04     2.425001133730730e+04
   49600           -1.22917273e+05            1.89133094e+00            9.98170744e-01            1.00195364e+00     2.418036885922948e+04     2.418059825649958e+04     2.418082848155600e+04     2.418105812793245e+04     2.418128788536581e+04     2.418220691150213e+04
   49800           -1.22545661e+05            1.90444695e+00            9.98158673e-01            1.00196780e+00     2.410085041169349e+04     2.410108088221166e+04     2.410131215524317e+04     2.410154286151219e+04     2.410177367929642e+04     2.410269694689935e+04
   50000           -1.22426621e+05            3.07963468e+00            9.96983107e-01            1.00314274e+00     2.415451568024099e+04     2.415489355343236e+04     2.415527233401351e+04     2.415565047141516e+04     2.415602873677079e+04     2.415754179330059e+04
