#This file was generated on Mon Feb 10 22:03:02 2025
#Using the somd command, of the molecular library Sire version <2024.4.0.dev> 
#For more information visit: https://github.com/openbiosim/sire
#
#General information on simulation parameters:
#Simulation used 50000 moves, 1 cycles and 200 ps of simulation time
#Generating lambda is		 0.37500
#Alchemical array is		 (0.0, 0.125, 0.25, 0.375, 0.5, 1.0)
#Generating temperature is 	25°C
#Energy was saved every 200 steps 
#
#
#   [step]               [potential]                [gradient]      [forward Metropolis]     [backward Metropolis]                   [u_kl]
     200           -1.37274508e+05            2.09728960e+00            9.97967112e-01            1.00216196e+00     2.421801160828687e+04     2.421826613560733e+04     2.421852146378336e+04     2.421877623360761e+04     2.421903110999894e+04     2.422005061171101e+04
     400           -1.33504780e+05            4.59900614e+00            9.95471565e-01            1.00467016e+00     2.419426596744675e+04     2.419483408069994e+04     2.419540305240097e+04     2.419597143324085e+04     2.419653992306806e+04     2.419881387868938e+04
     600           -1.31020861e+05            3.45115160e+00            9.96616597e-01            1.00351934e+00     2.409079727152573e+04     2.409122165271832e+04     2.409164679671214e+04     2.409207140425036e+04     2.409249611616618e+04     2.409419496080663e+04
     800           -1.29456891e+05            3.31644203e+00            9.96755104e-01            1.00338844e+00     2.415304522141075e+04     2.415345210349344e+04     2.415385989383512e+04     2.415426703368477e+04     2.415467430600846e+04     2.415630339060618e+04
    1000           -1.28583674e+05            1.06273153e+00            9.99011326e-01            1.00113695e+00     2.412903166906044e+04     2.412915614030111e+04     2.412928145572073e+04     2.412940622794031e+04     2.412953108213464e+04     2.413003049520883e+04
    1200           -1.27928075e+05            1.68126421e+00            9.98377765e-01            1.00174049e+00     2.418895280168098e+04     2.418915574819386e+04     2.418935955182835e+04     2.418956275772573e+04     2.418976607701905e+04     2.419057935235711e+04
    1400           -1.27444159e+05            1.25984498e+00            9.98802582e-01            1.00132243e+00     2.422144571098873e+04     2.422159609745472e+04     2.422174731340662e+04     2.422189795706425e+04     2.422204870727243e+04     2.422265170355613e+04
    1600           -1.27166238e+05            1.40059224e+00            9.98661791e-01            1.00146315e+00     2.418170685657248e+04     2.418187478636693e+04     2.418204362683088e+04     2.418221183150199e+04     2.418238015731710e+04     2.418305345806172e+04
    1800           -1.27067790e+05            4.74033867e+00            9.95330898e-01            1.00481218e+00     2.413842227137812e+04     2.413900760608806e+04     2.413959386891753e+04     2.414017949126029e+04     2.414076523257512e+04     2.414310819377213e+04
    2000           -1.26848290e+05            3.10017350e+00            9.96966067e-01            1.00316681e+00     2.411504464257766e+04     2.411542455471809e+04     2.411580533138789e+04     2.411618550636002e+04     2.411656579543261e+04     2.411808694828756e+04
    2200           -1.26482135e+05            9.26553693e-01            9.99133572e-01            1.00098679e+00     2.419675718280891e+04     2.419686598696745e+04     2.419697558890196e+04     2.419708460612034e+04     2.419719374836469e+04     2.419763031392048e+04
    2400           -1.26630003e+05            3.96446244e+00            9.96101557e-01            1.00403097e+00     2.412983933398010e+04     2.413032817789523e+04     2.413081788235209e+04     2.413130698172711e+04     2.413179619931549e+04     2.413375306465088e+04
    2600           -1.26672397e+05            4.60447012e+00            9.95470190e-01            1.00467976e+00     2.423674312398229e+04     2.423731120325216e+04     2.423788010603696e+04     2.423844840638041e+04     2.423901683558289e+04     2.424129054718349e+04
    2800           -1.26607096e+05            3.59025086e+00            9.96480272e-01            1.00366125e+00     2.412254687231138e+04     2.412298763326346e+04     2.412342928846553e+04     2.412387034301248e+04     2.412431150142029e+04     2.412607613052920e+04
    3000           -1.26820026e+05            9.08610581e+00            9.91022262e-01            1.00919596e+00     2.413557451273243e+04     2.413670227781070e+04     2.413783094647929e+04     2.413895899156757e+04     2.414008715230637e+04     2.414459979188032e+04
    3200           -1.26799834e+05            1.22586001e+00            9.98836123e-01            1.00128799e+00     2.416041162656120e+04     2.416055727699909e+04     2.416070374342766e+04     2.416084962916190e+04     2.416099563171720e+04     2.416157963687322e+04
    3400           -1.26947709e+05            2.16124485e+00            9.97899759e-01            1.00222251e+00     2.414571114347928e+04     2.414597467120446e+04     2.414623901194826e+04     2.414650278920863e+04     2.414676667252229e+04     2.414782220156529e+04
    3600           -1.26908378e+05            1.25199242e+00            9.98806456e-01            1.00131059e+00     2.407890238966146e+04     2.407905202702593e+04     2.407920244111403e+04     2.407935232828013e+04     2.407950230899775e+04     2.408010222833404e+04
    3800           -1.26780875e+05            1.61142029e+00            9.98454249e-01            1.00167730e+00     2.405257839087541e+04     2.405277230750347e+04     2.405296700093878e+04     2.405316115713441e+04     2.405335541320326e+04     2.405413243553111e+04
    4000           -1.26742260e+05            1.06997996e+00            9.98992720e-01            1.00113281e+00     2.416180442600070e+04     2.416193107591254e+04     2.416205868608698e+04     2.416218563263892e+04     2.416231270270917e+04     2.416282097941763e+04
    4200           -1.26708370e+05            2.09727677e+00            9.97962864e-01            1.00215766e+00     2.418491752462678e+04     2.418517217959990e+04     2.418542770007316e+04     2.418568263256588e+04     2.418593767012172e+04     2.418695781561665e+04
    4400           -1.26651476e+05            2.33680894e+00            9.97732092e-01            1.00240602e+00     2.419531951642766e+04     2.419560425887315e+04     2.419588985904960e+04     2.419617486709209e+04     2.419645998515014e+04     2.419760045387263e+04
    4600           -1.26662700e+05            2.20865731e+00            9.97858961e-01            1.00227657e+00     2.411841011867849e+04     2.411867795648284e+04     2.411894671138471e+04     2.411921481846458e+04     2.411948305354168e+04     2.412055598840486e+04
    4800           -1.26464816e+05            7.31206226e+00            9.92776306e-01            1.00740147e+00     2.411028784390329e+04     2.411119432957071e+04     2.411210168895251e+04     2.411300845318610e+04     2.411391532415926e+04     2.411754280441524e+04
    5000           -1.26783660e+05            1.12147620e+00            9.98942878e-01            1.00118597e+00     2.425252371954929e+04     2.425265638851561e+04     2.425279002695045e+04     2.425292302191831e+04     2.425305612471226e+04     2.425358852987523e+04
    5200           -1.26642228e+05            7.27534589e-01            9.99328338e-01            1.00078349e+00     2.408238557095232e+04     2.408246919211049e+04     2.408255363086334e+04     2.408263749443045e+04     2.408272147066856e+04     2.408305737038479e+04
    5400           -1.26930120e+05            3.08504079e+00            9.96984495e-01            1.00315499e+00     2.415604129748061e+04     2.415641949832981e+04     2.415679856984665e+04     2.415717704621192e+04     2.415755563055412e+04     2.415906996362763e+04
    5600           -1.26580065e+05            5.91395434e+00            9.94166244e-01            1.00599497e+00     2.433158852124076e+04     2.433232046755850e+04     2.433305329633952e+04     2.433378552543173e+04     2.433451786161971e+04     2.433744720199866e+04
    5800           -1.26629239e+05            2.28136613e+00            9.97782370e-01            1.00234539e+00     2.418526594977815e+04     2.418554360330683e+04     2.418582206715986e+04     2.418609994893242e+04     2.418637794990704e+04     2.418748995003592e+04
    6000           -1.26576979e+05            1.55846460e+00            9.98509078e-01            1.00162622e+00     2.404469959777383e+04     2.404488591593241e+04     2.404507316514674e+04     2.404525978074389e+04     2.404544651011984e+04     2.404619342246585e+04
    6200           -1.26650518e+05            3.10704340e+00            9.96956240e-01            1.00317070e+00     2.412969122610556e+04     2.413007282725351e+04     2.413045530432920e+04     2.413083718027632e+04     2.413121916683197e+04     2.413274710755838e+04
    6400           -1.26839224e+05            6.07496517e+00            9.94005186e-01            1.00615595e+00     2.410120888613646e+04     2.410196116980615e+04     2.410271426092370e+04     2.410346679195618e+04     2.410421942792353e+04     2.410722996971060e+04
    6600           -1.26799118e+05            9.98631504e-01            9.99074327e-01            1.00107173e+00     2.401757950195452e+04     2.401769629528177e+04     2.401781390985084e+04     2.401793096893172e+04     2.401804812570718e+04     2.401851674945984e+04
    6800           -1.26521160e+05            5.18151681e-01            9.99546296e-01            1.00058267e+00     2.406770499478635e+04     2.406776211370519e+04     2.406782014418067e+04     2.406787755169488e+04     2.406793507168896e+04     2.406816514859157e+04
    7000           -1.26611785e+05            2.96482436e+00            9.97109470e-01            1.00303954e+00     2.416567810207125e+04     2.416604039860304e+04     2.416640352662503e+04     2.416676607899642e+04     2.416712873954414e+04     2.416857937701702e+04
    7200           -1.26619773e+05            8.37892428e-01            9.99229427e-01            1.00090532e+00     2.410064490763947e+04     2.410074205595266e+04     2.410083999274031e+04     2.410093736507170e+04     2.410103485240655e+04     2.410142479717363e+04
    7400           -1.26821959e+05            3.84160261e+00            9.96227425e-01            1.00391113e+00     2.423685247345793e+04     2.423732558062578e+04     2.423779953627088e+04     2.423827292409840e+04     2.423874640901527e+04     2.424064034457261e+04
    7600           -1.26711587e+05            3.29977827e+00            9.96767735e-01            1.00336771e+00     2.419574178361983e+04     2.419614725169789e+04     2.419655355449509e+04     2.419695930330106e+04     2.419736514515888e+04     2.419898850669794e+04
    7800           -1.26693991e+05            1.12252684e+00            9.98939480e-01            1.00118467e+00     2.417589043447204e+04     2.417602366776581e+04     2.417615769814256e+04     2.417629116837628e+04     2.417642474792025e+04     2.417695906136846e+04
    8000           -1.26953916e+05            3.57547462e+00            9.96501113e-01            1.00365258e+00     2.417519939417017e+04     2.417563868318424e+04     2.417607886557907e+04     2.417651842846338e+04     2.417695810810041e+04     2.417871682203064e+04
    8200           -1.26953337e+05            2.77710090e+00            9.97300471e-01            1.00285509e+00     2.419970737041505e+04     2.420004687181610e+04     2.420038731601775e+04     2.420072710314740e+04     2.420106701536052e+04     2.420242666030598e+04
    8400           -1.26682006e+05            2.34609706e+00            9.97717247e-01            1.00240973e+00     2.417720447015508e+04     2.417749077808287e+04     2.417777794583551e+04     2.417806453346265e+04     2.417835122213990e+04     2.417949797412472e+04
    8600           -1.26841505e+05            3.71781669e+00            9.96351842e-01            1.00378796e+00     2.425778805714165e+04     2.425824607249097e+04     2.425870496915358e+04     2.425916326015451e+04     2.425962166254127e+04     2.426145526794090e+04
    8800           -1.26553800e+05            3.14497326e+00            9.96922508e-01            1.00321286e+00     2.430405720649101e+04     2.430444285093122e+04     2.430482930080904e+04     2.430521516674848e+04     2.430560115485308e+04     2.430714510321514e+04
    9000           -1.26747991e+05            1.37257478e+00            9.98697837e-01            1.00144318e+00     2.407143843176323e+04     2.407160188963477e+04     2.407176617351238e+04     2.407192987849702e+04     2.407209369509601e+04     2.407274895842879e+04
    9200           -1.26621518e+05            1.98839908e+00            9.98076398e-01            1.00205345e+00     2.410443359278130e+04     2.410467485664242e+04     2.410491698480291e+04     2.410515850879819e+04     2.410540014897643e+04     2.410636670517156e+04
    9400           -1.26732560e+05            2.06693554e+00            9.98000093e-01            1.00213424e+00     2.423599012693423e+04     2.423624109036732e+04     2.423649290836216e+04     2.423674412071921e+04     2.423699545324388e+04     2.423800077955352e+04
    9600           -1.26654856e+05            3.53916812e+00            9.96535233e-01            1.00361407e+00     2.428703360572427e+04     2.428746798006113e+04     2.428790319972395e+04     2.428833785040651e+04     2.428877260060833e+04     2.429051159549239e+04
    9800           -1.27082374e+05            5.88398288e-01            9.99469087e-01            1.00064595e+00     2.420011125576438e+04     2.420017861910088e+04     2.420024688837547e+04     2.420031454573842e+04     2.420038231030773e+04     2.420065336485109e+04
   10000           -1.27111628e+05            4.29778101e+00            9.95770977e-01            1.00436708e+00     2.420759925736204e+04     2.420812919873796e+04     2.420865998605219e+04     2.420919018073587e+04     2.420972048976177e+04     2.421184172216150e+04
   10200           -1.26937183e+05            2.69761046e+00            9.97369207e-01            1.00276478e+00     2.412786424434617e+04     2.412819381062966e+04     2.412852418657737e+04     2.412885397362230e+04     2.412918388448421e+04     2.413050352462226e+04
   10400           -1.26628749e+05            1.14507187e+00            9.98913207e-01            1.00120348e+00     2.413935686493258e+04     2.413949283237354e+04     2.413962960864832e+04     2.413976581389172e+04     2.413990213182814e+04     2.414044739872371e+04
   10600           -1.26729189e+05            1.72488554e+00            9.98342177e-01            1.00179218e+00     2.417682171496703e+04     2.417702958950194e+04     2.417723834043356e+04     2.417744648921884e+04     2.417765474886491e+04     2.417848778276279e+04
   10800           -1.26641539e+05            1.15897284e+00            9.98899982e-01            1.00121806e+00     2.422080696089364e+04     2.422094544429913e+04     2.422108470599641e+04     2.422122341383083e+04     2.422136223246298e+04     2.422191750403232e+04
   11000           -1.26854615e+05            1.42123297e+00            9.98642366e-01            1.00148501e+00     2.417897132616631e+04     2.417914141451914e+04     2.417931230204587e+04     2.417948263786874e+04     2.417965307663771e+04     2.418033482710911e+04
   11200           -1.26810165e+05            1.34236642e+00            9.98717525e-01            1.00140242e+00     2.406690339662669e+04     2.406706411558511e+04     2.406722576441045e+04     2.406738678413215e+04     2.406754791509930e+04     2.406819243357191e+04
   11400           -1.26792572e+05            6.14085769e-01            9.99446720e-01            1.00067497e+00     2.399589786256038e+04     2.399596745290289e+04     2.399603786922757e+04     2.399610769917797e+04     2.399617764574071e+04     2.399645742892104e+04
   11600           -1.26932985e+05            5.54816504e+00            9.94533042e-01            1.00563016e+00     2.412375520666127e+04     2.412444114105769e+04     2.412512796212011e+04     2.412581416663052e+04     2.412650048850021e+04     2.412924577033914e+04
   11800           -1.26907136e+05            1.31162344e+00            9.98748091e-01            1.00137149e+00     2.408931054285096e+04     2.408946753879219e+04     2.408962535531809e+04     2.408978259839146e+04     2.408993995150278e+04     2.409056936015460e+04
   12000           -1.26774480e+05            2.26589472e-01            9.99837870e-01            1.00029108e+00     2.405728620548394e+04     2.405730701658347e+04     2.405732870473386e+04     2.405734975865506e+04     2.405737094473638e+04     2.405745568398883e+04
   12200           -1.27064562e+05            4.55521164e+00            9.95519638e-01            1.00463068e+00     2.413687283497076e+04     2.413743468413653e+04     2.413799740909562e+04     2.413855954933070e+04     2.413912178854001e+04     2.414137074210925e+04
   12400           -1.26682299e+05            5.81332131e+00            9.94267305e-01            1.00589476e+00     2.408527650798745e+04     2.408599542568089e+04     2.408671522874993e+04     2.408743443211523e+04     2.408815374093643e+04     2.409103097388542e+04
   12600           -1.26631014e+05            1.38507937e+00            9.98681390e-01            1.00145173e+00     2.401308236508612e+04     2.401324837391870e+04     2.401341525277971e+04     2.401358156156312e+04     2.401374796203014e+04     2.401441355897417e+04
   12800           -1.26759120e+05            1.91649817e+00            9.98152230e-01            1.00198549e+00     2.417521930956833e+04     2.417545094675148e+04     2.417568347086947e+04     2.417591538198867e+04     2.417614740787108e+04     2.417707550617384e+04
   13000           -1.27018828e+05            1.64067153e+00            9.98425368e-01            1.00170693e+00     2.414292646376659e+04     2.414312409940581e+04     2.414332257746166e+04     2.414352047127744e+04     2.414371847506546e+04     2.414451048636432e+04
   13200           -1.26820081e+05            1.66275320e+00            9.98406649e-01            1.00173238e+00     2.410499166858925e+04     2.410519132660259e+04     2.410539187490217e+04     2.410559183418790e+04     2.410579189057304e+04     2.410659211255683e+04
   13400           -1.26942299e+05            4.07013422e+00            9.95997305e-01            1.00413808e+00     2.413307820076945e+04     2.413358027522461e+04     2.413408321325629e+04     2.413458556830654e+04     2.413508802519619e+04     2.413709784962293e+04
   13600           -1.26716378e+05            1.44419663e+00            9.98622010e-01            1.00151059e+00     2.414706471048087e+04     2.414723738138056e+04     2.414741088738770e+04     2.414758383538731e+04     2.414775687841971e+04     2.414844904635855e+04
   13800           -1.26713761e+05            1.77766944e+00            9.98293336e-01            1.00184892e+00     2.407926897329964e+04     2.407948306814075e+04     2.407969802691084e+04     2.407991239179392e+04     2.408012686588841e+04     2.408098475847718e+04
   14000           -1.26783000e+05            1.01669052e+00            9.99041967e-01            1.00107547e+00     2.416582891138843e+04     2.416594916880340e+04     2.416607024705993e+04     2.416619075015760e+04     2.416631136426251e+04     2.416679381713660e+04
   14200           -1.26817889e+05            6.15031976e+00            9.93924876e-01            1.00622629e+00     2.411569101765995e+04     2.411645332194519e+04     2.411721645724869e+04     2.411797901495668e+04     2.411874168245472e+04     2.412179234724949e+04
   14400           -1.26680291e+05            9.31070508e+00            9.90794626e-01            1.00941747e+00     2.415935409820724e+04     2.416051054740917e+04     2.416166786127785e+04     2.416282455970729e+04     2.416398138162513e+04     2.416860866504301e+04
   14600           -1.26793255e+05            9.39404690e+00            9.90706841e-01            1.00949629e+00     2.419395373129704e+04     2.419512105937301e+04     2.419628928058779e+04     2.419745689592983e+04     2.419862461884127e+04     2.420329550638549e+04
   14800           -1.27073067e+05            7.95903589e-01            9.99264938e-01            1.00085684e+00     2.410109303438608e+04     2.410118490519301e+04     2.410127763175352e+04     2.410136977823709e+04     2.410146202749869e+04     2.410183102061130e+04
   15000           -1.26852290e+05            2.54044601e+00            9.97521306e-01            1.00260250e+00     2.425568675560990e+04     2.425599830527747e+04     2.425631067909320e+04     2.425662248812148e+04     2.425693440029709e+04     2.425818204498428e+04
   15200           -1.26965864e+05            6.90543707e-01            9.99372546e-01            1.00075372e+00     2.427296911014089e+04     2.427304772881725e+04     2.427312718096121e+04     2.427320604759224e+04     2.427328502837809e+04     2.427360094661529e+04
   15400           -1.26519718e+05            3.29918391e+00            9.96767721e-01            1.00336651e+00     2.422840437310508e+04     2.422880960062622e+04     2.422921572679421e+04     2.422962124588316e+04     2.423002687078423e+04     2.423164936846338e+04
   15600           -1.26631919e+05            3.47200219e+00            9.96602479e-01            1.00354697e+00     2.412072573132978e+04     2.412115218148094e+04     2.412157947904897e+04     2.412200618959753e+04     2.412243301056937e+04     2.412414028980895e+04
   15800           -1.26685205e+05            4.60239751e+00            9.95470439e-01            1.00467584e+00     2.420314474550920e+04     2.420371261544607e+04     2.420428140849029e+04     2.420484957091049e+04     2.420541784804405e+04     2.420769095057890e+04
   16000           -1.26743452e+05            4.73891213e+00            9.95338105e-01            1.00481659e+00     2.409288846100009e+04     2.409347311341433e+04     2.409405870334818e+04     2.409464365749237e+04     2.409522872432399e+04     2.409756898764790e+04
   16200           -1.26658362e+05            2.78606886e+00            9.97290217e-01            1.00286277e+00     2.417189783778023e+04     2.417223800555805e+04     2.417257899008524e+04     2.417291941850091e+04     2.417325994621628e+04     2.417462205465233e+04
   16400           -1.26732090e+05            2.22576823e+00            9.97839653e-01            1.00229147e+00     2.406885479426092e+04     2.406912574028807e+04     2.406939753763609e+04     2.406966875605419e+04     2.406994007800304e+04     2.407102536174516e+04
   16600           -1.26618147e+05            4.20818251e+00            9.95868974e-01            1.00428594e+00     2.408364798612016e+04     2.408416658899165e+04     2.408468614182659e+04     2.408520506400726e+04     2.408572409127494e+04     2.408780019642974e+04
   16800           -1.26489014e+05            3.88724192e+00            9.96188744e-01            1.00396378e+00     2.414196759659377e+04     2.414244559022921e+04     2.414292435735933e+04     2.414340257125365e+04     2.414388089697962e+04     2.414579419736546e+04
   17000           -1.26447633e+05            5.29153984e+00            9.94782791e-01            1.00536656e+00     2.415573256534830e+04     2.415638680291551e+04     2.415704190036134e+04     2.415769641983717e+04     2.415835103949910e+04     2.416096951364990e+04
   17200           -1.26479394e+05            2.90652704e+00            9.97156824e-01            1.00297023e+00     2.403605935985322e+04     2.403641603104398e+04     2.403677352055527e+04     2.403713044179524e+04     2.403748746971822e+04     2.403891557958322e+04
   17400           -1.26333430e+05            3.31997680e+00            9.96752083e-01            1.00339249e+00     2.405669851995802e+04     2.405710587656406e+04     2.405751406274862e+04     2.405792168521975e+04     2.405832940879175e+04     2.405996029762548e+04
   17600           -1.26766631e+05            3.71718858e+00            9.96347236e-01            1.00378206e+00     2.400772053112926e+04     2.400817837771601e+04     2.400863706950327e+04     2.400909517337573e+04     2.400955338872733e+04     2.401138624632539e+04
   17800           -1.26914822e+05            2.32552548e+00            9.97738411e-01            1.00238975e+00     2.403419575129931e+04     2.403447882424409e+04     2.403476269386264e+04     2.403504600251505e+04     2.403532942083652e+04     2.403646309037373e+04
   18000           -1.26807800e+05            7.41304761e+00            9.92684030e-01            1.00751130e+00     2.409965552922102e+04     2.410057389605928e+04     2.410149313990059e+04     2.410241178422037e+04     2.410333053720109e+04     2.410700554518116e+04
   18200           -1.26844317e+05            2.75021915e+00            9.97314565e-01            1.00281535e+00     2.406959365930490e+04     2.406993031802426e+04     2.407026786817686e+04     2.407060478477818e+04     2.407094182831565e+04     2.407228999732641e+04
   18400           -1.26666762e+05            3.18030422e+00            9.96890206e-01            1.00325124e+00     2.416647384970506e+04     2.416686365755942e+04     2.416725429163193e+04     2.416764437038447e+04     2.416803454555725e+04     2.416959524140944e+04
   18600           -1.26609105e+05            1.88399489e+00            9.98175875e-01            1.00194409e+00     2.426890205463507e+04     2.426913083238682e+04     2.426936049795754e+04     2.426958955237163e+04     2.426981872007501e+04     2.427073538551494e+04
   18800           -1.26699364e+05            2.30145751e+00            9.97765218e-01            1.00236843e+00     2.416878905469919e+04     2.416906881296675e+04     2.416934947124023e+04     2.416962952306159e+04     2.416990968056736e+04     2.417103030643553e+04
   19000           -1.26758231e+05            1.00012762e+00            9.99056912e-01            1.00105728e+00     2.410544941728310e+04     2.410556783863062e+04     2.410568712911046e+04     2.410580581858606e+04     2.410592462077229e+04     2.410639982426147e+04
   19200           -1.27045568e+05            2.64538200e+00            9.97425276e-01            1.00271640e+00     2.413809078825883e+04     2.413841391592738e+04     2.413873790181377e+04     2.413906130888149e+04     2.413938481709189e+04     2.414067884592496e+04
   19400           -1.26725272e+05            1.48556035e+00            9.98580394e-01            1.00155171e+00     2.413510334608489e+04     2.413528108473083e+04     2.413545970662863e+04     2.413563772539492e+04     2.413581585284941e+04     2.413652835961394e+04
   19600           -1.26771656e+05            2.98438634e+00            9.97077338e-01            1.00304646e+00     2.410216993100167e+04     2.410253654399085e+04     2.410290398205417e+04     2.410327083677202e+04     2.410363780672819e+04     2.410510568245470e+04
   19800           -1.26487428e+05            1.30722700e+00            9.98753889e-01            1.00136850e+00     2.393794061944660e+04     2.393809705879731e+04     2.393825438698854e+04     2.393841111272244e+04     2.393856794508230e+04     2.393919527071799e+04
   20000           -1.26778945e+05            2.35324755e+00            9.97714647e-01            1.00242145e+00     2.404991822956769e+04     2.405020413018878e+04     2.405049091489808e+04     2.405077708226355e+04     2.405106336803132e+04     2.405220850649494e+04
   20200           -1.26520994e+05            9.54820947e-01            9.99106049e-01            1.00101581e+00     2.409033231110415e+04     2.409044434235857e+04     2.409055730865936e+04     2.409066964238208e+04     2.409078208781734e+04     2.409123186453055e+04
   20400           -1.26498848e+05            1.62768949e+00            9.98432451e-01            1.00168802e+00     2.411557140649561e+04     2.411576780300829e+04     2.411596511117021e+04     2.411616180258588e+04     2.411635860277638e+04     2.411714579905716e+04
   20600           -1.26810782e+05            2.65047159e+00            9.97415254e-01            1.00271653e+00     2.403229588553062e+04     2.403261935788493e+04     2.403294372802285e+04     2.403326746619166e+04     2.403359132800681e+04     2.403488677048300e+04
   20800           -1.26945632e+05            7.84575746e+00            9.92244853e-01            1.00793748e+00     2.406260561417924e+04     2.406357905036125e+04     2.406455329007218e+04     2.406552697306551e+04     2.406650076111691e+04     2.407039590805457e+04
   21000           -1.26789105e+05            2.77641893e+00            9.97286978e-01            1.00284015e+00     2.412954803104367e+04     2.412988771875693e+04     2.413022827230487e+04     2.413056824423962e+04     2.413090831648406e+04     2.413226860192445e+04
   21200           -1.26855606e+05            1.92285674e+00            9.98143792e-01            1.00198976e+00     2.398133358011738e+04     2.398156593847107e+04     2.398179918088012e+04     2.398203181677496e+04     2.398226456358016e+04     2.398319554704293e+04
   21400           -1.26797558e+05            1.31751848e+00            9.98744968e-01            1.00138017e+00     2.402049278056794e+04     2.402065044082054e+04     2.402080891664563e+04     2.402096682160567e+04     2.402112483652452e+04     2.402175689248108e+04
   21600           -1.26649832e+05            2.21971033e+00            9.97851289e-01            1.00229102e+00     2.411563656561721e+04     2.411590593937782e+04     2.411617613236102e+04     2.411644575102546e+04     2.411671548114967e+04     2.411779439668213e+04
   21800           -1.26572827e+05            2.02303493e+00            9.98041599e-01            1.00208793e+00     2.410421531569037e+04     2.410446075791700e+04     2.410470711492922e+04     2.410495285136791e+04     2.410519869783784e+04     2.410618207998531e+04
   22000           -1.26537952e+05            2.63408868e+00            9.97429634e-01            1.00269814e+00     2.415881199380073e+04     2.415913395918167e+04     2.415945674852260e+04     2.415977895839741e+04     2.416010128171686e+04     2.416139056963299e+04
   22200           -1.26672118e+05            3.67296009e+00            9.96401130e-01            1.00374756e+00     2.418917121523942e+04     2.418962209455176e+04     2.419007382001746e+04     2.419052495636813e+04     2.419097620519153e+04     2.419278119514365e+04
   22400           -1.26737120e+05            1.31435082e+00            9.98750665e-01            1.00137954e+00     2.402859533205750e+04     2.402875200817787e+04     2.402890949840113e+04     2.402906642392523e+04     2.402922345609709e+04     2.402985158013667e+04
   22600           -1.26553413e+05            1.54789147e+00            9.98513596e-01            1.00160957e+00     2.415599992073022e+04     2.415618612293360e+04     2.415637316931295e+04     2.415655961295954e+04     2.415674617815934e+04     2.415749243558846e+04
   22800           -1.26995082e+05            2.25062710e+00            9.97818305e-01            1.00231986e+00     2.404654085735420e+04     2.404681405791193e+04     2.404708806851919e+04     2.404736150757403e+04     2.404763505898098e+04     2.404872926060777e+04
   23000           -1.26744988e+05            5.18403221e+00            9.94890460e-01            1.00525921e+00     2.408508741661183e+04     2.408572828762800e+04     2.408637006248539e+04     2.408701122796116e+04     2.408765250009361e+04     2.409021758357538e+04
   23200           -1.26701587e+05            2.41917490e+00            9.97645009e-01            1.00248366e+00     2.397046313407782e+04     2.397075837270354e+04     2.397105440910822e+04     2.397134990237240e+04     2.397164549313812e+04     2.397282785219842e+04
   23400           -1.26906735e+05            6.79533417e+00            9.93297351e-01            1.00688908e+00     2.414263141023428e+04     2.414347252892246e+04     2.414431451711934e+04     2.414515589505193e+04     2.414599739168776e+04     2.414936337314123e+04
   23600           -1.27156489e+05            3.51106480e+00            9.96558275e-01            1.00358086e+00     2.402180240995776e+04     2.402223368325015e+04     2.402266581319521e+04     2.402309734714486e+04     2.402352899461830e+04     2.402525557927883e+04
   23800           -1.26576328e+05            4.38742356e+00            9.95684710e-01            1.00446014e+00     2.415720267300080e+04     2.415774447922026e+04     2.415828713026088e+04     2.415882920727099e+04     2.415937138594651e+04     2.416154009889222e+04
   24000           -1.26571318e+05            3.40599969e-01            9.99725380e-01            1.00040662e+00     2.410852129718248e+04     2.410855656154919e+04     2.410859260804300e+04     2.410862811972689e+04     2.410866372876329e+04     2.410880616034409e+04
   24200           -1.26628228e+05            3.77991088e+00            9.96287387e-01            1.00384768e+00     2.402121273741978e+04     2.402167826955179e+04     2.402214477547152e+04     2.402261062176592e+04     2.402307658520920e+04     2.402494043299862e+04
   24400           -1.26774010e+05            8.93565771e-01            9.99178284e-01            1.00096554e+00     2.399822674140541e+04     2.399832986979645e+04     2.399843387543847e+04     2.399853728004537e+04     2.399864079445557e+04     2.399905484750573e+04
   24600           -1.26822955e+05            4.25153279e+00            9.95823717e-01            1.00432737e+00     2.405806295092441e+04     2.405858627033124e+04     2.405911053522698e+04     2.405963416563987e+04     2.406015790530216e+04     2.406225285967991e+04
   24800           -1.27004330e+05            5.65423875e-01            9.99493746e-01            1.00062466e+00     2.412123847835304e+04     2.412130260303465e+04     2.412136757073925e+04     2.412143196269168e+04     2.412149645897024e+04     2.412175443958743e+04
   25000           -1.26989354e+05            3.06778052e+00            9.97000349e-01            1.00313631e+00     2.410483473302528e+04     2.410521089759563e+04     2.410558802143988e+04     2.410596451163466e+04     2.410634110591431e+04     2.410784747880335e+04
   25200           -1.26876503e+05            1.75564860e+00            9.98313565e-01            1.00182510e+00     2.412445839340350e+04     2.412466997129841e+04     2.412488237195849e+04     2.412509419220326e+04     2.412530612651265e+04     2.412615385962179e+04
   25400           -1.27026734e+05            6.37926983e+00            9.93708267e-01            1.00646776e+00     2.401642231799194e+04     2.401721192193223e+04     2.401800250123737e+04     2.401879243688437e+04     2.401958247866681e+04     2.402274263934168e+04
   25600           -1.26747099e+05            2.49983169e+00            9.97564472e-01            1.00256445e+00     2.426192050481850e+04     2.426222584633632e+04     2.426253204082980e+04     2.426283764620525e+04     2.426314336126359e+04     2.426436621770868e+04
   25800           -1.26733026e+05            3.83139032e+00            9.96240542e-01            1.00390384e+00     2.415587583904287e+04     2.415634690461359e+04     2.415681880439567e+04     2.415729012272453e+04     2.415776155187695e+04     2.415964726471102e+04
   26000           -1.27029682e+05            2.23975993e+00            9.97830716e-01            1.00231055e+00     2.402641982137516e+04     2.402669187702788e+04     2.402696481189701e+04     2.402723713413673e+04     2.402750957287417e+04     2.402859932437318e+04
   26200           -1.26703074e+05            1.59128249e+00            9.98472342e-01            1.00165511e+00     2.423991950025412e+04     2.424011146675631e+04     2.424030421761389e+04     2.424049639385401e+04     2.424068869299111e+04     2.424145788572811e+04
   26400           -1.26801527e+05            3.37838221e+00            9.96691860e-01            1.00344908e+00     2.410569206736606e+04     2.410610637933486e+04     2.410652151664363e+04     2.410693607421914e+04     2.410735074421437e+04     2.410900942106269e+04
   26600           -1.26805765e+05            1.88137234e-01            9.99868870e-01            1.00024517e+00     2.408451574758674e+04     2.408453280057559e+04     2.408455071379551e+04     2.408456802942139e+04     2.408458545835720e+04     2.408465516912765e+04
   26800           -1.26686440e+05            1.29291711e+00            9.98774158e-01            1.00136016e+00     2.411896809569967e+04     2.411912204902083e+04     2.411927683815139e+04     2.411943104378862e+04     2.411958536113056e+04     2.412020262656144e+04
   27000           -1.26638816e+05            2.10430959e+00            9.97960732e-01            1.00216962e+00     2.407492161031031e+04     2.407517693138412e+04     2.407543308122996e+04     2.407568868100324e+04     2.407594437333606e+04     2.407696713636180e+04
   27200           -1.26550127e+05            2.24877715e+00            9.97819931e-01            1.00231779e+00     2.418968700287807e+04     2.418996071077608e+04     2.419023523665409e+04     2.419050918465584e+04     2.419078324599915e+04     2.419187948912023e+04
   27400           -1.26785941e+05            1.28951211e+00            9.98773844e-01            1.00135303e+00     2.398144230681840e+04     2.398159639717341e+04     2.398175143250059e+04     2.398190582672536e+04     2.398206033421777e+04     2.398267836161715e+04
   27600           -1.26974484e+05            6.34794306e-01            9.99432498e-01            1.00070217e+00     2.396940760403325e+04     2.396947852286196e+04     2.396955031895958e+04     2.396962150425432e+04     2.396969280572716e+04     2.396997800742107e+04
   27800           -1.26857728e+05            1.51512393e+00            9.98550612e-01            1.00158106e+00     2.403768990288216e+04     2.403787195738168e+04     2.403805486307363e+04     2.403823717698034e+04     2.403841960349384e+04     2.403914930410551e+04
   28000           -1.26944375e+05            1.51105647e+00            9.98549117e-01            1.00157141e+00     2.405070787019766e+04     2.405089005141305e+04     2.405107298764854e+04     2.405125539283339e+04     2.405143790178054e+04     2.405216793336341e+04
   28200           -1.26854449e+05            3.53644147e+00            9.96529936e-01            1.00360326e+00     2.416052153656897e+04     2.416095589553939e+04     2.416139109414256e+04     2.416182569610215e+04     2.416226041749978e+04     2.416399929843059e+04
   28400           -1.26672612e+05            7.10973819e+00            9.92980974e-01            1.00720151e+00     2.400947145029635e+04     2.401035291220308e+04     2.401123523676634e+04     2.401211695121653e+04     2.401299878621219e+04     2.401652612212802e+04
   28600           -1.26678986e+05            1.40035107e+00            9.98664709e-01            1.00146559e+00     2.407993411292376e+04     2.408010156099969e+04     2.408026984675189e+04     2.408043756017411e+04     2.408060537716557e+04     2.408127664140738e+04
   28800           -1.26923650e+05            4.32896255e+00            9.95738193e-01            1.00439665e+00     2.401721395808032e+04     2.401774802896431e+04     2.401828293998286e+04     2.401881725912643e+04     2.401935169441963e+04     2.402148943075895e+04
   29000           -1.26764267e+05            2.13982782e+00            9.97926132e-01            1.00220606e+00     2.422160443882571e+04     2.422186433113369e+04     2.422212500111217e+04     2.422238514111674e+04     2.422264537696226e+04     2.422368631509881e+04
   29200           -1.26920571e+05            3.97170658e+00            9.96102042e-01            1.00404600e+00     2.409391240688274e+04     2.409440074527894e+04     2.409488997835824e+04     2.409537859241536e+04     2.409586732224851e+04     2.409782223761429e+04
   29400           -1.26739558e+05            1.77185908e+00            9.98293318e-01            1.00183726e+00     2.403849900671966e+04     2.403871375333958e+04     2.403892931782900e+04     2.403914429060264e+04     2.403935938697968e+04     2.404021976723970e+04
   29600           -1.26900234e+05            1.52695522e+00            9.98532706e-01            1.00158680e+00     2.406100295042740e+04     2.406118667593496e+04     2.406137128518126e+04     2.406155530218075e+04     2.406173942146713e+04     2.406247589250686e+04
   29800           -1.27128024e+05            7.28669403e-01            9.99329856e-01            1.00078728e+00     2.414179300734305e+04     2.414187733295286e+04     2.414196240750722e+04     2.414204696706064e+04     2.414213162129476e+04     2.414247023524646e+04
   30000           -1.26897974e+05            1.86992909e+00            9.98191239e-01            1.00193132e+00     2.418930454923880e+04     2.418953175036887e+04     2.418975977708384e+04     2.418998723732241e+04     2.419021480113209e+04     2.419112505302537e+04
   30200           -1.27094282e+05            2.28995105e+00            9.97773135e-01            1.00235332e+00     2.402090933430316e+04     2.402118832689330e+04     2.402146813773825e+04     2.402174736777369e+04     2.402202671344474e+04     2.402314409258632e+04
   30400           -1.26934429e+05            2.32218312e+00            9.97741429e-01            1.00238608e+00     2.406222077348016e+04     2.406250383697997e+04     2.406278770611453e+04     2.406307101629246e+04     2.406335443195317e+04     2.406448809042619e+04
   30600           -1.26810627e+05            5.82967021e+00            9.94244501e-01            1.00590458e+00     2.406801884202616e+04     2.406874029064704e+04     2.406946256042909e+04     2.407018425131946e+04     2.407090605582286e+04     2.407379326961956e+04
   30800           -1.26638106e+05            3.00760882e+00            9.97051032e-01            1.00306658e+00     2.420309558338299e+04     2.420346492421307e+04     2.420383513618871e+04     2.420420475369157e+04     2.420457447845897e+04     2.420605337353495e+04
   31000           -1.26739004e+05            3.54397959e+00            9.96531560e-01            1.00362003e+00     2.416266926918987e+04     2.416310382806568e+04     2.416353926219716e+04     2.416397409999860e+04     2.416440904509911e+04     2.416614882100836e+04
   31200           -1.26868948e+05            2.48207979e+00            9.97589899e-01            1.00255441e+00     2.408830168603200e+04     2.408860337859875e+04     2.408890586576630e+04     2.408920779406886e+04     2.408950983120153e+04     2.409071797637105e+04
   31400           -1.27093725e+05            2.48311889e+00            9.97581517e-01            1.00254807e+00     2.405357740749224e+04     2.405388071300216e+04     2.405418478899885e+04     2.405448831110634e+04     2.405479194753215e+04     2.405600648757205e+04
   31600           -1.26832206e+05            1.24909765e+00            9.98808889e-01            1.00130723e+00     2.417291742311445e+04     2.417306702061182e+04     2.417321750705126e+04     2.417336739295060e+04     2.417351738382195e+04     2.417411734452945e+04
   31800           -1.26859011e+05            1.09093864e+00            9.98973374e-01            1.00115539e+00     2.409744006658446e+04     2.409756922082618e+04     2.409769922767616e+04     2.409782861373400e+04     2.409795813101396e+04     2.409847619544346e+04
   32000           -1.26981567e+05            1.96531999e+00            9.98104053e-01            1.00203496e+00     2.412557014241371e+04     2.412580823129023e+04     2.412604715790277e+04     2.412628551152066e+04     2.412652396902152e+04     2.412747779562934e+04
   32200           -1.26585611e+05            1.51689912e+00            9.98550543e-01            1.00158454e+00     2.419865624926926e+04     2.419883817807112e+04     2.419902088727359e+04     2.419920305915982e+04     2.419938533001197e+04     2.420011441075468e+04
   32400           -1.26821191e+05            1.00680399e+00            9.99052633e-01            1.00106636e+00     2.424853078453535e+04     2.424865002281936e+04     2.424877005454520e+04     2.424888951848540e+04     2.424900909799735e+04     2.424948741145934e+04
   32600           -1.26814744e+05            1.12070907e+00            9.98942270e-01            1.00118383e+00     2.414514359367082e+04     2.414527599294907e+04     2.414540920256660e+04     2.414554186084769e+04     2.414567461890865e+04     2.414620564414647e+04
   32800           -1.26975490e+05            1.73928306e+00            9.98322152e-01            1.00180093e+00     2.415692994477039e+04     2.415714038169501e+04     2.415735168921857e+04     2.415756238868963e+04     2.415777320513763e+04     2.415861646550487e+04
   33000           -1.26828608e+05            2.06610916e+00            9.98002170e-01            1.00213467e+00     2.414530008540984e+04     2.414555109219955e+04     2.414580290142793e+04     2.414605415523180e+04     2.414630551288457e+04     2.414731094035931e+04
   33200           -1.26811862e+05            5.74658482e+00            9.94340382e-01            1.00583443e+00     2.412326306220994e+04     2.412397328621590e+04     2.412468434873746e+04     2.412539482499377e+04     2.412610541329531e+04     2.412894776438068e+04
   33400           -1.26788504e+05            1.47092790e+00            9.98587426e-01            1.00152945e+00     2.418265252746787e+04     2.418282984053529e+04     2.418300806357325e+04     2.418318566903923e+04     2.418336338430424e+04     2.418407424114061e+04
   33600           -1.26755862e+05            1.16580169e+00            9.98896767e-01            1.00122852e+00     2.406544424216829e+04     2.406558325542409e+04     2.406572310626953e+04     2.406586240735398e+04     2.406600179720861e+04     2.406655935224894e+04
   33800           -1.27042226e+05            8.22946869e-01            9.99241207e-01            1.00088721e+00     2.415497914544680e+04     2.415507409888645e+04     2.415516998245589e+04     2.415526521321259e+04     2.415536057068402e+04     2.415574199592124e+04
   34000           -1.26929363e+05            3.07507820e+00            9.96996130e-01            1.00314671e+00     2.416136855023196e+04     2.416174530999464e+04     2.416212285613492e+04     2.416249986283419e+04     2.416287696846856e+04     2.416438538670517e+04
   34200           -1.26665366e+05            1.70727676e+00            9.98356411e-01            1.00177118e+00     2.416943837232333e+04     2.416964478656483e+04     2.416985214282136e+04     2.417005886327340e+04     2.417026569512528e+04     2.417109301792723e+04
   34400           -1.26634887e+05            3.63149706e+00            9.96434063e-01            1.00369750e+00     2.405390357346066e+04     2.405435014547616e+04     2.405479753166924e+04     2.405524435248959e+04     2.405569128046546e+04     2.405747898747026e+04
   34600           -1.26809043e+05            2.46435219e+00            9.97604697e-01            1.00253373e+00     2.417958968544948e+04     2.417989028416787e+04     2.418019173106182e+04     2.418049260752682e+04     2.418079358213706e+04     2.418199747882464e+04
   34800           -1.26870128e+05            1.15993614e+00            9.98906323e-01            1.00122635e+00     2.425153340981393e+04     2.425167096420222e+04     2.425180934942954e+04     2.425194716481636e+04     2.425208508492577e+04     2.425263676003761e+04
   35000           -1.26674280e+05            5.29186101e-01            9.99531952e-01            1.00059039e+00     2.415101817726222e+04     2.415107704125979e+04     2.415113680540666e+04     2.415119595578512e+04     2.415125521604997e+04     2.415149225483772e+04
   35200           -1.26842180e+05            1.20428890e+00            9.98860741e-01            1.00126947e+00     2.414669446181363e+04     2.414683745308477e+04     2.414698128461592e+04     2.414712452817177e+04     2.414726788518568e+04     2.414784130855773e+04
   35400           -1.26945347e+05            3.42958757e+00            9.96638216e-01            1.00349783e+00     2.412165149365230e+04     2.412207314160500e+04     2.412249563559756e+04     2.412291756410166e+04     2.412333958883634e+04     2.412502768402038e+04
   35600           -1.27019604e+05            9.74195023e-01            9.99092694e-01            1.00104121e+00     2.399278432376408e+04     2.399289821198210e+04     2.399301293364978e+04     2.399312705464667e+04     2.399324129983242e+04     2.399369827590076e+04
   35800           -1.26944703e+05            1.94345726e+00            9.98117326e-01            1.00200447e+00     2.410693555180622e+04     2.410717145234759e+04     2.410740821381004e+04     2.410764438767578e+04     2.410788066781138e+04     2.410882578381654e+04
   36000           -1.26848103e+05            3.35437445e+00            9.96711591e-01            1.00342076e+00     2.408769885649315e+04     2.408811103018825e+04     2.408852401878079e+04     2.408893644406462e+04     2.408934897481035e+04     2.409099909312755e+04
   36200           -1.26757567e+05            4.65070503e-01            9.99595507e-01            1.00052570e+00     2.412069853135498e+04     2.412074972477716e+04     2.412080182049030e+04     2.412085328542597e+04     2.412090487164564e+04     2.412111121193629e+04
   36400           -1.26670209e+05            1.08277396e+00            9.98976855e-01            1.00114253e+00     2.417083262724817e+04     2.417096038036538e+04     2.417108906759106e+04     2.417121710968207e+04     2.417134527203292e+04     2.417185791681768e+04
   36600           -1.26782257e+05            3.71413265e+00            9.96353518e-01            1.00378225e+00     2.415707310925515e+04     2.415753048288170e+04     2.415798869304946e+04     2.415844632747683e+04     2.415890406784961e+04     2.416073502644406e+04
   36800           -1.26527827e+05            1.59570277e+00            9.98466248e-01            1.00165785e+00     2.413597001329277e+04     2.413616272968415e+04     2.413635636785367e+04     2.413654940624028e+04     2.413674253953870e+04     2.413751506578462e+04
   37000           -1.27021207e+05            5.60798012e+00            9.94475408e-01            1.00569219e+00     2.401783589707317e+04     2.401852909619180e+04     2.401922316030278e+04     2.401991662289710e+04     2.402061020041571e+04     2.402338450375825e+04
   37200           -1.26932716e+05            5.10113949e+00            9.94970311e-01            1.00517323e+00     2.418798802741864e+04     2.418861834235506e+04     2.418924946718568e+04     2.418988001646391e+04     2.419051068164955e+04     2.419303333588046e+04
   37400           -1.26802701e+05            5.97500332e-01            9.99466850e-01            1.00066193e+00     2.421757344382435e+04     2.421764054744847e+04     2.421770848829783e+04     2.421777584827983e+04     2.421784331770757e+04     2.421811319159078e+04
   37600           -1.27019294e+05            1.37748489e+00            9.98687443e-01            1.00144259e+00     2.406527945967168e+04     2.406544408755608e+04     2.406560952545416e+04     2.406577439805645e+04     2.406593937912405e+04     2.406659929857642e+04
   37800           -1.26877887e+05            6.48717379e-01            9.99417660e-01            1.00071518e+00     2.412460332447983e+04     2.412467679661589e+04     2.412475113797388e+04     2.412482489477363e+04     2.412489875294019e+04     2.412519418140055e+04
   38000           -1.26818559e+05            2.64846291e+00            9.97416543e-01            1.00271380e+00     2.413831149131195e+04     2.413863504135076e+04     2.413895939640901e+04     2.413928318792333e+04     2.413960708878413e+04     2.414090268625631e+04
   38200           -1.26820987e+05            1.37836001e+00            9.98684215e-01            1.00144111e+00     2.406729769254887e+04     2.406746213419739e+04     2.406762742329863e+04     2.406779212655987e+04     2.406795693957009e+04     2.406861618659132e+04
   38400           -1.26870473e+05            5.03804764e-01            9.99561384e-01            1.00056906e+00     2.408271023686737e+04     2.408276578003716e+04     2.408282211281348e+04     2.408287789910499e+04     2.408293378814096e+04     2.408315733941456e+04
   38600           -1.26848113e+05            4.89383256e+00            9.95183462e-01            1.00497181e+00     2.422303551120856e+04     2.422364020940099e+04     2.422424573511987e+04     2.422485067156104e+04     2.422545572635611e+04     2.422787594150365e+04
   38800           -1.26849787e+05            3.78266909e+00            9.96285999e-01            1.00385182e+00     2.415957057314013e+04     2.416003630817899e+04     2.416050281525488e+04     2.416096877760790e+04     2.416143484700144e+04     2.416329912086275e+04
   39000           -1.26858000e+05            2.13882603e+00            9.97934068e-01            1.00221203e+00     2.404430361755210e+04     2.404456260717865e+04     2.404482239728739e+04     2.404508163172891e+04     2.404534097130226e+04     2.404637832505242e+04
   39200           -1.26835625e+05            1.22743181e+00            9.98841258e-01            1.00129629e+00     2.412599212945047e+04     2.412613804922657e+04     2.412628483428775e+04     2.412643099947174e+04     2.412657729046356e+04     2.412716245147664e+04
   39400           -1.26681523e+05            3.53851656e+00            9.96528871e-01            1.00360635e+00     2.409201223280936e+04     2.409244706112616e+04     2.409288273384892e+04     2.409331781657455e+04     2.409375301239310e+04     2.409549379197682e+04
   39600           -1.26811671e+05            1.06600438e+00            9.98998565e-01            1.00113071e+00     2.409170592298862e+04     2.409183147616343e+04     2.409195794507966e+04     2.409208380776114e+04     2.409220977057854e+04     2.409271361816846e+04
   39800           -1.26629385e+05            5.53827481e+00            9.94542242e-01            1.00561957e+00     2.411594214150945e+04     2.411662661967837e+04     2.411731195633097e+04     2.411799670411066e+04     2.411868156000767e+04     2.412142097850590e+04
   40000           -1.26857150e+05            1.11491531e+00            9.98949547e-01            1.00117952e+00     2.412400113605419e+04     2.412413342597073e+04     2.412426657504303e+04     2.412439914197399e+04     2.412453181175247e+04     2.412506248745075e+04
   40200           -1.26666744e+05            2.96486723e-01            9.99776795e-01            1.00036981e+00     2.414073264002247e+04     2.414076175349801e+04     2.414079177854512e+04     2.414082118341715e+04     2.414085069927989e+04     2.414096875853730e+04
   40400           -1.26732315e+05            3.26093089e+00            9.96810906e-01            1.00333321e+00     2.407009362788429e+04     2.407049359925557e+04     2.407089445993634e+04     2.407129470716589e+04     2.407169506844158e+04     2.407329650899887e+04
   40600           -1.26620575e+05            3.53497978e-01            9.99703543e-01            1.00041058e+00     2.425558832085301e+04     2.425562589356859e+04     2.425566438863581e+04     2.425570224294021e+04     2.425574021846252e+04     2.425589211607203e+04
   40800           -1.26951546e+05            3.83347505e+00            9.96237299e-01            1.00390476e+00     2.416862431797323e+04     2.416909542896889e+04     2.416956739439786e+04     2.417003876329508e+04     2.417051024652296e+04     2.417239617507268e+04
   41000           -1.26698069e+05            3.20783372e+00            9.96856414e-01            1.00327247e+00     2.410150230071654e+04     2.410189597829537e+04     2.410229054560486e+04     2.410268448949646e+04     2.410307855387528e+04     2.410465480703402e+04
   41200           -1.26661206e+05            3.72855394e+00            9.96348955e-01            1.00380661e+00     2.411678346911498e+04     2.411724175555892e+04     2.411770086526387e+04     2.411815937643000e+04     2.411861801365932e+04     2.412045255820367e+04
   41400           -1.26812001e+05            1.44971349e+00            9.98612482e-01            1.00151209e+00     2.396543105819328e+04     2.396560508045137e+04     2.396577987439401e+04     2.396595411246646e+04     2.396612846538716e+04     2.396682587258103e+04
   41600           -1.26855222e+05            1.25622113e+00            9.98807579e-01            1.00132018e+00     2.414865660004659e+04     2.414880631170458e+04     2.414895690047913e+04     2.414910688438845e+04     2.414925698039965e+04     2.414985736075271e+04
   41800           -1.26866369e+05            1.08143917e+00            9.98983542e-01            1.00114656e+00     2.423656577493174e+04     2.423669341793184e+04     2.423682191503370e+04     2.423694982698436e+04     2.423707784611759e+04     2.423758991730345e+04
   42000           -1.26468868e+05            4.58540280e+00            9.95480282e-01            1.00465163e+00     2.408058099268005e+04     2.408114745997772e+04     2.408171477311512e+04     2.408228148380372e+04     2.408284831598839e+04     2.408511563929673e+04
   42200           -1.26700542e+05            1.88113811e+00            9.98189706e-01            1.00195225e+00     2.416727100189397e+04     2.416749835556341e+04     2.416772660317517e+04     2.416795424111837e+04     2.416818198852042e+04     2.416909297514688e+04
   42400           -1.26681151e+05            3.11582932e+00            9.96955049e-01            1.00318713e+00     2.407039190795049e+04     2.407077337231306e+04     2.407115574142788e+04     2.407153749922850e+04     2.407191936476410e+04     2.407344682157772e+04
   42600           -1.26725809e+05            2.68657369e+00            9.97384033e-01            1.00275755e+00     2.407179587991140e+04     2.407212371323963e+04     2.407245230109809e+04     2.407278035426627e+04     2.407310851398359e+04     2.407442114805579e+04
   42800           -1.26875943e+05            3.84500132e+00            9.96227959e-01            1.00391849e+00     2.400445333732654e+04     2.400492619590572e+04     2.400539980118024e+04     2.400587287545099e+04     2.400634605650575e+04     2.400823877568496e+04
   43000           -1.27212416e+05            1.75757970e+00            9.98308516e-01            1.00182390e+00     2.409818826984332e+04     2.409840049670838e+04     2.409861360215364e+04     2.409882612672955e+04     2.409903874670135e+04     2.409988922355939e+04
   43200           -1.27136198e+05            3.63680477e+00            9.96437647e-01            1.00371177e+00     2.424685976772216e+04     2.424730680293242e+04     2.424775477949161e+04     2.424820211304531e+04     2.424864956268414e+04     2.425043935764613e+04
   43400           -1.26792543e+05            9.89850014e-01            9.99079517e-01            1.00105935e+00     2.410595734066094e+04     2.410607271839962e+04     2.410618899609045e+04     2.410630466726531e+04     2.410642044454500e+04     2.410688354842906e+04
   43600           -1.26977661e+05            3.01894197e+00            9.97048363e-01            1.00308664e+00     2.412487967624993e+04     2.412524974926481e+04     2.412562073902774e+04     2.412599113344045e+04     2.412636162057849e+04     2.412784356490706e+04
   43800           -1.27041842e+05            2.03314839e+00            9.98030929e-01            1.00209748e+00     2.410825422100625e+04     2.410850133888178e+04     2.410874935059510e+04     2.410899672699985e+04     2.410924423076975e+04     2.411023424053325e+04
   44000           -1.26991288e+05            2.88776049e+00            9.97178731e-01            1.00295462e+00     2.409750506483670e+04     2.409785938680552e+04     2.409821453622016e+04     2.409856910814532e+04     2.409892379056846e+04     2.410034251630021e+04
   44200           -1.26590512e+05            2.80063796e+00            9.97271855e-01            1.00287352e+00     2.422140104673017e+04     2.422174299757862e+04     2.422208585510594e+04     2.422242812078157e+04     2.422277048009208e+04     2.422413991345398e+04
   44400           -1.26882851e+05            4.19564394e+00            9.95880031e-01            1.00427191e+00     2.417949822569895e+04     2.418001513221485e+04     2.418053285005574e+04     2.418105000271666e+04     2.418156726331552e+04     2.418363630093210e+04
   44600           -1.26736472e+05            1.73575441e+00            9.98329987e-01            1.00180172e+00     2.409678787849222e+04     2.409699780427107e+04     2.409720857444692e+04     2.409741875219196e+04     2.409762904519404e+04     2.409847021189586e+04
   44800           -1.26683695e+05            3.06234770e+00            9.97006161e-01            1.00313126e+00     2.418268539375435e+04     2.418306028642916e+04     2.418343608977346e+04     2.418381126428029e+04     2.418418655566241e+04     2.418568771757046e+04
   45000           -1.26811248e+05            5.49188381e+00            9.94591262e-01            1.00557584e+00     2.411513836544997e+04     2.411581667039648e+04     2.411649579350820e+04     2.411717435494207e+04     2.411785301956183e+04     2.412056767367368e+04
   45200           -1.26741907e+05            1.16999362e+00            9.98889229e-01            1.00122935e+00     2.429687961428568e+04     2.429701876544246e+04     2.429715870540525e+04     2.429729811175803e+04     2.429743761270507e+04     2.429799561112445e+04
   45400           -1.26887707e+05            3.61295701e+00            9.96456508e-01            1.00368289e+00     2.417164055498638e+04     2.417208538015783e+04     2.417253101017846e+04     2.417297606188073e+04     2.417342123225338e+04     2.417520190952038e+04
   45600           -1.26937589e+05            1.63969580e+00            9.98429419e-01            1.00170903e+00     2.410066147132873e+04     2.410085892465980e+04     2.410105713478823e+04     2.410125480337215e+04     2.410145258241931e+04     2.410224369350988e+04
   45800           -1.27332328e+05            9.65323139e-01            9.99098495e-01            1.00102926e+00     2.409867322147101e+04     2.409878659731253e+04     2.409890088776338e+04     2.409901457788928e+04     2.409912836473991e+04     2.409958350800881e+04
   46000           -1.26880572e+05            1.11847275e+00            9.98942614e-01            1.00117970e+00     2.414421245678802e+04     2.414434467440079e+04     2.414447771952508e+04     2.414461019988768e+04     2.414474278256351e+04     2.414527310833899e+04
   46200           -1.26801628e+05            3.41120757e+00            9.96656276e-01            1.00347913e+00     2.410966360547702e+04     2.411008302549699e+04     2.411050323874373e+04     2.411092289236040e+04     2.411134265663605e+04     2.411302170779508e+04
   46400           -1.26787567e+05            1.90268762e+00            9.98163519e-01            1.00196914e+00     2.399717959032979e+04     2.399740994941815e+04     2.399764109047530e+04     2.399787170683740e+04     2.399810241401763e+04     2.399902523770547e+04
   46600           -1.26905019e+05            1.58912981e+00            9.98472839e-01            1.00165129e+00     2.415679524716481e+04     2.415698659242644e+04     2.415717877443539e+04     2.415737035132982e+04     2.415756205439461e+04     2.415832886162440e+04
   46800           -1.26818732e+05            2.42122325e+00            9.97647196e-01            1.00248997e+00     2.397290977157677e+04     2.397320468471398e+04     2.397350046363508e+04     2.397379562556967e+04     2.397409091114202e+04     2.397527205070726e+04
   47000           -1.26882313e+05            2.63570377e+00            9.97431428e-01            1.00270318e+00     2.411364109658285e+04     2.411396292426015e+04     2.411428562067848e+04     2.411460770654503e+04     2.411492991126268e+04     2.411621872594251e+04
   47200           -1.26752380e+05            5.64648939e+00            9.94432486e-01            1.00572624e+00     2.413741898461253e+04     2.413811725107688e+04     2.413881634202095e+04     2.413951484157110e+04     2.414021346235745e+04     2.414300794010237e+04
   47400           -1.26741267e+05            2.43260089e+00            9.97637782e-01            1.00250332e+00     2.418373648900815e+04     2.418403306552871e+04     2.418433050889057e+04     2.418462736677733e+04     2.418492432797515e+04     2.418611216694214e+04
   47600           -1.26614216e+05            1.33427576e+00            9.98729892e-01            1.00139861e+00     2.423701843530922e+04     2.423717828864671e+04     2.423733895537021e+04     2.423749902990972e+04     2.423765922925491e+04     2.423830002320059e+04
   47800           -1.26819310e+05            5.05374360e+00            9.95017443e-01            1.00512557e+00     2.416102992198549e+04     2.416165441126650e+04     2.416227975418330e+04     2.416290450034899e+04     2.416352936098236e+04     2.416602879997923e+04
   48000           -1.26625093e+05            3.19169822e+00            9.96876689e-01            1.00326050e+00     2.409487642711483e+04     2.409526760023192e+04     2.409565963247788e+04     2.409605108772052e+04     2.409644264209708e+04     2.409800885707933e+04
   48200           -1.26633423e+05            1.54114656e+00            9.98524844e-01            1.00160734e+00     2.425321995599083e+04     2.425340504768298e+04     2.425359102168907e+04     2.425377637409233e+04     2.425396184840369e+04     2.425470374081656e+04
   48400           -1.26899098e+05            6.24008020e-01            9.99438968e-01            1.00068706e+00     2.409184496750258e+04     2.409191527854293e+04     2.409198648469351e+04     2.409205707547387e+04     2.409212777991477e+04     2.409241059232696e+04
   48600           -1.26939108e+05            1.19926559e+00            9.98865770e-01            1.00126446e+00     2.411785133350330e+04     2.411799361537199e+04     2.411813667788322e+04     2.411827918301122e+04     2.411842180065191e+04     2.411899226780052e+04
   48800           -1.26577872e+05            2.48882023e+00            9.97580881e-01            1.00255886e+00     2.409851154364620e+04     2.409881460377850e+04     2.409911852769639e+04     2.409942186080583e+04     2.409972530113944e+04     2.410093905863266e+04
   49000           -1.26751968e+05            8.25177405e-01            9.99236360e-01            1.00088682e+00     2.413279278870051e+04     2.413288934404254e+04     2.413298674697169e+04     2.413308357423335e+04     2.413318050425385e+04     2.413356821980719e+04
   49200           -1.26840614e+05            3.01949356e+00            9.97053231e-01            1.00309264e+00     2.403851167254655e+04     2.403888175181648e+04     2.403925279773818e+04     2.403962320000977e+04     2.403999371069774e+04     2.404147574884894e+04
   49400           -1.26784553e+05            3.23047072e+00            9.96837089e-01            1.00329845e+00     2.423980855821811e+04     2.424020491013146e+04     2.424060207442421e+04     2.424099867111754e+04     2.424139537649852e+04     2.424298219477893e+04
   49600           -1.26932196e+05            2.47388869e+00            9.97592449e-01            1.00254054e+00     2.415577234854117e+04     2.415607470174939e+04     2.415637788146849e+04     2.415668048421357e+04     2.415698319764740e+04     2.415819404675363e+04
   49800           -1.27061292e+05            2.06342918e+00            9.97999035e-01            1.00212615e+00     2.418267909332296e+04     2.418292982409162e+04     2.418318140891125e+04     2.418343242309341e+04     2.418368353403670e+04     2.418468797475045e+04
   50000           -1.26871642e+05            1.69831092e+00            9.98369982e-01            1.00176683e+00     2.418412698935639e+04     2.418433190311673e+04     2.418453770128489e+04     2.418474290594544e+04     2.418494821288151e+04     2.418576943640662e+04
