#This file was generated on Fri Feb 14 11:46:04 2025
#Using the somd command, of the molecular library Sire version <2024.4.0.dev> 
#For more information visit: https://github.com/openbiosim/sire
#
#General information on simulation parameters:
#Simulation used 50000 moves, 1 cycles and 200 ps of simulation time
#Generating lambda is		 0.37500
#Alchemical array is		 (0.0, 0.125, 0.25, 0.375, 0.5, 1.0)
#Generating temperature is 	25°C
#Energy was saved every 200 steps 
#
#
#   [step]               [potential]                [gradient]      [forward Metropolis]     [backward Metropolis]                   [u_kl]
     200           -8.34648884e+04            2.40983777e+00            9.97604565e-01            1.00242430e+00     6.915254109871501e+03     6.915554518425241e+03     6.915855158614583e+03     6.916155634084885e+03     6.916456143519577e+03     6.917658177167655e+03
     400           -8.08095992e+04            5.34033891e-01            9.99474808e-01            1.00054289e+00     6.812502255098138e+03     6.812568649362953e+03     6.812635258512290e+03     6.812701719856362e+03     6.812768209642055e+03     6.813034164185970e+03
     600           -7.93175788e+04            1.42099495e+00            9.98586323e-01            1.00142833e+00     6.854689319879676e+03     6.854866621594800e+03     6.855044149921394e+03     6.855221524749602e+03     6.855398927905738e+03     6.856108535931800e+03
     800           -7.85169060e+04            3.00451639e+00            9.97009782e-01            1.00301888e+00     6.809426389989920e+03     6.809801402561392e+03     6.810176609105425e+03     6.810551668290843e+03     6.810926762841552e+03     6.812427135693184e+03
    1000           -7.80105451e+04            1.16724111e+00            9.98840715e-01            1.00117521e+00     6.791320013300515e+03     6.791465360040775e+03     6.791610913048073e+03     6.791756322316622e+03     6.791901760559036e+03     6.792483507817557e+03
    1200           -7.75973651e+04            3.40471966e+00            9.96609933e-01            1.00341945e+00     6.895416312627593e+03     6.895841167483035e+03     6.896266197770755e+03     6.896691091131570e+03     6.897116018729339e+03     6.898815724831084e+03
    1400           -7.71025919e+04            1.14233769e+00            9.98867558e-01            1.00115226e+00     6.857261407194243e+03     6.857403457677086e+03     6.857545750324692e+03     6.857687867434730e+03     6.857830022484104e+03     6.858398637773966e+03
    1600           -7.69695581e+04            1.41287092e+00            9.98597929e-01            1.00142370e+00     6.877452967267053e+03     6.877629017421335e+03     6.877805269625018e+03     6.877981375744039e+03     6.878157513330320e+03     6.878862059393588e+03
    1800           -7.68527548e+04            8.48989236e-01            9.99159360e-01            1.00085735e+00     6.894046500895834e+03     6.894151822106527e+03     6.894257321936620e+03     6.894362678263517e+03     6.894468072388708e+03     6.894889643881583e+03
    2000           -7.67560735e+04            6.95615216e+00            9.93076328e-01            1.00698886e+00     6.906458254041479e+03     6.907327399167611e+03     6.908196726530395e+03     6.909065912312535e+03     6.909935133245649e+03     6.913412012449819e+03
    2200           -7.67168659e+04            2.05807160e+00            9.97954001e-01            1.00207019e+00     6.860885526946297e+03     6.861142110851148e+03     6.861398921761753e+03     6.861655574462917e+03     6.861912258103765e+03     6.862938989261232e+03
    2400           -7.66354437e+04            1.88716912e+00            9.98120196e-01            1.00189456e+00     6.872817397989417e+03     6.873053031054171e+03     6.873288814696403e+03     6.873524480819646e+03     6.873760176896675e+03     6.874702955803934e+03
    2600           -7.68036270e+04            1.16217821e+00            9.98846810e-01            1.00117119e+00     6.792190631232143e+03     6.792335455454016e+03     6.792480453354792e+03     6.792625317415169e+03     6.792770214471026e+03     6.793349797709908e+03
    2800           -7.68702243e+04            3.49702169e+00            9.96518657e-01            1.00351278e+00     6.833471746016587e+03     6.833908225541464e+03     6.834344881326014e+03     6.834781401123257e+03     6.835217954601499e+03     6.836964163186411e+03
    3000           -7.67386222e+04            4.21847010e+00            9.95798603e-01            1.00423564e+00     6.837453494948379e+03     6.837980383646432e+03     6.838507507110457e+03     6.839034462780703e+03     6.839561453773676e+03     6.841669412598972e+03
    3200           -7.69098918e+04            4.94832373e+00            9.95071622e-01            1.00496839e+00     6.873493746806782e+03     6.874111847581532e+03     6.874730106326576e+03     6.875348243823273e+03     6.875966410754208e+03     6.878439074701632e+03
    3400           -7.65483314e+04            2.47009521e+00            9.97541333e-01            1.00248157e+00     6.929853930333064e+03     6.930162317790277e+03     6.930470898834728e+03     6.930779333741874e+03     6.931087803354931e+03     6.932321676376798e+03
    3600           -7.67682133e+04            1.54084916e+00            9.98468959e-01            1.00155069e+00     6.794733411699376e+03     6.794925577984956e+03     6.795117949844594e+03     6.795310178922439e+03     6.795502436087761e+03     6.796271460476145e+03
    3800           -7.65884267e+04            2.00463011e+00            9.98006927e-01            1.00201623e+00     6.922479960095402e+03     6.922729891427154e+03     6.922980050093232e+03     6.923230041402402e+03     6.923480070290928e+03     6.924480180486454e+03
    4000           -7.64647325e+04            1.84850461e+00            9.98163605e-01            1.00186066e+00     6.874957452264367e+03     6.875187594061528e+03     6.875417935001742e+03     6.875648122994204e+03     6.875878348369111e+03     6.876799244473856e+03
    4200           -7.66871184e+04            1.40682384e+00            9.98602887e-01            1.00141656e+00     6.858551265769992e+03     6.858726763640185e+03     6.858902466929109e+03     6.859078011490607e+03     6.859253595396681e+03     6.859955925023370e+03
    4400           -7.68164771e+04            1.33210800e+00            9.98676040e-01            1.00134028e+00     6.770025286193748e+03     6.770191584956249e+03     6.770358122768074e+03     6.770524492098272e+03     6.770690895707428e+03     6.771356505221108e+03
    4600           -7.66320110e+04            9.71604771e-01            9.99037536e-01            1.00098076e+00     6.848443353707560e+03     6.848563939499200e+03     6.848684780216051e+03     6.848805443753980e+03     6.848926141966458e+03     6.849408930225356e+03
    4800           -7.67050566e+04            2.32503701e+00            9.97686147e-01            1.00233627e+00     6.823660384987401e+03     6.823950216335618e+03     6.824240257935528e+03     6.824530144375907e+03     6.824820065575965e+03     6.825979746164529e+03
    5000           -7.67188246e+04            1.07781211e+00            9.98931582e-01            1.00108723e+00     6.902326814852730e+03     6.902461128800366e+03     6.902595632828506e+03     6.902730012636426e+03     6.902864413299556e+03     6.903402011746381e+03
    5200           -7.67098600e+04            4.63289896e+00            9.95387681e-01            1.00465360e+00     6.885816511848474e+03     6.886395325585403e+03     6.886974321794957e+03     6.887553187000868e+03     6.888132079361470e+03     6.890447646874466e+03
    5400           -7.68452191e+04            1.38301964e+00            9.98625324e-01            1.00139138e+00     6.823639639213969e+03     6.823811987056923e+03     6.823984511562795e+03     6.824156896659383e+03     6.824329317468873e+03     6.825018995723779e+03
    5600           -7.69299027e+04            1.50052835e+00            9.98509946e-01            1.00151103e+00     6.896268299038554e+03     6.896455221195827e+03     6.896642333591915e+03     6.896829299989324e+03     6.897016302252136e+03     6.897764305465717e+03
    5800           -7.71278389e+04            1.79346979e+00            9.98216698e-01            1.00180367e+00     6.855197330315727e+03     6.855421082357649e+03     6.855645048298386e+03     6.855868858187601e+03     6.856092702203999e+03     6.856988074092271e+03
    6000           -7.67686884e+04            1.09799310e+00            9.98912846e-01            1.00110885e+00     6.883150957591290e+03     6.883287596699297e+03     6.883424438600467e+03     6.883561137283179e+03     6.883697865640593e+03     6.884244773689895e+03
    6200           -7.66011662e+04            3.16871375e-01            9.99695686e-01            1.00032944e+00     6.810031892575992e+03     6.810070840846063e+03     6.810109953448729e+03     6.810148941223999e+03     6.810187959229305e+03     6.810344025882619e+03
    6400           -7.66232058e+04            1.09754664e+00            9.98912972e-01            1.00110809e+00     6.826919851574014e+03     6.827056429659534e+03     6.827193267010370e+03     6.827329931770685e+03     6.827466626960280e+03     6.828013402346547e+03
    6600           -7.66023221e+04            1.08147475e+00            9.98928164e-01            1.00109113e+00     6.900912893284461e+03     6.901047443347631e+03     6.901182204068725e+03     6.901316813941271e+03     6.901451456212274e+03     6.901990019140086e+03
    6800           -7.66652338e+04            1.63398618e+00            9.98377350e-01            1.00164536e+00     6.912871216842160e+03     6.913074886599501e+03     6.913278796535252e+03     6.913482532566576e+03     6.913686306392367e+03     6.914501395942575e+03
    7000           -7.67421809e+04            2.57799765e+00            9.97434061e-01            1.00259011e+00     6.857296604284522e+03     6.857618203504760e+03     6.857939982876727e+03     6.858261619568089e+03     6.858583292839704e+03     6.859869981394885e+03
    7200           -7.68972242e+04            3.30796568e+00            9.96706803e-01            1.00332281e+00     6.801272495093437e+03     6.801685663277945e+03     6.802099042756605e+03     6.802512274955408e+03     6.802925536606044e+03     6.804578578118651e+03
    7400           -7.67278460e+04            3.80379210e+00            9.96215319e-01            1.00382301e+00     6.841199983971536e+03     6.841674662934342e+03     6.842149558765038e+03     6.842624301273113e+03     6.843099074846137e+03     6.844998165720738e+03
    7600           -7.67122662e+04            2.64572487e+00            9.97363773e-01            1.00265526e+00     6.837590937888286e+03     6.837921376104044e+03     6.838252008187817e+03     6.838582496073964e+03     6.838913017170285e+03     6.840235096452282e+03
    7800           -7.68615092e+04            4.92443495e+00            9.95098133e-01            1.00494715e+00     6.900491376146335e+03     6.901105999670418e+03     6.901720800045598e+03     6.902335463074017e+03     6.902950159808075e+03     6.905408943469816e+03
    8000           -7.69090934e+04            2.16061547e+00            9.97854591e-01            1.00217588e+00     6.844376757553841e+03     6.844646039174853e+03     6.844915594915515e+03     6.845184974702482e+03     6.845454380924746e+03     6.846532004295652e+03
    8200           -7.69913480e+04            8.42418498e-01            9.99165588e-01            1.00085044e+00     6.886946155868577e+03     6.887051015975744e+03     6.887156051715315e+03     6.887260957746806e+03     6.887365893485468e+03     6.887785631102361e+03
    8400           -7.67540373e+04            1.35958202e+00            9.98649065e-01            1.00136825e+00     6.866468731864747e+03     6.866638231199178e+03     6.866807895143997e+03     6.866977431890583e+03     6.867147000224609e+03     6.867825268584471e+03
    8600           -7.67046604e+04            1.89182829e+00            9.98118182e-01            1.00190187e+00     6.898366110959243e+03     6.898602159355962e+03     6.898838438354780e+03     6.899074552366429e+03     6.899310701183401e+03     6.900255291407558e+03
    8800           -7.66394324e+04            2.25250671e+00            9.97757064e-01            1.00226211e+00     6.879399785901769e+03     6.879681098162907e+03     6.879962572898728e+03     6.880243920584150e+03     6.880525300203551e+03     6.881650814505332e+03
    9000           -7.68129347e+04            1.12739406e+00            9.98879430e-01            1.00113423e+00     6.858451265503889e+03     6.858591556861917e+03     6.858732115833915e+03     6.858872483710974e+03     6.859012891453187e+03     6.859574517402484e+03
    9200           -7.68548604e+04            9.60878062e-01            9.99050192e-01            1.00097197e+00     6.855864272003845e+03     6.855983800022665e+03     6.856103534006837e+03     6.856223122660751e+03     6.856342741084939e+03     6.856821210166033e+03
    9400           -7.69826562e+04            1.38981164e+00            9.98619457e-01            1.00139910e+00     6.791063508016721e+03     6.791236799943024e+03     6.791410212875539e+03     6.791583513060048e+03     6.791756849750320e+03     6.792450191483918e+03
    9600           -7.68809090e+04            1.20837919e+00            9.98802446e-01            1.00121923e+00     6.880109395905661e+03     6.880259499840334e+03     6.880409805173243e+03     6.880559961998569e+03     6.880710152633895e+03     6.881310909362130e+03
    9800           -7.69324649e+04            1.19130418e+00            9.98817635e-01            1.00120026e+00     6.803863503784325e+03     6.804011614384849e+03     6.804159969548692e+03     6.804308152411760e+03     6.804456370160693e+03     6.805049236537061e+03
   10000           -7.66160707e+04            3.52004995e+00            9.96495164e-01            1.00353534e+00     6.884558869760048e+03     6.884998180187788e+03     6.885437718705562e+03     6.885877088341686e+03     6.886316496046798e+03     6.888074122333548e+03
   10200           -7.64917594e+04            2.04412909e+00            9.97964706e-01            1.00205299e+00     6.864177443824688e+03     6.864432376808283e+03     6.864687534428945e+03     6.864942533458810e+03     6.865197565221584e+03     6.866217686618480e+03
   10400           -7.65150096e+04            1.22670411e+00            9.98784652e-01            1.00123809e+00     6.847116964128846e+03     6.847269434719045e+03     6.847422114631981e+03     6.847574640754553e+03     6.847727201930273e+03     6.848337439731700e+03
   10600           -7.65216739e+04            1.23308935e+00            9.98779888e-01            1.00124610e+00     6.900498855840491e+03     6.900652275227910e+03     6.900805910658806e+03     6.900959387233763e+03     6.901112899094113e+03     6.901726942347736e+03
   10800           -7.66610768e+04            1.46597289e+00            9.98542389e-01            1.00147436e+00     6.824697706024720e+03     6.824880396216446e+03     6.825063320394537e+03     6.825246071902953e+03     6.825428862180342e+03     6.826160018335962e+03
   11000           -7.66570934e+04            6.36294309e+00            9.93665929e-01            1.00639201e+00     6.861756122684414e+03     6.862550698975367e+03     6.863345495473672e+03     6.864140140661190e+03     6.864934814951016e+03     6.868113507217618e+03
   11200           -7.64151697e+04            3.74640910e+00            9.96267963e-01            1.00376085e+00     6.873537267067438e+03     6.874005364078213e+03     6.874473666489798e+03     6.874941820776978e+03     6.875410006889109e+03     6.877282746710781e+03
   11400           -7.66324313e+04            4.94892710e-01            9.99515701e-01            1.00050550e+00     6.904284398662217e+03     6.904345698992965e+03     6.904407200739872e+03     6.904468556073312e+03     6.904529943280713e+03     6.904775487899209e+03
   11600           -7.67028827e+04            5.91117984e-01            9.99418377e-01            1.00060062e+00     6.865580687373509e+03     6.865654022620604e+03     6.865727512026585e+03     6.865800872122130e+03     6.865874268432767e+03     6.866167849492025e+03
   11800           -7.67187785e+04            3.49086631e+00            9.96524749e-01            1.00350656e+00     6.851883719315671e+03     6.852319428676626e+03     6.852755341980735e+03     6.853191105794634e+03     6.853626902803025e+03     6.855370086290378e+03
   12000           -7.68809009e+04            2.57851940e+00            9.97434133e-01            1.00259123e+00     6.914278333469550e+03     6.914599971022661e+03     6.914921866983820e+03     6.915243576976821e+03     6.915565326659537e+03     6.916852319849525e+03
   12200           -7.68083530e+04            2.84760436e+00            9.97165791e-01            1.00286106e+00     6.816865747925452e+03     6.817220995571861e+03     6.817576451994385e+03     6.817931750113753e+03     6.818287085785267e+03     6.819708423645081e+03
   12400           -7.66056732e+04            2.44755173e+00            9.97564663e-01            1.00245982e+00     6.921686705116241e+03     6.921992277180430e+03     6.922298089417056e+03     6.922603731727934e+03     6.922909409198747e+03     6.924132113281254e+03
   12600           -7.68173314e+04            7.94835475e-01            9.99215253e-01            1.00080494e+00     6.909171809066283e+03     6.909270505026519e+03     6.909369370967762e+03     6.909468115564654e+03     6.909566885686644e+03     6.909961962307006e+03
   12800           -7.66957831e+04            3.39252892e+00            9.96620968e-01            1.00340609e+00     6.815286700452201e+03     6.815710237174320e+03     6.816133982164766e+03     6.816557585272881e+03     6.816981215249029e+03     6.818675730045855e+03
   13000           -7.66806803e+04            5.80565386e+00            9.94221474e-01            1.00583297e+00     6.837175779071226e+03     6.837900945733705e+03     6.838626316835181e+03     6.839351533614979e+03     6.840076786376137e+03     6.842977793681048e+03
   13200           -7.66144093e+04            4.56489574e-01            9.99553085e-01            1.00046607e+00     6.893123252644335e+03     6.893179606775902e+03     6.893236176941988e+03     6.893292579951924e+03     6.893349023792796e+03     6.893574794941258e+03
   13400           -7.67278624e+04            2.49742395e+00            9.97516197e-01            1.00251110e+00     6.850131702310056e+03     6.850443334223381e+03     6.850755183291349e+03     6.851066878970328e+03     6.851378606085951e+03     6.852625509861847e+03
   13600           -7.67997559e+04            3.87011212e+00            9.96146219e-01            1.00388653e+00     6.848087091769279e+03     6.848570160048909e+03     6.849053436677515e+03     6.849536548591564e+03     6.850019702322815e+03     6.851952312876347e+03
   13800           -7.65989229e+04            1.82803967e+00            9.98185050e-01            1.00184117e+00     6.877410391418398e+03     6.877638465460743e+03     6.877866741283658e+03     6.878094872477418e+03     6.878323034121181e+03     6.879235676823963e+03
   14000           -7.66570038e+04            6.63105286e-01            9.99346209e-01            1.00067243e+00     6.864854357060407e+03     6.864936887154611e+03     6.865019585503338e+03     6.865102137679234e+03     6.865184732879186e+03     6.865515108697963e+03
   14200           -7.65756126e+04            2.42547200e+00            9.97586860e-01            1.00243785e+00     6.881889962804486e+03     6.882192809981458e+03     6.882495900870455e+03     6.882798831600998e+03     6.883101789459815e+03     6.884313616115144e+03
   14400           -7.65621494e+04            7.98657880e-01            9.99209435e-01            1.00080676e+00     6.885961608626063e+03     6.886060913098287e+03     6.886160390338383e+03     6.886259723927521e+03     6.886359097602804e+03     6.886756586579547e+03
   14600           -7.67298618e+04            3.78183588e+00            9.96234920e-01            1.00379868e+00     6.826497756157227e+03     6.826969807138074e+03     6.827442075652909e+03     6.827914187726793e+03     6.828386333234129e+03     6.830274910311030e+03
   14800           -7.67065344e+04            1.14316339e+00            9.98867713e-01            1.00115406e+00     6.817262503517795e+03     6.817404765170091e+03     6.817547272673102e+03     6.817689600841690e+03     6.817831967894273e+03     6.818401432270753e+03
   15000           -7.65210640e+04            2.45257043e+00            9.97560668e-01            1.00246586e+00     6.881286169910136e+03     6.881592129003689e+03     6.881898331199921e+03     6.882204368258550e+03     6.882510435915994e+03     6.883734701921852e+03
   15200           -7.66174774e+04            1.89956031e+00            9.98110420e-01            1.00190957e+00     6.831005717543469e+03     6.831242405224445e+03     6.831479305902164e+03     6.831716051632383e+03     6.831952831820686e+03     6.832899946097902e+03
   15400           -7.68045597e+04            6.73308679e-01            9.99333618e-01            1.00068024e+00     6.880016699772718e+03     6.880100620850611e+03     6.880184694659607e+03     6.880268663606732e+03     6.880352653081243e+03     6.880688606389767e+03
   15600           -7.67806822e+04            5.57070635e-01            9.99451444e-01            1.00056559e+00     6.803388720383314e+03     6.803457974514244e+03     6.803527422378775e+03     6.803596729412206e+03     6.803666067286760e+03     6.803943414190206e+03
   15800           -7.68646005e+04            4.77908420e+00            9.95242242e-01            1.00480054e+00     6.866848775109846e+03     6.867445572932372e+03     6.868042573416632e+03     6.868639432848199e+03     6.869236320323183e+03     6.871623865536518e+03
   16000           -7.67662200e+04            3.16679131e-01            9.99690932e-01            1.00032430e+00     6.844449801552688e+03     6.844488855277510e+03     6.844528124669451e+03     6.844567252501469e+03     6.844606404474765e+03     6.844763007396843e+03
   16200           -7.67442818e+04            1.44967231e+00            9.98560881e-01            1.00146025e+00     6.810250484850029e+03     6.810431033177877e+03     6.810611780287350e+03     6.810792372487082e+03     6.810973002949489e+03     6.811695521048950e+03
   16400           -7.67747781e+04            1.21811384e+00            9.98790538e-01            1.00122679e+00     6.935604292613779e+03     6.935756039656641e+03     6.935908021181711e+03     6.936059833673772e+03     6.936211682231575e+03     6.936819071849371e+03
   16600           -7.68226631e+04            1.61544328e+00            9.98395339e-01            1.00162626e+00     6.835760028396365e+03     6.835961343183501e+03     6.836162870614913e+03     6.836364241898659e+03     6.836565648170962e+03     6.837371267945559e+03
   16800           -7.68523203e+04            2.33486044e+00            9.97678639e-01            1.00234841e+00     6.789742140912203e+03     6.790033090221498e+03     6.790324233425693e+03     6.790615234584766e+03     6.790906267346261e+03     6.792070393780320e+03
   17000           -7.67422407e+04            1.04899656e+00            9.98958489e-01            1.00105650e+00     6.850083994595473e+03     6.850214157224237e+03     6.850344526854840e+03     6.850474744603023e+03     6.850604996004947e+03     6.851125997414421e+03
   17200           -7.66303619e+04            1.14123104e+00            9.98871047e-01            1.00115354e+00     6.827701955922932e+03     6.827844228959290e+03     6.827986689782139e+03     6.828129017360492e+03     6.828271372444227e+03     6.828840788965523e+03
   17400           -7.64978420e+04            1.60764577e+00            9.98403675e-01            1.00161900e+00     6.914620555014835e+03     6.914820936983987e+03     6.915021514837377e+03     6.915221948054800e+03     6.915422413820776e+03     6.916224272626716e+03
   17600           -7.66804799e+04            1.30701919e+00            9.98703565e-01            1.00131763e+00     6.875342577724941e+03     6.875505362129225e+03     6.875668353544309e+03     6.875831188485585e+03     6.875994060662759e+03     6.876645543600577e+03
   17800           -7.65323151e+04            1.86068411e+00            9.98149574e-01            1.00187098e+00     6.768773078694255e+03     6.769004968371912e+03     6.769237040020378e+03     6.769468973409694e+03     6.769700939957750e+03     6.770628801221244e+03
   18000           -7.65679043e+04            3.96160791e+00            9.96054829e-01            1.00397813e+00     6.813567499285265e+03     6.814061956092374e+03     6.814556616567836e+03     6.815051126955408e+03     6.815545670788939e+03     6.817523842292613e+03
   18200           -7.65748167e+04            7.23605534e-01            9.99284299e-01            1.00073152e+00     6.809212951408617e+03     6.809302820552066e+03     6.809392882297045e+03     6.809482802625665e+03     6.809572754807615e+03     6.809932558206612e+03
   18400           -7.67629215e+04            1.96933716e+00            9.98041020e-01            1.00197973e+00     6.848716170945535e+03     6.848961507170764e+03     6.849207090277222e+03     6.849452496799965e+03     6.849697940155268e+03     6.850679709365002e+03
   18600           -7.67441502e+04            3.90331071e-01            9.99619406e-01            1.00040008e+00     6.818094989518533e+03     6.818143163469961e+03     6.818191516772603e+03     6.818239738319010e+03     6.818287989711130e+03     6.818480989903727e+03
   18800           -7.68162094e+04            1.66558724e+00            9.98345707e-01            1.00167692e+00     6.831493772673119e+03     6.831701053867065e+03     6.831908547636586e+03     6.832115883986939e+03     6.832323256217045e+03     6.833152739760972e+03
   19000           -7.65408336e+04            9.68448474e-01            9.99040798e-01            1.00097771e+00     6.829742439675664e+03     6.829862778122250e+03     6.829983317901357e+03     6.830103711534055e+03     6.830224137139844e+03     6.830705834604023e+03
   19200           -7.67437568e+04            2.26031235e+00            9.97751654e-01            1.00227233e+00     6.803944686898404e+03     6.804226543298349e+03     6.804508636803083e+03     6.804790565610809e+03     6.805072526979782e+03     6.806200367061159e+03
   19400           -7.65806029e+04            3.43647425e+00            9.96575055e-01            1.00344806e+00     6.873744350170153e+03     6.874173537145974e+03     6.874602896826944e+03     6.875032119564021e+03     6.875461377972929e+03     6.877178405775706e+03
   19600           -7.66030535e+04            1.16294403e+00            9.98846199e-01            1.00117211e+00     6.792391876673516e+03     6.792536815831017e+03     6.792681991710972e+03     6.792826992130651e+03     6.792972032658970e+03     6.793552188644426e+03
   19800           -7.67547053e+04            1.88824865e+00            9.98122029e-01            1.00189856e+00     6.841624963702031e+03     6.841860591752229e+03     6.842096387582017e+03     6.842332051628323e+03     6.842567749284686e+03     6.843510534867341e+03
   20000           -7.67951834e+04            7.77941445e+00            9.92260633e-01            1.00781977e+00     6.828071059074725e+03     6.829042846864409e+03     6.830014905183371e+03     6.830986779519829e+03     6.831958687728733e+03     6.835846316382741e+03
   20200           -7.66858106e+04            1.60737858e+00            9.98402888e-01            1.00161768e+00     6.867034553253357e+03     6.867234844451887e+03     6.867435315518381e+03     6.867635645954097e+03     6.867836011854421e+03     6.868637470455484e+03
   20400           -7.68032255e+04            2.82616046e+00            9.97188738e-01            1.00284113e+00     6.853580127430972e+03     6.853932521369499e+03     6.854285130458395e+03     6.854637584322792e+03     6.854990071356292e+03     6.856400015281612e+03
   20600           -7.66458891e+04            2.06220913e+00            9.97948031e-01            1.00207249e+00     6.817634400393723e+03     6.817891735523696e+03     6.818149277216420e+03     6.818406674570009e+03     6.818664101109541e+03     6.819693801825358e+03
   20800           -7.66900469e+04            7.47812316e-01            9.99262487e-01            1.00075813e+00     6.782999809793618e+03     6.783092390735336e+03     6.783185164729622e+03     6.783277802866325e+03     6.783370469269023e+03     6.783741128744427e+03
   21000           -7.66401965e+04            2.78171844e+00            9.97231777e-01            1.00279527e+00     6.863443191816315e+03     6.863790294628936e+03     6.864137592883720e+03     6.864484748191028e+03     6.864831935059502e+03     6.866220678302689e+03
   21200           -7.68406613e+04            3.47003394e+00            9.96543466e-01            1.00348360e+00     6.769395010149554e+03     6.769828290535722e+03     6.770261750308947e+03     6.770695069922592e+03     6.771128425232338e+03     6.772861840315121e+03
   21400           -7.67312847e+04            1.65689262e+00            9.98353211e-01            1.00166703e+00     6.786318717550424e+03     6.786525407766869e+03     6.786732338290163e+03     6.786939098657059e+03     6.787145893746108e+03     6.787973069941793e+03
   21600           -7.67483030e+04            1.11032815e+00            9.98898963e-01            1.00111964e+00     6.850882227375766e+03     6.851020595798356e+03     6.851159216335393e+03     6.851297654698178e+03     6.851436132018024e+03     6.851990036660283e+03
   21800           -7.66236383e+04            8.30865355e-01            9.99177658e-01            1.00083940e+00     6.777985526961207e+03     6.778088893983016e+03     6.778192488156942e+03     6.778295927823530e+03     6.778399396435047e+03     6.778813265908888e+03
   22000           -7.64464104e+04            2.68024841e+00            9.97332506e-01            1.00269306e+00     6.754838048212147e+03     6.755172408795366e+03     6.755506961753103e+03     6.755841363899444e+03     6.756175804358868e+03     6.757513560505589e+03
   22200           -7.65352376e+04            1.41919269e+00            9.98592382e-01            1.00143080e+00     6.744724597357716e+03     6.744901470115671e+03     6.745078555177385e+03     6.745255485215454e+03     6.745432449505459e+03     6.746140301653203e+03
   22400           -7.66795241e+04            2.61071573e+00            9.97401799e-01            1.00262328e+00     6.731048266369561e+03     6.731373932271475e+03     6.731699810775845e+03     6.732025540311144e+03     6.732351299922696e+03     6.733654333475830e+03
   22600           -7.64309489e+04            1.67316415e+00            9.98337319e-01            1.00168368e+00     6.816090178260075e+03     6.816298639882832e+03     6.816507360027143e+03     6.816715898713662e+03     6.816924474228354e+03     6.817758770196632e+03
   22800           -7.66156692e+04            1.11750399e+00            9.98890221e-01            1.00112524e+00     6.820303547095005e+03     6.820442698171983e+03     6.820582042017762e+03     6.820721249273792e+03     6.820860485253532e+03     6.821417423412059e+03
   23000           -7.65925943e+04            1.96885597e+00            9.98041328e-01            1.00197908e+00     6.846753502289535e+03     6.846999292435778e+03     6.847245243195805e+03     6.847491058904204e+03     6.847736912617277e+03     6.848720322945019e+03
   23200           -7.66182642e+04            1.77373014e+00            9.98237275e-01            1.00178477e+00     6.795473507735496e+03     6.795694574837590e+03     6.795915798344792e+03     6.796136890236017e+03     6.796358019261488e+03     6.797242530787480e+03
   23400           -7.65561202e+04            1.36248555e+00            9.98647187e-01            1.00137218e+00     6.800042854451060e+03     6.800212700571802e+03     6.800382770788968e+03     6.800552674918657e+03     6.800722616621812e+03     6.801402378792563e+03
   23600           -7.65600727e+04            2.34373803e+00            9.97666486e-01            1.00235400e+00     6.782799765480561e+03     6.783092208966869e+03     6.783384843417834e+03     6.783677328694836e+03     6.783969851220430e+03     6.785139936960299e+03
   23800           -7.66793784e+04            1.83853257e+00            9.98173199e-01            1.00185030e+00     6.803305119861258e+03     6.803534369434650e+03     6.803763832151147e+03     6.803993147438459e+03     6.804222491798209e+03     6.805139863735159e+03
   24000           -7.67089070e+04            1.42959932e+00            9.98580274e-01            1.00143950e+00     6.875713348090587e+03     6.875891268598146e+03     6.876069353692195e+03     6.876247314120308e+03     6.876425304201642e+03     6.877137260312696e+03
   24200           -7.68396215e+04            2.36530435e+00            9.97648760e-01            1.00237943e+00     6.830793891582499e+03     6.831088683091174e+03     6.831383631500798e+03     6.831678462679957e+03     6.831973320998598e+03     6.833152750414698e+03
   24400           -7.69118800e+04            3.13472595e+00            9.96880800e-01            1.00315033e+00     6.768447092178433e+03     6.768838090922884e+03     6.769229305830292e+03     6.769620372223304e+03     6.770011467412829e+03     6.771575842647226e+03
   24600           -7.68639399e+04            1.11591548e+00            9.98895322e-01            1.00112718e+00     6.728479694954351e+03     6.728618640539966e+03     6.728757816031710e+03     6.728896831253919e+03     6.729035878217447e+03     6.729592061480545e+03
   24800           -7.67910621e+04            2.61708642e+00            9.97396282e-01            1.00263051e+00     6.796854589114862e+03     6.797181105849922e+03     6.797507839871050e+03     6.797834427935024e+03     6.798161042548543e+03     6.799467495982224e+03
   25000           -7.66860319e+04            1.76173713e+00            9.98249921e-01            1.00177343e+00     6.727233440042927e+03     6.727452722584210e+03     6.727672257912015e+03     6.727891613563022e+03     6.728111006530577e+03     6.728988573018226e+03
   25200           -7.69225224e+04            2.07905647e+00            9.97931279e-01            1.00208943e+00     6.851060030096432e+03     6.851319107551682e+03     6.851578396883549e+03     6.851837540298950e+03     6.852096712306276e+03     6.853133394516121e+03
   25400           -7.68315177e+04            2.19979915e+00            9.97813357e-01            1.00221301e+00     6.895446663148000e+03     6.895721222684267e+03     6.895995986411609e+03     6.896270602651150e+03     6.896545250652169e+03     6.897643838156338e+03
   25600           -7.68843335e+04            1.31026400e+00            9.98699548e-01            1.00132010e+00     6.842938734750130e+03     6.843101772047650e+03     6.843265026810458e+03     6.843428127724958e+03     6.843591260253968e+03     6.844243785757807e+03
   25800           -7.67775096e+04            4.33038171e+00            9.95685853e-01            1.00434670e+00     6.848109908762377e+03     6.848650568670992e+03     6.849191498711617e+03     6.849732248743981e+03     6.850273030486114e+03     6.852436152209852e+03
   26000           -7.66168879e+04            1.75512340e+00            9.98255756e-01            1.00176604e+00     6.821643864818526e+03     6.821862680379979e+03     6.822081674551874e+03     6.822300529062270e+03     6.822519419216495e+03     6.823394973614466e+03
   26200           -7.66519286e+04            1.50135271e+00            9.98510064e-01            1.00151280e+00     6.773378260811639e+03     6.773565357167638e+03     6.773752663494553e+03     6.773939821530068e+03     6.774127009878557e+03     6.774875758945475e+03
   26400           -7.67814978e+04            2.56356946e+00            9.97448849e-01            1.00257604e+00     6.841635001293484e+03     6.841954739082931e+03     6.842274683402273e+03     6.842594470057535e+03     6.842914294611714e+03     6.844193587929944e+03
   26600           -7.64364340e+04            1.76936790e+00            9.98244732e-01            1.00178351e+00     6.737870809218113e+03     6.738091324767442e+03     6.738312080363752e+03     6.738532661443863e+03     6.738753280514460e+03     6.739635751810808e+03
   26800           -7.67339182e+04            5.93932278e-01            9.99411154e-01            1.00059902e+00     6.845085622198659e+03     6.845159398285782e+03     6.845233360755507e+03     6.845307185073192e+03     6.845381041161511e+03     6.845676460124367e+03
   27000           -7.65494636e+04            2.38668763e+00            9.97623872e-01            1.00239729e+00     6.828545150117947e+03     6.828843005853032e+03     6.829141060339874e+03     6.829438965925666e+03     6.829736906209949e+03     6.830928662301950e+03
   27200           -7.65762082e+04            6.00320438e-01            9.99407946e-01            1.00060860e+00     6.860735695360487e+03     6.860810249006336e+03     6.860885015403994e+03     6.860959642964934e+03     6.861034293701238e+03     6.861332892041990e+03
   27400           -7.66766271e+04            2.42644042e+00            9.97584871e-01            1.00243780e+00     6.855434448012146e+03     6.855736982489562e+03     6.856039691592763e+03     6.856342270950313e+03     6.856644880356021e+03     6.857855312699896e+03
   27600           -7.66326262e+04            7.22575603e-01            9.99287021e-01            1.00073219e+00     6.759290605155092e+03     6.759380297584657e+03     6.759470148214516e+03     6.759559863062424e+03     6.759649617232273e+03     6.760008629309454e+03
   27800           -7.66032779e+04            4.74477196e-01            9.99533184e-01            1.00048215e+00     6.762271665740733e+03     6.762330463159041e+03     6.762389472713837e+03     6.762448326983076e+03     6.762507215717425e+03     6.762742765694117e+03
   28000           -7.66753930e+04            1.18419449e+00            9.98824140e-01            1.00119255e+00     6.814457646006252e+03     6.814605514383090e+03     6.814753580301951e+03     6.814901508707710e+03     6.815049464487797e+03     6.815641282969343e+03
   28200           -7.65117416e+04            1.11128696e+00            9.98901474e-01            1.00112408e+00     6.854655005480990e+03     6.854793181402490e+03     6.854931588493619e+03     6.855069829565799e+03     6.855208106174662e+03     6.855761206868336e+03
   28400           -7.67595733e+04            2.52926649e+00            9.97483615e-01            1.00254220e+00     6.883217299652731e+03     6.883532890792495e+03     6.883848686198010e+03     6.884164324923615e+03     6.884480001557191e+03     6.885742703461650e+03
   28600           -7.67957997e+04            1.52191459e+00            9.98489708e-01            1.00153357e+00     6.880206040911896e+03     6.880395289401511e+03     6.880584779697449e+03     6.880774108229584e+03     6.880963465553425e+03     6.881720890194953e+03
   28800           -7.66940536e+04            5.81271863e-01            9.99429795e-01            1.00059235e+00     6.885948791762035e+03     6.886020611766792e+03     6.886092662627542e+03     6.886164548019799e+03     6.886236468555747e+03     6.886524145349458e+03
   29000           -7.67251115e+04            2.01807215e+00            9.97993057e-01            1.00202924e+00     6.862244212430515e+03     6.862495847739166e+03     6.862747618355768e+03     6.862999285626401e+03     6.863250978173744e+03     6.864257743916973e+03
   29200           -7.67122006e+04            2.12019677e+00            9.97889620e-01            1.00213005e+00     6.811597105386702e+03     6.811861572636391e+03     6.812126231343592e+03     6.812390743620385e+03     6.812655291323704e+03     6.813713477260706e+03
   29400           -7.66548884e+04            8.87445322e-01            9.99120722e-01            1.00089563e+00     6.836430386235831e+03     6.836540824493361e+03     6.836651545721012e+03     6.836762070502074e+03     6.836872633327110e+03     6.837314880418388e+03
   29600           -7.67203388e+04            3.24865653e+00            9.96764174e-01            1.00326155e+00     6.812741341902357e+03     6.813146850692712e+03     6.813552547117221e+03     6.813958103581720e+03     6.814363692329302e+03     6.815986042756247e+03
   29800           -7.65794025e+04            6.55335322e+00            9.93477142e-01            1.00658406e+00     6.715985866348358e+03     6.716804383955374e+03     6.717623101583618e+03     6.718441664923568e+03     6.719260265740311e+03     6.722534665132264e+03
   30000           -7.64268586e+04            1.50932779e+00            9.98502127e-01            1.00152081e+00     6.876118260569235e+03     6.876306318386275e+03     6.876494610255394e+03     6.876682743411765e+03     6.876870906032242e+03     6.877623551495248e+03
   30200           -7.67954194e+04            3.29874590e+00            9.96716047e-01            1.00331361e+00     6.836473526076586e+03     6.836885629365198e+03     6.837297899740414e+03     6.837710028862064e+03     6.838122198167776e+03     6.839770870258966e+03
   30400           -7.68761403e+04            5.44392968e+00            9.94579609e-01            1.00546762e+00     6.816606323289911e+03     6.817286482578601e+03     6.817966822720964e+03     6.818647016489301e+03     6.819327249197617e+03     6.822048175105323e+03
   30600           -7.65410072e+04            2.81151646e+00            9.97200725e-01            1.00282381e+00     6.827206262440286e+03     6.827557244424713e+03     6.827908499184641e+03     6.828259572340459e+03     6.828610677276333e+03     6.830015092112380e+03
   30800           -7.66951265e+04            1.96698643e+00            9.98043206e-01            1.00197721e+00     6.874782537375716e+03     6.875028023625315e+03     6.875273696980369e+03     6.875519222814952e+03     6.875764786020220e+03     6.876747034664723e+03
   31000           -7.69959452e+04            2.67885298e+00            9.97331417e-01            1.00268917e+00     6.764490684595243e+03     6.764825303212202e+03     6.765160151293215e+03     6.765494826011195e+03     6.765829541476286e+03     6.767168398357330e+03
   31200           -7.67114067e+04            1.52601891e+00            9.98483288e-01            1.00153535e+00     6.851897723979981e+03     6.852087713295137e+03     6.852277921318174e+03     6.852467964760877e+03     6.852658046526377e+03     6.853418369072773e+03
   31400           -7.65873531e+04            2.13743265e+00            9.97872462e-01            1.00214736e+00     6.827331315569530e+03     6.827597977109250e+03     6.827864830318556e+03     6.828131540684442e+03     6.828398284097010e+03     6.829465252624490e+03
   31600           -7.65217496e+04            2.65813883e+00            9.97355116e-01            1.00267145e+00     6.826147485601005e+03     6.826479128289097e+03     6.826811012622215e+03     6.827142731964102e+03     6.827474482436468e+03     6.828801479271931e+03
   31800           -7.67063170e+04            2.12979421e+00            9.97883951e-01            1.00214359e+00     6.726430605651355e+03     6.726696041967395e+03     6.726961713404862e+03     6.727227213224355e+03     6.727492750641357e+03     6.728554895631361e+03
   32000           -7.66895167e+04            2.40481660e+00            9.97608157e-01            1.00241784e+00     6.781583724449130e+03     6.781883415334549e+03     6.782183292814648e+03     6.782483029780087e+03     6.782782799910895e+03     6.783981875372659e+03
   32200           -7.68134104e+04            2.14217397e+00            9.97867953e-01            1.00215234e+00     6.771212279131014e+03     6.771479543155201e+03     6.771746997857293e+03     6.772014313526647e+03     6.772281659663367e+03     6.773351040195718e+03
   32400           -7.69314677e+04            3.19661941e+00            9.96819753e-01            1.00321307e+00     6.800001282296987e+03     6.800400435487567e+03     6.800799796599982e+03     6.801199004047486e+03     6.801598246336062e+03     6.803195210375139e+03
   32600           -7.66970097e+04            1.76837096e+00            9.98243659e-01            1.00178044e+00     6.823439991045172e+03     6.823660472104493e+03     6.823881189420298e+03     6.824101752396409e+03     6.824322340935423e+03     6.825204690825673e+03
   32800           -7.65807248e+04            1.94466314e+00            9.98066947e-01            1.00195631e+00     6.874996485832249e+03     6.875238941623727e+03     6.875481612762710e+03     6.875724127486508e+03     6.875966676368850e+03     6.876936866905451e+03
   33000           -7.66194029e+04            4.57142256e-01            9.99550284e-01            1.00046458e+00     6.904045051495470e+03     6.904101670067886e+03     6.904158523000042e+03     6.904215214246174e+03     6.904271936819739e+03     6.904498822144006e+03
   33200           -7.65038075e+04            1.82882581e+00            9.98181573e-01            1.00183926e+00     6.828195169554535e+03     6.828423434623423e+03     6.828651892723968e+03     6.828880204171762e+03     6.829108550705190e+03     6.830021931855845e+03
   33400           -7.66913449e+04            2.41952849e+00            9.97591418e-01            1.00243052e+00     6.860231958878849e+03     6.860533939836188e+03     6.860836098564620e+03     6.861138133513041e+03     6.861440193493238e+03     6.862648428107626e+03
   33600           -7.66723313e+04            1.88278180e+00            9.98127714e-01            1.00189331e+00     6.871642007667048e+03     6.871877021270844e+03     6.872112169812204e+03     6.872347199244141e+03     6.872582264594616e+03     6.873522521522184e+03
   33800           -7.66483491e+04            2.37761207e+00            9.97631798e-01            1.00238706e+00     6.863483586270301e+03     6.863780474842660e+03     6.864077591982973e+03     6.864374549387305e+03     6.864671538230520e+03     6.865859490190740e+03
   34000           -7.64197211e+04            2.96054930e+00            9.97052697e-01            1.00297386e+00     6.871462649185393e+03     6.871831998445708e+03     6.872201535728487e+03     6.872570916913820e+03     6.872940340905799e+03     6.874418032626205e+03
   34200           -7.64507098e+04            2.07134351e+00            9.97937379e-01            1.00208010e+00     6.867872991028828e+03     6.868131328032503e+03     6.868389868522322e+03     6.868648256629772e+03     6.868906680170467e+03     6.869940369312106e+03
   34400           -7.66822578e+04            4.83297750e-01            9.99526059e-01            1.00049266e+00     6.759250612957440e+03     6.759310730034099e+03     6.759371089556298e+03     6.759431286625819e+03     6.759491512843244e+03     6.759732412729048e+03
   34600           -7.65504962e+04            1.23755902e+00            9.98773099e-01            1.00124824e+00     6.860370462005569e+03     6.860524539176417e+03     6.860678841291993e+03     6.860832982861714e+03     6.860987157755908e+03     6.861603853506248e+03
   34800           -7.67587724e+04            5.45405287e+00            9.94568569e-01            1.00547681e+00     6.753644487116801e+03     6.754325780350834e+03     6.755007290870932e+03     6.755688648249218e+03     6.756370036749022e+03     6.759095586381241e+03
   35000           -7.69223088e+04            1.40225016e+00            9.98607707e-01            1.00141223e+00     6.773084811000295e+03     6.773259718116460e+03     6.773434823963471e+03     6.773609771368150e+03     6.773784759587335e+03     6.774484708174376e+03
   35200           -7.66629243e+04            7.28855833e-01            9.99281294e-01            1.00073902e+00     6.860861177201326e+03     6.860951705451792e+03     6.861042461147101e+03     6.861133050840759e+03     6.861223677037147e+03     6.861586176872969e+03
   35400           -7.66273215e+04            2.44948913e+00            9.97562449e-01            1.00246148e+00     6.816613991043100e+03     6.816919444746716e+03     6.817225080319584e+03     6.817530569013996e+03     6.817836096653615e+03     6.819058202264128e+03
   35600           -7.67821388e+04            2.62362372e+00            9.97387984e-01            1.00263528e+00     6.891990732839592e+03     6.892318241462638e+03     6.892645911652320e+03     6.892973445811946e+03     6.893301018382851e+03     6.894611303926109e+03
   35800           -7.68966336e+04            1.57824183e+00            9.98430499e-01            1.00158701e+00     6.848155522892137e+03     6.848352234789454e+03     6.848549165546986e+03     6.848745930988641e+03     6.848942735235486e+03     6.849729947578835e+03
   36000           -7.69577881e+04            1.75825895e+00            9.98252777e-01            1.00176933e+00     6.787240676665833e+03     6.787459788671133e+03     6.787679049252622e+03     6.787898190974431e+03     6.788117363939474e+03     6.788994051213112e+03
   36200           -7.69210598e+04            2.02857616e+00            9.97980846e-01            1.00203803e+00     6.829815372585130e+03     6.830068387249810e+03     6.830321590692664e+03     6.830574639353752e+03     6.830827730039078e+03     6.831840087493026e+03
   36400           -7.69923670e+04            1.49680199e+00            9.98514810e-01            1.00150845e+00     6.859997374598759e+03     6.860183958111597e+03     6.860370753196376e+03     6.860557401055104e+03     6.860744078087799e+03     6.861490781576838e+03
   36600           -7.68615991e+04            2.48850040e+00            9.97525724e-01            1.00250279e+00     6.801653718322550e+03     6.801963958948662e+03     6.802274431679333e+03     6.802584733942934e+03     6.802895074244300e+03     6.804136430166051e+03
   36800           -7.69299894e+04            4.05905895e+00            9.95956519e-01            1.00407472e+00     6.773252966736974e+03     6.773759827619819e+03     6.774266906144186e+03     6.774773826146784e+03     6.775280780972535e+03     6.777308595208095e+03
   37000           -7.68882193e+04            1.65941952e+00            9.98352697e-01            1.00167157e+00     6.793744366499662e+03     6.793951263610415e+03     6.794158365596266e+03     6.794365313749467e+03     6.794572297569086e+03     6.795400228638509e+03
   37200           -7.68328895e+04            1.70038823e+00            9.98312292e-01            1.00171311e+00     6.880407229191513e+03     6.880619348299276e+03     6.880831686321019e+03     6.881043875370050e+03     6.881256092325095e+03     6.882104955458677e+03
   37400           -7.68379046e+04            4.26027168e+00            9.95756913e-01            1.00427755e+00     6.843968113815505e+03     6.844500171548693e+03     6.845032453387264e+03     6.845564581173709e+03     6.846096738691272e+03     6.848225363567039e+03
   37600           -7.69924310e+04            1.55291144e+00            9.98455377e-01            1.00156122e+00     6.831701432541337e+03     6.831895081490203e+03     6.832088903490707e+03     6.832282592322906e+03     6.832476313684570e+03     6.833251194827802e+03
   37800           -7.70444617e+04            3.54961880e-01            9.99655048e-01            1.00036498e+00     6.775458119897981e+03     6.775501901601477e+03     6.775545911245656e+03     6.775589766633596e+03     6.775633650786865e+03     6.775809181675748e+03
   38000           -7.67483538e+04            9.64320342e-01            9.99044165e-01            1.00097282e+00     6.894364584868657e+03     6.894484677617565e+03     6.894604950506253e+03     6.894725089702441e+03     6.894845259653771e+03     6.895325934438885e+03
   38200           -7.66095918e+04            3.38713459e+00            9.96626936e-01            1.00340128e+00     6.806500417087699e+03     6.806923012856935e+03     6.807345858885694e+03     6.807768533723714e+03     6.808191240907917e+03     6.809882064728134e+03
   38400           -7.64995115e+04            1.90252474e+00            9.98110638e-01            1.00191573e+00     6.858134601300035e+03     6.858371998140684e+03     6.858609608405215e+03     6.858847070768617e+03     6.859084561995367e+03     6.860034522690699e+03
   38600           -7.64985626e+04            2.28358594e+00            9.97728007e-01            1.00229522e+00     6.850114231080848e+03     6.850398941457410e+03     6.850683887182407e+03     6.850968660863878e+03     6.851253472516046e+03     6.852392713951243e+03
   38800           -7.66570284e+04            4.75525886e-01            9.99536800e-01            1.00048786e+00     6.794465091905043e+03     6.794523823235302e+03     6.794582738603373e+03     6.794641511649274e+03     6.794700319886483e+03     6.794935547867923e+03
   39000           -7.65231982e+04            1.70488116e+00            9.98305212e-01            1.00171501e+00     6.798567584863685e+03     6.798779955403365e+03     6.798992503863489e+03     6.799204913666491e+03     6.799417358117159e+03     6.800267131370633e+03
   39200           -7.67515286e+04            3.38792930e+00            9.96626561e-01            1.00340249e+00     6.781684414383127e+03     6.782107114085650e+03     6.782529994023539e+03     6.782952745470549e+03     6.783375523924487e+03     6.785066633465849e+03
   39400           -7.67980447e+04            1.93552461e+00            9.98075060e-01            1.00194615e+00     6.791458636377622e+03     6.791700232557789e+03     6.791941991496405e+03     6.792183627881345e+03     6.792425293422755e+03     6.793391950467890e+03
   39600           -7.66304415e+04            7.10608062e-01            9.99298320e-01            1.00071955e+00     6.739778477101896e+03     6.739866899446996e+03     6.739955533904686e+03     6.740044022706397e+03     6.740132539319191e+03     6.740486601536487e+03
   39800           -7.67698811e+04            8.15231159e-01            9.99196814e-01            1.00082730e+00     6.834140786823859e+03     6.834242246386542e+03     6.834343904007997e+03     6.834445412067463e+03     6.834546955203409e+03     6.834953123582958e+03
   40000           -7.68723109e+04            1.28645239e+00            9.98722819e-01            1.00129575e+00     6.810964995379374e+03     6.811125053748149e+03     6.811285336102826e+03     6.811445465179944e+03     6.811605623430730e+03     6.812246251482085e+03
   40200           -7.67892827e+04            1.73112363e+00            9.98279068e-01            1.00174135e+00     6.872104227234156e+03     6.872319876122465e+03     6.872535764511134e+03     6.872751481564009e+03     6.872967234807706e+03     6.873830242381256e+03
   40400           -7.68506521e+04            1.21291116e+00            9.98797762e-01            1.00122361e+00     6.887708784431838e+03     6.887859819487323e+03     6.888011048733420e+03     6.888162124903602e+03     6.888313240032808e+03     6.888917695633776e+03
   40600           -7.66605513e+04            2.57014843e+00            9.97440724e-01            1.00258107e+00     6.766757360176619e+03     6.767078203498579e+03     6.767399272264094e+03     6.767720170586926e+03     6.768041109318218e+03     6.769324858459819e+03
   40800           -7.68375980e+04            7.95860184e-01            9.99212224e-01            1.00080396e+00     6.717028312642568e+03     6.717127320937713e+03     6.717226544655042e+03     6.717325612651284e+03     6.717424714310977e+03     6.717821115979385e+03
   41000           -7.65756185e+04            2.37601627e+00            9.97635387e-01            1.00238746e+00     6.768443277246480e+03     6.768739904283405e+03     6.769036732766357e+03     6.769333418146790e+03     6.769630133540563e+03     6.770816989834646e+03
   41200           -7.67567655e+04            9.10489410e-01            9.99097788e-01            1.00091878e+00     6.768161210022461e+03     6.768274137322346e+03     6.768387263356064e+03     6.768500239320033e+03     6.768613250617306e+03     6.769065291212150e+03
   41400           -7.67745142e+04            1.64225951e+00            9.98367476e-01            1.00165202e+00     6.859331435534818e+03     6.859536291554317e+03     6.859741349724775e+03     6.859946250682003e+03     6.860151190255400e+03     6.860970944975984e+03
   41600           -7.69286593e+04            1.58330868e+00            9.98429449e-01            1.00159610e+00     6.814100058521265e+03     6.814297199287656e+03     6.814494520859928e+03     6.814691696101486e+03     6.814888910280035e+03     6.815677762038805e+03
   41800           -7.68900677e+04            3.00700577e+00            9.97007360e-01            1.00302144e+00     6.763832159315971e+03     6.764207750581563e+03     6.764583513312698e+03     6.764959137445706e+03     6.765334798058903e+03     6.766837436801836e+03
   42000           -7.69198370e+04            2.28423647e+00            9.97727318e-01            1.00229584e+00     6.763675558520618e+03     6.763960446865064e+03     6.764245515504615e+03     6.764530439123925e+03     6.764815400824593e+03     6.765955243128567e+03
   42200           -7.68149270e+04            1.62866521e+00            9.98382340e-01            1.00163970e+00     6.822807279230657e+03     6.823010520187061e+03     6.823214036520639e+03     6.823417368057711e+03     6.823620732517454e+03     6.824434185804252e+03
   42400           -7.66485695e+04            1.30761937e+00            9.98701678e-01            1.00131694e+00     6.837068434011855e+03     6.837231410729797e+03     6.837394605274454e+03     6.837557633660340e+03     6.837720701360327e+03     6.838372968708798e+03
   42600           -7.67129949e+04            5.43925447e-01            9.99465737e-01            1.00055360e+00     6.866360450520976e+03     6.866427715689172e+03     6.866495206581701e+03     6.866562549435747e+03     6.866629917144497e+03     6.866899383768018e+03
   42800           -7.67909273e+04            4.24536128e+00            9.95774791e-01            1.00426563e+00     6.827761906570812e+03     6.828291732888383e+03     6.828821789192731e+03     6.829351677194391e+03     6.829881602420748e+03     6.832001298270684e+03
   43000           -7.68033007e+04            2.24835702e-01            9.99783566e-01            1.00023324e+00     6.815082946643105e+03     6.815110297514660e+03     6.815137865021117e+03     6.815165277367041e+03     6.815192722990113e+03     6.815302499337120e+03
   43200           -7.69295685e+04            1.56035518e+00            9.98449289e-01            1.00157003e+00     6.899258558447913e+03     6.899453533541824e+03     6.899648731002685e+03     6.899843767822924e+03     6.900038839253397e+03     6.900819120058880e+03
   43400           -7.66843456e+04            5.36526727e+00            9.94659082e-01            1.00538978e+00     6.833221072248451e+03     6.833891131391777e+03     6.834561425641592e+03     6.835231557264386e+03     6.835901720668822e+03     6.838582369089194e+03
   43600           -7.66983958e+04            1.41994455e+00            9.98590228e-01            1.00143014e+00     6.745495982099294e+03     6.745672761274828e+03     6.745849735277209e+03     6.746026558139250e+03     6.746203418057593e+03     6.746910854015896e+03
   43800           -7.68235468e+04            3.76825970e+00            9.96245441e-01            1.00378203e+00     6.879403965052622e+03     6.879874369209363e+03     6.880345006832732e+03     6.880815484270577e+03     6.881285992493154e+03     6.883168019933685e+03
   44000           -7.68195481e+04            3.54299458e+00            9.96472427e-01            1.00355850e+00     6.858836718257361e+03     6.859278932560754e+03     6.859721313834259e+03     6.860163567856303e+03     6.860605852634329e+03     6.862374987011296e+03
   44200           -7.67868584e+04            1.83724121e+00            9.98172433e-01            1.00184695e+00     6.796849794105110e+03     6.797078605508341e+03     6.797307623587829e+03     6.797536486004291e+03     6.797765385086507e+03     6.798680976067905e+03
   44400           -7.67444784e+04            3.08324423e+00            9.96929370e-01            1.00309592e+00     6.801435029263460e+03     6.801819975773281e+03     6.802205089507111e+03     6.802590072816728e+03     6.802975088887722e+03     6.804515148511986e+03
   44600           -7.68064427e+04            1.92626920e+00            9.98083585e-01            1.00193616e+00     6.825791323027505e+03     6.826031619878399e+03     6.826272144413098e+03     6.826512497287724e+03     6.826752890347159e+03     6.827714457666813e+03
   44800           -7.66780150e+04            3.31249938e+00            9.96703553e-01            1.00332863e+00     6.726124656728070e+03     6.726538131776872e+03     6.726951784620663e+03     6.727365297135360e+03     6.727778845210250e+03     6.729433033692431e+03
   45000           -7.69142147e+04            2.15151561e+00            9.97861926e-01            1.00216501e+00     6.727297644646236e+03     6.727565776583816e+03     6.727834105905107e+03     6.728102288297141e+03     6.728370503994978e+03     6.729443363343720e+03
   45200           -7.68709032e+04            1.86609935e+00            9.98146375e-01            1.00187862e+00     6.766148217015637e+03     6.766380548799149e+03     6.766613132780744e+03     6.766845543116476e+03     6.767077986798661e+03     6.768007756581686e+03
   45400           -7.70633169e+04            3.91596717e+00            9.96102130e-01            1.00393417e+00     6.867698008121299e+03     6.868187342773248e+03     6.868676821837515e+03     6.869166177562910e+03     6.869655569015397e+03     6.871613129909496e+03
   45600           -7.67346135e+04            4.55086171e+00            9.95469243e-01            1.00457109e+00     6.766947494360518e+03     6.767515720494286e+03     6.768084150144070e+03     6.768652431334156e+03     6.769220744694194e+03     6.771493995027869e+03
   45800           -7.69946976e+04            2.25620181e+00            9.97755304e-01            1.00226775e+00     6.853559420418513e+03     6.853840705799669e+03     6.854122185278841e+03     6.854403517978501e+03     6.854684885620047e+03     6.855810350821581e+03
   46000           -7.67138469e+04            5.58524061e+00            9.94440143e-01            1.00561079e+00     6.792044949186367e+03     6.792742494827710e+03     6.793440236430954e+03     6.794137851861976e+03     6.794835487783793e+03     6.797626026381219e+03
   46200           -7.66935500e+04            9.70344881e-01            9.99036787e-01            1.00097749e+00     6.759401980708457e+03     6.759522961051172e+03     6.759644153473621e+03     6.759765195363375e+03     6.759886267418853e+03     6.760370554129248e+03
   46400           -7.67835161e+04            3.17967404e+00            9.96837430e-01            1.00319687e+00     6.790219820308338e+03     6.790616525880858e+03     6.791013425246719e+03     6.791410179108890e+03     6.791806966812984e+03     6.793394113317629e+03
   46600           -7.64952967e+04            2.24695915e+00            9.97762844e-01            1.00225680e+00     6.763947107301391e+03     6.764227429964192e+03     6.764507955742751e+03     6.764788336097078e+03     6.765068747323647e+03     6.766190387345901e+03
   46800           -7.68328509e+04            1.75088690e+00            9.98258181e-01            1.00175998e+00     6.793531937014918e+03     6.793750289807694e+03     6.793968845985059e+03     6.794187248729287e+03     6.794405687711937e+03     6.795279438408957e+03
   47000           -7.67799192e+04            2.31765165e+00            9.97692963e-01            1.00232831e+00     6.772810572756003e+03     6.773099789185453e+03     6.773389201125768e+03     6.773678472592866e+03     6.773967774295837e+03     6.775124975835671e+03
   47200           -7.66489662e+04            2.28112041e+00            9.97727962e-01            1.00229024e+00     6.788403164551179e+03     6.788687979160847e+03     6.788972967046179e+03     6.789257819015333e+03     6.789542705141537e+03     6.790682245731895e+03
   47400           -7.66697248e+04            1.30351829e+00            9.98708910e-01            1.00131598e+00     6.817258000726151e+03     6.817420522250934e+03     6.817583273338341e+03     6.817745854116160e+03     6.817908473450154e+03     6.818558946174156e+03
   47600           -7.67106096e+04            2.88227388e+00            9.97130860e-01            1.00289547e+00     6.806793179882888e+03     6.807152721215886e+03     6.807512470605134e+03     6.807872069849646e+03     6.808231701372388e+03     6.809670222861888e+03
   47800           -7.66106778e+04            7.97996027e-01            9.99211145e-01            1.00080715e+00     6.825079540695022e+03     6.825178612929906e+03     6.825277887375488e+03     6.825377009215515e+03     6.825476167171129e+03     6.825872793647237e+03
   48000           -7.66799410e+04            1.91389407e+00            9.98096633e-01            1.00192446e+00     6.797171601174783e+03     6.797410527192948e+03     6.797649643169152e+03     6.797888612732126e+03     6.798127618374282e+03     6.799083635573781e+03
   48200           -7.67182697e+04            3.00561345e+00            9.97010733e-01            1.00302204e+00     6.792940025712256e+03     6.793314943527114e+03     6.793690070978343e+03     6.794065045838859e+03     6.794440054067113e+03     6.795940082421970e+03
   48400           -7.66993591e+04            3.38981641e+00            9.96622877e-01            1.00340257e+00     6.792447512898457e+03     6.792870635703052e+03     6.793293994411665e+03     6.793717190212479e+03     6.794140417678443e+03     6.795833322458428e+03
   48600           -7.69086786e+04            2.40167493e+00            9.97611068e-01            1.00241447e+00     6.887826630254153e+03     6.888126256099218e+03     6.888426035189148e+03     6.888725685963312e+03     6.889025372976463e+03     6.890224115698772e+03
   48800           -7.69437948e+04            3.44786264e+00            9.96565436e-01            1.00346123e+00     6.817959649420475e+03     6.818390090019099e+03     6.818820744170047e+03     6.819251240960048e+03     6.819681772978684e+03     6.821403896536894e+03
   49000           -7.68420155e+04            1.26083294e+00            9.98747660e-01            1.00126935e+00     6.868913250399252e+03     6.869070363036458e+03     6.869227667827144e+03     6.869384822601161e+03     6.869542014869451e+03     6.870170779339649e+03
   49200           -7.67019113e+04            3.43662285e+00            9.96577704e-01            1.00345102e+00     6.797964361850701e+03     6.798393542559244e+03     6.798822922094218e+03     6.799252155999301e+03     6.799681422215472e+03     6.801398482580243e+03
   49400           -7.68887262e+04            1.43916583e+00            9.98569784e-01            1.00144814e+00     6.811172141473420e+03     6.811351223638174e+03     6.811530502475734e+03     6.811709641959457e+03     6.811888810560420e+03     6.812605479647421e+03
   49600           -7.67040922e+04            2.68780958e+00            9.97324389e-01            1.00270006e+00     6.854687754999432e+03     6.855022996001788e+03     6.855358444289747e+03     6.855693733415299e+03     6.856029061091633e+03     6.857370367183833e+03
   49800           -7.68521580e+04            4.78239309e+00            9.95236751e-01            1.00480165e+00     6.813621311614773e+03     6.814218245221676e+03     6.814815369978429e+03     6.815412352161361e+03     6.816009367407358e+03     6.818397423199942e+03
   50000           -7.66818839e+04            1.84713242e+00            9.98168040e-01            1.00186236e+00     6.807243285654466e+03     6.807473639662609e+03     6.807704179533617e+03     6.807934577482069e+03     6.808165010004807e+03     6.809086734355147e+03
