#This file was generated on Thu Apr 27 01:51:48 2023
#Using the somd command, of the molecular library Sire version <2023.1.3> 
#For more information visit: https://github.com/openbiosim/sire
#
#General information on simulation parameters:
#Simulation used 25000 moves, 2 cycles and 200 ps of simulation time
#Generating lambda is		 0.50000
#Alchemical array is		 (0.0, 0.125, 0.25, 0.375, 0.5, 1.0)
#Generating temperature is 	25°C
#Energy was saved every 200 steps 
#
#
#   [step]      [potential kcal/mol]       [gradient kcal/mol]      [forward Metropolis]     [backward Metropolis]                   [u_kl]
#   [step]      [potential kcal/mol]       [gradient kcal/mol]      [forward Metropolis]     [backward Metropolis]                   [u_kl]
     200           -1.33516699e+05            3.03896764e+00            9.96944528e-01            1.00302234e+00     2.419397138412463e+04     2.419434226295506e+04     2.419471399049869e+04     2.419508513080743e+04     2.419545638102045e+04     2.419694137791625e+04
     400           -1.29508955e+05            9.30024116e-01            9.99042582e-01            1.00090258e+00     2.417666512123914e+04     2.417677241958053e+04     2.417688053525376e+04     2.417698806782925e+04     2.417709571788369e+04     2.417752631452823e+04
     600           -1.27028221e+05            1.09327915e+00            9.98872078e-01            1.00105856e+00     2.412366013658757e+04     2.412378879818510e+04     2.412391834902043e+04     2.412404727904308e+04     2.412417632788211e+04     2.412469251917664e+04
     800           -1.25379983e+05            3.55879792e+00            9.96409142e-01            1.00352648e+00     2.404977278189990e+04     2.405020854254568e+04     2.405064516370330e+04     2.405108119250817e+04     2.405151733046685e+04     2.405326187903379e+04
    1000           -1.24541820e+05            3.84039401e+00            9.96140472e-01            1.00382107e+00     2.411590032069835e+04     2.411637148029072e+04     2.411684347794168e+04     2.411731489096889e+04     2.411778641528233e+04     2.411967250986631e+04
    1200           -1.23873490e+05            1.26435097e+00            9.98707374e-01            1.00123600e+00     2.408289857048140e+04     2.408304713947553e+04     2.408319659878874e+04     2.408334542284855e+04     2.408349437470682e+04     2.408409017893224e+04
    1400           -1.23111152e+05            3.96483938e+00            9.96028033e-01            1.00395761e+00     2.417051400817090e+04     2.417100063780840e+04     2.417148811359328e+04     2.417197500993521e+04     2.417246201173007e+04     2.417441001528923e+04
    1600           -1.23058873e+05            5.06952494e+00            9.94894861e-01            1.00503346e+00     2.403744174094448e+04     2.403806789736401e+04     2.403869491281684e+04     2.403932130245779e+04     2.403994782449791e+04     2.404245390805134e+04
    1800           -1.22667677e+05            9.03574263e-01            9.99065324e-01            1.00087242e+00     2.418784003875740e+04     2.418794354804019e+04     2.418804795415073e+04     2.418815177079690e+04     2.418825568288068e+04     2.418867132700397e+04
    2000           -1.22476858e+05            3.47888325e+00            9.96491689e-01            1.00344922e+00     2.422702835515422e+04     2.422745502143945e+04     2.422788257206083e+04     2.422830950081703e+04     2.422873655079629e+04     2.423044474643835e+04
    2200           -1.22257310e+05            1.93832154e+00            9.98027097e-01            1.00190360e+00     2.407330815500048e+04     2.407354148092642e+04     2.407377563129921e+04     2.407400920094912e+04     2.407424288382411e+04     2.407517761264775e+04
    2400           -1.22530054e+05            1.63268964e+00            9.98345724e-01            1.00161103e+00     2.412133669673556e+04     2.412153282071357e+04     2.412172988992063e+04     2.412192630025171e+04     2.412212283604524e+04     2.412290897535493e+04
    2600           -1.22458097e+05            3.71221117e-01            9.99591823e-01            1.00033424e+00     2.408663002864640e+04     2.408666822910877e+04     2.408670721475096e+04     2.408674564508856e+04     2.408678418466866e+04     2.408693834069091e+04
    2800           -1.22566371e+05            5.12774346e+00            9.94857258e-01            1.00511250e+00     2.406538422893068e+04     2.406601789342044e+04     2.406665244346205e+04     2.406728639338625e+04     2.406792045022989e+04     2.407045667152910e+04
    3000           -1.22770825e+05            3.08244703e+00            9.96889295e-01            1.00305399e+00     2.411171288899574e+04     2.411208905934226e+04     2.411246601199509e+04     2.411284242242518e+04     2.411321893473426e+04     2.411472498047278e+04
    3200           -1.22434120e+05            7.99247065e-01            9.99168917e-01            1.00076736e+00     2.404784958970346e+04     2.404793974309864e+04     2.404803075383348e+04     2.404812114842409e+04     2.404821166937371e+04     2.404857374904396e+04
    3400           -1.22596017e+05            9.44913827e-01            9.99033586e-01            1.00092337e+00     2.400591065852395e+04     2.400601977389162e+04     2.400612974378222e+04     2.400623912937299e+04     2.400634862109774e+04     2.400678658367153e+04
    3600           -1.22660141e+05            1.47801083e+00            9.98492565e-01            1.00144850e+00     2.411310685290211e+04     2.411328443979745e+04     2.411346278345133e+04     2.411364058360477e+04     2.411381849562721e+04     2.411453013835230e+04
    3800           -1.22746843e+05            7.84709633e-01            9.99188715e-01            1.00075809e+00     2.400923884370335e+04     2.400932803977200e+04     2.400941813861253e+04     2.400950761248749e+04     2.400959720346326e+04     2.400995556322317e+04
    4000           -1.22615323e+05            6.74733372e-01            9.99302499e-01            1.00065193e+00     2.410781292926966e+04     2.410788735239990e+04     2.410796261087654e+04     2.410803729094448e+04     2.410811207995267e+04     2.410841123063567e+04
    4200           -1.22687875e+05            4.48654631e+00            9.95498257e-01            1.00447115e+00     2.424098697320517e+04     2.424154080589343e+04     2.424209541152675e+04     2.424264946904380e+04     2.424320363542978e+04     2.424542029765439e+04
    4400           -1.22713827e+05            1.63755863e+00            9.98331539e-01            1.00160655e+00     2.436065595682569e+04     2.436085124423225e+04     2.436104743846404e+04     2.436124300293281e+04     2.436143868559928e+04     2.436222141437286e+04
    4600           -1.22854636e+05            1.57079974e+00            9.98395857e-01            1.00153735e+00     2.414600323102407e+04     2.414618936072761e+04     2.414637645781175e+04     2.414656289344340e+04     2.414674944908074e+04     2.414749566713741e+04
    4800           -1.22960062e+05            2.08757410e+00            9.97893406e-01            1.00206847e+00     2.408988837154964e+04     2.409014007653241e+04     2.409039253815423e+04     2.409064447447782e+04     2.409089651003055e+04     2.409190464851147e+04
    5000           -1.22599231e+05            6.18122497e-01            9.99353508e-01            1.00058972e+00     2.405139211585991e+04     2.405145942526467e+04     2.405152755741669e+04     2.405159509774652e+04     2.405166275973895e+04     2.405193340361800e+04
    5200           -1.22657795e+05            1.56804506e+00            9.98405974e-01            1.00154198e+00     2.413005244909942e+04     2.413024061905298e+04     2.413042972476082e+04     2.413061817712742e+04     2.413080675456852e+04     2.413156106003762e+04
    5400           -1.22581993e+05            2.81241658e+00            9.97154862e-01            1.00277950e+00     2.413830188029286e+04     2.413864471986525e+04     2.413898844748065e+04     2.413933154820212e+04     2.413967477155082e+04     2.414104766280877e+04
    5600           -1.22456440e+05            1.25535769e+00            9.98709636e-01            1.00122026e+00     2.415552942265151e+04     2.415567775720226e+04     2.415582704433605e+04     2.415597568754949e+04     2.415612444360884e+04     2.415671946456618e+04
    5800           -1.22275452e+05            4.44041215e+00            9.95544303e-01            1.00442493e+00     2.420647202691357e+04     2.420701857387114e+04     2.420756600620733e+04     2.420811281826084e+04     2.420865975090239e+04     2.421084747489121e+04
    6000           -1.22304728e+05            3.44674466e+00            9.96530891e-01            1.00342420e+00     2.421082344907688e+04     2.421124705549113e+04     2.421167151064250e+04     2.421209537976160e+04     2.421251935845866e+04     2.421421526784044e+04
    6200           -1.22330337e+05            8.58014878e-01            9.99111733e-01            1.00082771e+00     2.426124791605627e+04     2.426134692670535e+04     2.426144678100768e+04     2.426154603578173e+04     2.426164541029701e+04     2.426204290453775e+04
    6400           -1.22432830e+05            6.58963556e+00            9.93398107e-01            1.00657702e+00     2.403042379122804e+04     2.403123850919072e+04     2.403205409499834e+04     2.403286907336289e+04     2.403368416859069e+04     2.403694454595335e+04
    6600           -1.22595978e+05            1.30639415e+00            9.98678741e-01            1.00129149e+00     2.423379595459881e+04     2.423395097136224e+04     2.423410689377999e+04     2.423426218587877e+04     2.423441759743053e+04     2.423503924026224e+04
    6800           -1.22881936e+05            2.33091798e+00            9.97641673e-01            1.00230337e+00     2.425031794757851e+04     2.425060009314850e+04     2.425088314229687e+04     2.425116558205741e+04     2.425144812853483e+04     2.425257830949115e+04
    7000           -1.22709237e+05            2.35532585e+00            9.97624308e-01            1.00233486e+00     2.411825064136115e+04     2.411853581633978e+04     2.411882186668161e+04     2.411910732491991e+04     2.411939288736891e+04     2.412053513337668e+04
    7200           -1.23038401e+05            5.11413069e+00            9.94870739e-01            1.00509876e+00     2.410702367220920e+04     2.410765478446662e+04     2.410828680808653e+04     2.410891819841521e+04     2.410954970867218e+04     2.411207574513515e+04
    7400           -1.22637190e+05            2.38331176e+00            9.97600387e-01            1.00236692e+00     2.410990862744078e+04     2.411019909683085e+04     2.411049034176468e+04     2.411078103461195e+04     2.411107183873082e+04     2.411223505002086e+04
    7600           -1.22672267e+05            2.67943363e+00            9.97301814e-01            1.00266057e+00     2.415661116299492e+04     2.415693656260566e+04     2.415726276852621e+04     2.415758844753231e+04     2.415791420995192e+04     2.415921725690892e+04
    7800           -1.22677780e+05            2.50729116e+00            9.97461196e-01            1.00247561e+00     2.401809946633844e+04     2.401840354608568e+04     2.401870848891059e+04     2.401901282419276e+04     2.401931727859261e+04     2.402053509084679e+04
    8000           -1.22488681e+05            1.34834259e+00            9.98629041e-01            1.00132566e+00     2.410390068744286e+04     2.410406078716291e+04     2.410422184201390e+04     2.410438224556673e+04     2.410454276664596e+04     2.410518484584906e+04
    8200           -1.22387219e+05            5.60944862e-01            9.99414701e-01            1.00053656e+00     2.401460902388872e+04     2.401466978667973e+04     2.401473141674814e+04     2.401479244258050e+04     2.401485358303791e+04     2.401509814218710e+04
    8400           -1.22423973e+05            2.97105997e+00            9.97004760e-01            1.00294672e+00     2.411814254039840e+04     2.411850375685902e+04     2.411886580605243e+04     2.411922728772534e+04     2.411958887200783e+04     2.412103520361726e+04
    8600           -1.22440172e+05            3.14532237e+00            9.96837522e-01            1.00312804e+00     2.405984160194885e+04     2.406022531069252e+04     2.406060976692310e+04     2.406099368855729e+04     2.406137771903203e+04     2.406291383611522e+04
    8800           -1.22403182e+05            7.40598323e-01            9.99218406e-01            1.00069954e+00     2.409873104102485e+04     2.409881542409728e+04     2.409890071363053e+04     2.409898538893436e+04     2.409907017312000e+04     2.409940930521514e+04
    9000           -1.22499798e+05            4.40620320e+00            9.95569282e-01            1.00438141e+00     2.417245284404980e+04     2.417299522836275e+04     2.417353853760811e+04     2.417408122516505e+04     2.417462402076240e+04     2.417679519747499e+04
    9200           -1.22749721e+05            2.85554768e+00            9.97117940e-01            1.00282887e+00     2.419206579981859e+04     2.419241455727303e+04     2.419276420423708e+04     2.419311323718781e+04     2.419346238418878e+04     2.419485896855897e+04
    9400           -1.22657140e+05            2.20759890e+00            9.97775576e-01            1.00219069e+00     2.412371363906945e+04     2.412398159616899e+04     2.412425048538466e+04     2.412451873145445e+04     2.412478709705338e+04     2.412586055503730e+04
    9600           -1.22699675e+05            1.96223506e+00            9.97996011e-01            1.00192031e+00     2.417202344774767e+04     2.417226119984711e+04     2.417249985997257e+04     2.417273790504726e+04     2.417297605918877e+04     2.417392867062987e+04
    9800           -1.22586149e+05            1.03637475e+00            9.98939669e-01            1.00101237e+00     2.418425814307843e+04     2.418437949260292e+04     2.418450170749912e+04     2.418462334109220e+04     2.418474507487362e+04     2.418523200666882e+04
   10000           -1.22724690e+05            2.33366751e+00            9.97640762e-01            1.00230797e+00     2.418402165086315e+04     2.418430382598989e+04     2.418458682603544e+04     2.418486925796472e+04     2.418515179575018e+04     2.418628194063721e+04
   10200           -1.22717138e+05            1.82104702e+00            9.98154381e-01            1.00179638e+00     2.414201871782767e+04     2.414223858542504e+04     2.414245921817440e+04     2.414267929763774e+04     2.414289949253692e+04     2.414378026724618e+04
   10400           -1.22675839e+05            1.03978443e+00            9.98929349e-01            1.00100885e+00     2.417085407787228e+04     2.417097379096601e+04     2.417109436388759e+04     2.417121435660191e+04     2.417133445064634e+04     2.417181482342039e+04
   10600           -1.22847147e+05            3.93649129e+00            9.96051526e-01            1.00392437e+00     2.431462577596253e+04     2.431510934027670e+04     2.431559371907909e+04     2.431607750434326e+04     2.431656141499183e+04     2.431849705402114e+04
   10800           -1.22817079e+05            4.18128787e+00            9.95804012e-01            1.00416642e+00     2.404762364163607e+04     2.404813697339762e+04     2.404865109029118e+04     2.404916466174136e+04     2.404967833659520e+04     2.405173303155433e+04
   11000           -1.22619539e+05            1.78434327e+00            9.98179568e-01            1.00174812e+00     2.417182024864596e+04     2.417203547216764e+04     2.417225147392734e+04     2.417246690935807e+04     2.417268246443079e+04     2.417354468021562e+04
   11200           -1.22605046e+05            1.71305046e+00            9.98254588e-01            1.00168057e+00     2.400216516443021e+04     2.400237058326360e+04     2.400257685760861e+04     2.400278255978334e+04     2.400298835938027e+04     2.400381155433032e+04
   11400           -1.22521690e+05            5.48680629e-01            9.99416034e-01            1.00051336e+00     2.413856170302414e+04     2.413862172337170e+04     2.413868250283454e+04     2.413874274418250e+04     2.413880309250377e+04     2.413904448198340e+04
   11600           -1.22398353e+05            4.04921605e+00            9.95926523e-01            1.00402471e+00     2.410319805263583e+04     2.410369520284983e+04     2.410419316007560e+04     2.410469055478590e+04     2.410518805712328e+04     2.410717806161072e+04
   11800           -1.22548159e+05            1.25765966e+00            9.98713357e-01            1.00122860e+00     2.383346664096258e+04     2.383361499182310e+04     2.383376408996442e+04     2.383391264531005e+04     2.383406131514466e+04     2.383465598932673e+04
   12000           -1.22681217e+05            1.46516096e+00            9.98506187e-01            1.00143642e+00     2.426193159382730e+04     2.426210505942747e+04     2.426227942784134e+04     2.426245317415103e+04     2.426262703565611e+04     2.426332247748492e+04
   12200           -1.22573636e+05            3.11944546e+00            9.96868705e-01            1.00310750e+00     2.412272646784728e+04     2.412310961961918e+04     2.412349363132345e+04     2.412387703124455e+04     2.412426055420302e+04     2.412579464055876e+04
   12400           -1.22438833e+05            3.50449058e+00            9.96469477e-01            1.00347825e+00     2.416732227174718e+04     2.416775176238386e+04     2.416818219195598e+04     2.416861196295663e+04     2.416904186159164e+04     2.417076145143609e+04
   12600           -1.22175179e+05            1.47624458e+00            9.98499717e-01            1.00145213e+00     2.433084392253808e+04     2.433101867831180e+04     2.433119425775876e+04     2.433136927225118e+04     2.433154438979199e+04     2.433224485704592e+04
   12800           -1.22459047e+05            3.39441505e+00            9.96592655e-01            1.00338137e+00     2.410597433846681e+04     2.410639055617926e+04     2.410680759292613e+04     2.410722406307267e+04     2.410764063965778e+04     2.410930694084876e+04
   13000           -1.22593179e+05            5.04614394e+00            9.94945605e-01            1.00503772e+00     2.417629467864284e+04     2.417691710651439e+04     2.417754041640118e+04     2.417816312086168e+04     2.417878593631189e+04     2.418127719398092e+04
   13200           -1.22539471e+05            2.64317186e+00            9.97320251e-01            1.00260639e+00     2.425082055301944e+04     2.425114260815783e+04     2.425146555801515e+04     2.425178786912663e+04     2.425211030984499e+04     2.425340006667054e+04
   13400           -1.22687433e+05            2.13995628e+00            9.97826887e-01            1.00210665e+00     2.405414582783121e+04     2.405440652942494e+04     2.405466797416548e+04     2.405492889729580e+04     2.405518992227073e+04     2.405623401671026e+04
   13600           -1.22624165e+05            4.98203133e+00            9.95004365e-01            1.00496821e+00     2.426372193731826e+04     2.426433600474524e+04     2.426495098946090e+04     2.426556537172332e+04     2.426617985145134e+04     2.426863776558442e+04
   13800           -1.22411692e+05            9.45597475e-01            9.99025682e-01            1.00091682e+00     2.424055342745894e+04     2.424066231083608e+04     2.424077211370930e+04     2.424088129284538e+04     2.424099058293644e+04     2.424142773841394e+04
   14000           -1.22723514e+05            2.26044888e+00            9.97707631e-01            1.00222838e+00     2.394677311065815e+04     2.394704736946242e+04     2.394732243954686e+04     2.394759695481912e+04     2.394787157080393e+04     2.394897003094971e+04
   14200           -1.22373032e+05            8.82547791e-01            9.99096013e-01            1.00086107e+00     2.416978085927463e+04     2.416988174171463e+04     2.416998349226241e+04     2.417008465727637e+04     2.417018592471519e+04     2.417059099015574e+04
   14400           -1.22440097e+05            1.44594075e+00            9.98538269e-01            1.00143010e+00     2.413520325830028e+04     2.413537388750856e+04     2.413554534150123e+04     2.413571623869686e+04     2.413588723314013e+04     2.413657120797999e+04
   14600           -1.22430926e+05            1.06855429e+00            9.98903631e-01            1.00104068e+00     2.408724530529980e+04     2.408737024714436e+04     2.408749604391510e+04     2.408762125348024e+04     2.408774657095548e+04     2.408824783661116e+04
   14800           -1.22286841e+05            3.10515426e+00            9.96870811e-01            1.00308095e+00     2.406288278424419e+04     2.406326127611570e+04     2.406364070390578e+04     2.406401951863948e+04     2.406439843141985e+04     2.406591407859551e+04
   15000           -1.22282302e+05            3.90892504e+00            9.96074273e-01            1.00389195e+00     2.422536225469383e+04     2.422584251224651e+04     2.422632360441677e+04     2.422680408218949e+04     2.422728469276557e+04     2.422920713083731e+04
   15200           -1.22305958e+05            8.27084886e-01            9.99148749e-01            1.00080288e+00     2.404873168204623e+04     2.404882624015525e+04     2.404892169921110e+04     2.404901653730919e+04     2.404911148980631e+04     2.404949129756640e+04
   15400           -1.22555428e+05            2.34826944e+00            9.97629278e-01            1.00232570e+00     2.415947773596963e+04     2.415976245317746e+04     2.416004804579627e+04     2.416033304204407e+04     2.416061814549368e+04     2.416175855501773e+04
   15600           -1.22541686e+05            1.17787239e+00            9.98793929e-01            1.00114961e+00     2.427150428915387e+04     2.427164252532755e+04     2.427178165291058e+04     2.427192019305605e+04     2.427205882873742e+04     2.427261336832097e+04
   15800           -1.22573956e+05            1.07835911e+00            9.98884353e-01            1.00104099e+00     2.410517417467124e+04     2.410529981823390e+04     2.410542636073611e+04     2.410555227568382e+04     2.410567831063709e+04     2.410618244660294e+04
   16000           -1.22464352e+05            1.17169080e+00            9.98795014e-01            1.00113832e+00     2.413943889239109e+04     2.413957723064360e+04     2.413971641106483e+04     2.413985502256535e+04     2.413999373363627e+04     2.414054857488145e+04
   16200           -1.22534005e+05            3.78128546e+00            9.96195046e-01            1.00375740e+00     2.410708234659581e+04     2.410754568122534e+04     2.410800977767936e+04     2.410847332191987e+04     2.410893698161975e+04     2.411079161664369e+04
   16400           -1.22247932e+05            2.43646280e+00            9.97530992e-01            1.00240375e+00     2.417191830710902e+04     2.417221306494366e+04     2.417250867543435e+04     2.417280369789933e+04     2.417309882914997e+04     2.417427935119091e+04
   16600           -1.22352595e+05            3.49020863e+00            9.96486203e-01            1.00346643e+00     2.414093258684127e+04     2.414135957211752e+04     2.414178735616739e+04     2.414221458494283e+04     2.414264191869777e+04     2.414435125055426e+04
   16800           -1.22233861e+05            1.72564702e+00            9.98250813e-01            1.00170202e+00     2.414629196989887e+04     2.414650134272510e+04     2.414671162269618e+04     2.414692125781506e+04     2.414713102143153e+04     2.414797007296418e+04
   17000           -1.22442981e+05            2.25413098e+00            9.97735521e-01            1.00224373e+00     2.414115619918880e+04     2.414142876244435e+04     2.414170223102565e+04     2.414197508181098e+04     2.414224804419047e+04     2.414333988919213e+04
   17200           -1.22506593e+05            2.78459191e+00            9.97178417e-01            1.00274738e+00     2.407851529884084e+04     2.407885559009790e+04     2.407919665402524e+04     2.407953716375794e+04     2.407987778624828e+04     2.408124027365572e+04
   17400           -1.22518273e+05            5.05165784e-01            9.99458094e-01            1.00046839e+00     2.412807657076680e+04     2.412813242677034e+04     2.412818912816556e+04     2.412824520818163e+04     2.412830142201566e+04     2.412852627326452e+04
   17600           -1.22321105e+05            1.07006856e+00            9.98898456e-01            1.00103852e+00     2.418303476558856e+04     2.418316031730323e+04     2.418328675277456e+04     2.418341257312451e+04     2.418353851009326e+04     2.418404225459797e+04
   17800           -1.22579844e+05            1.26730493e+00            9.98697493e-01            1.00123201e+00     2.411029572139002e+04     2.411044659139678e+04     2.411059827511214e+04     2.411074938534753e+04     2.411090060807133e+04     2.411150549475264e+04
   18000           -1.22264822e+05            1.51315303e+00            9.98464125e-01            1.00149036e+00     2.419661490916869e+04     2.419679448753628e+04     2.419697491677071e+04     2.419715476617611e+04     2.419733472031308e+04     2.419805453145748e+04
   18200           -1.22503307e+05            2.92937018e+00            9.97033413e-01            1.00289192e+00     2.424849148843333e+04     2.424884968807231e+04     2.424920882753985e+04     2.424956733595081e+04     2.424992595287300e+04     2.425136041731268e+04
   18400           -1.22650614e+05            2.08359467e+00            9.97892347e-01            1.00205943e+00     2.421369609871415e+04     2.421394805644134e+04     2.421420091989455e+04     2.421445318612929e+04     2.421470555012225e+04     2.421571500153035e+04
   18600           -1.22486285e+05            2.61002535e+00            9.97367330e-01            1.00258725e+00     2.424929093168144e+04     2.424960836847132e+04     2.424992660425586e+04     2.425024428701178e+04     2.425056207341583e+04     2.425183321515021e+04
   18800           -1.22687456e+05            4.27956500e+00            9.95702680e-01            1.00426161e+00     2.427529890851373e+04     2.427582448266564e+04     2.427635086282569e+04     2.427687668393761e+04     2.427740261034190e+04     2.427950631217007e+04
   19000           -1.22597573e+05            1.14060008e+00            9.98838807e-01            1.00111996e+00     2.409880104656540e+04     2.409893425817097e+04     2.409906838861845e+04     2.409920190272321e+04     2.409933552282433e+04     2.409986999908326e+04
   19200           -1.22884298e+05            3.41424530e+00            9.96554462e-01            1.00338271e+00     2.413218325797417e+04     2.413260246502817e+04     2.413302264828337e+04     2.413344217073432e+04     2.413386180957358e+04     2.413554036117299e+04
   19400           -1.22723058e+05            3.60866516e+00            9.96362219e-01            1.00357931e+00     2.410887968710035e+04     2.410932130825982e+04     2.410976367340542e+04     2.411020555242633e+04     2.411064750847289e+04     2.411241532984543e+04
   19600           -1.22631184e+05            8.93797823e-01            9.99078609e-01            1.00086616e+00     2.418766452926862e+04     2.418776870490794e+04     2.418787373988522e+04     2.418797818171767e+04     2.418808273361002e+04     2.418850093795143e+04
   19800           -1.22741875e+05            8.88502905e-01            9.99068489e-01            1.00084542e+00     2.409258151805836e+04     2.409268400264347e+04     2.409278733718140e+04     2.409289007118781e+04     2.409299292388027e+04     2.409340432970218e+04
   20000           -1.22700244e+05            6.16470046e-01            9.99350038e-01            1.00058294e+00     2.422177085700750e+04     2.422184010246151e+04     2.422191023027724e+04     2.422197976497126e+04     2.422204940221148e+04     2.422232794741545e+04
   20200           -1.22508064e+05            2.26343127e+00            9.97705468e-01            1.00223218e+00     2.412888701243702e+04     2.412916203295308e+04     2.412943788978035e+04     2.412971315834855e+04     2.412998854173689e+04     2.413109007103678e+04
   20400           -1.22603155e+05            2.07820688e+00            9.97888832e-01            1.00204510e+00     2.406860400479483e+04     2.406885578748039e+04     2.406910838851635e+04     2.406936040583832e+04     2.406961254062617e+04     2.407062107645752e+04
   20600           -1.22313764e+05            7.18811685e-01            9.99257469e-01            1.00069506e+00     2.412356219412207e+04     2.412364396179524e+04     2.412372657261387e+04     2.412380858019678e+04     2.412389071031791e+04     2.412421922651375e+04
   20800           -1.22554546e+05            6.83083205e-01            9.99284663e-01            1.00065079e+00     2.417159116382559e+04     2.417166792110731e+04     2.417174550204433e+04     2.417182250743207e+04     2.417189962358635e+04     2.417220808334711e+04
   21000           -1.22509895e+05            1.94408476e+00            9.98029234e-01            1.00191729e+00     2.415729629708933e+04     2.415753036842396e+04     2.415776534203164e+04     2.415799970844642e+04     2.415823418047691e+04     2.415917206386449e+04
   21200           -1.22156432e+05            1.40098002e+00            9.98590994e-01            1.00139293e+00     2.406225057732916e+04     2.406241581484552e+04     2.406258192081318e+04     2.406274744145653e+04     2.406291306412065e+04     2.406357555091213e+04
   21400           -1.22578646e+05            2.36910094e+00            9.97609933e-01            1.00234803e+00     2.418439940163261e+04     2.418468730993362e+04     2.418497617575516e+04     2.418526436776702e+04     2.418555269125163e+04     2.418670598087064e+04
   21600           -1.22402234e+05            5.47540156e+00            9.94516202e-01            1.00546680e+00     2.426485335307767e+04     2.426553019501633e+04     2.426620793581690e+04     2.426688505415578e+04     2.426756228934597e+04     2.427027122561427e+04
   21800           -1.22401545e+05            1.91177256e+00            9.98053460e-01            1.00187687e+00     2.411994094435386e+04     2.412017353235092e+04     2.412040689252239e+04     2.412063970675866e+04     2.412087262870976e+04     2.412180431306564e+04
   22000           -1.22411295e+05            2.14468850e+00            9.97827549e-01            1.00211680e+00     2.420461913048334e+04     2.420487912451869e+04     2.420513997410748e+04     2.420540022609538e+04     2.420566059283468e+04     2.420670205518603e+04
   22200           -1.22534722e+05            3.68840070e+00            9.96293450e-01            1.00367008e+00     2.428281722496469e+04     2.428326886147391e+04     2.428372129981245e+04     2.428417316280974e+04     2.428462514321577e+04     2.428643306146686e+04
   22400           -1.22635990e+05            5.29592473e-01            9.99444894e-01            1.00050405e+00     2.411876779110792e+04     2.411882502729570e+04     2.411888311582589e+04     2.411894059510072e+04     2.411899819758158e+04     2.411922860405523e+04
   22600           -1.22744167e+05            7.05620408e-01            9.99251589e-01            1.00066277e+00     2.404489292868804e+04     2.404497141372104e+04     2.404505076563715e+04     2.404512951912702e+04     2.404520838435631e+04     2.404552384002458e+04
   22800           -1.22680349e+05            1.07844802e+00            9.98891474e-01            1.00104830e+00     2.422249907408669e+04     2.422262467364274e+04     2.422275116731734e+04     2.422287706484122e+04     2.422300306315532e+04     2.422350705222396e+04
   23000           -1.22696631e+05            9.08454408e-01            9.99068410e-01            1.00088528e+00     2.416834812522987e+04     2.416845288504900e+04     2.416855852826934e+04     2.416866356045033e+04     2.416876870716461e+04     2.416918928909935e+04
   23200           -1.22483536e+05            3.97262069e+00            9.95997250e-01            1.00394221e+00     2.412419555162057e+04     2.412468366471839e+04     2.412517260643292e+04     2.412566098005685e+04     2.412614945742458e+04     2.412810336322859e+04
   23400           -1.22483845e+05            6.11770586e+00            9.93860335e-01            1.00609532e+00     2.420334617726272e+04     2.420410258129545e+04     2.420485985177222e+04     2.420561651883463e+04     2.420637330124140e+04     2.420940042522007e+04
   23600           -1.22626523e+05            2.85989152e+00            9.97103262e-01            1.00282282e+00     2.409438325609666e+04     2.409473240665281e+04     2.409508228321636e+04     2.409543163895928e+04     2.409578110132995e+04     2.409717894656324e+04
   23800           -1.22754135e+05            2.77735226e+00            9.97188584e-01            1.00274308e+00     2.428111089980500e+04     2.428144837310800e+04     2.428178679060953e+04     2.428212458650964e+04     2.428246248328061e+04     2.428381406675623e+04
   24000           -1.22590165e+05            3.05477251e+00            9.96927628e-01            1.00303705e+00     2.410802956704395e+04     2.410840143161422e+04     2.410877419325121e+04     2.410914635507534e+04     2.410951861870842e+04     2.411100767037288e+04
   24200           -1.22566185e+05            1.29629508e+00            9.98676421e-01            1.00126894e+00     2.421856705564124e+04     2.421871968838602e+04     2.421887314173639e+04     2.421902602672407e+04     2.421917901900465e+04     2.421979098236806e+04
   24400           -1.22510012e+05            1.10079070e+00            9.98867937e-01            1.00106945e+00     2.420626225905162e+04     2.420639164100795e+04     2.420652198134807e+04     2.420665168948853e+04     2.420678150111422e+04     2.420730074317682e+04
   24600           -1.22618108e+05            1.36955131e+00            9.98586067e-01            1.00132505e+00     2.411187135414018e+04     2.411203474917316e+04     2.411219890176220e+04     2.411236251237306e+04     2.411252623328100e+04     2.411318111242182e+04
   24800           -1.22469071e+05            1.33449888e+00            9.98627515e-01            1.00129641e+00     2.410216861407684e+04     2.410232745171988e+04     2.410248706731718e+04     2.410264613645824e+04     2.410280531187399e+04     2.410344200967114e+04
   25000           -1.22231116e+05            3.14852375e-01            9.99658709e-01            1.00028840e+00     2.415584151912406e+04     2.415587336123049e+04     2.415590607130431e+04     2.415593817821131e+04     2.415597039914917e+04     2.415609927917428e+04
   25200           -1.22350803e+05            3.17987128e+00            9.96791899e-01            1.00315144e+00     2.419759575684759e+04     2.419798399255313e+04     2.419837304098456e+04     2.419876154210714e+04     2.419915013852983e+04     2.420070452021207e+04
   25400           -1.22488079e+05            2.85856810e+00            9.97115595e-01            1.00283257e+00     2.414634618156178e+04     2.414669548988669e+04     2.414704556888357e+04     2.414739513349735e+04     2.414774478519383e+04     2.414914338882589e+04
   25600           -1.22725986e+05            7.43353267e-01            9.99224592e-01            1.00071125e+00     2.409605836413165e+04     2.409614372919213e+04     2.409623004142919e+04     2.409631569971639e+04     2.409640147999402e+04     2.409674459585640e+04
   25800           -1.22592368e+05            4.02386840e+00            9.95953820e-01            1.00400133e+00     2.426524929231734e+04     2.426574504957150e+04     2.426624166443117e+04     2.426673767541723e+04     2.426723380456291e+04     2.426921831680847e+04
   26000           -1.22593135e+05            1.37812025e+00            9.98588356e-01            1.00134450e+00     2.398451930874210e+04     2.398468171908893e+04     2.398484498771632e+04     2.398500767358184e+04     2.398517046301323e+04     2.398582161728437e+04
   26200           -1.22469543e+05            8.87030783e-01            9.99096263e-01            1.00087029e+00     2.424159541210945e+04     2.424169799499251e+04     2.424180154643904e+04     2.424190444819966e+04     2.424200746185764e+04     2.424241951160583e+04
   26400           -1.22405636e+05            9.57601561e-01            9.99017461e-01            1.00093262e+00     2.415895746980095e+04     2.415906785892832e+04     2.415917907466214e+04     2.415928974172112e+04     2.415940050085315e+04     2.415984353190536e+04
   26600           -1.22086772e+05            2.67216701e+00            9.97291378e-01            1.00263550e+00     2.408542769561436e+04     2.408575381605938e+04     2.408608084977557e+04     2.408640726707370e+04     2.408673379254106e+04     2.408803988946775e+04
   26800           -1.22246268e+05            2.07588822e+00            9.97902437e-01            1.00205412e+00     2.418500606760742e+04     2.418525515112016e+04     2.418550521573578e+04     2.418575460498124e+04     2.418600411897822e+04     2.418700217034903e+04
   27000           -1.22315182e+05            2.19871501e+00            9.97772585e-01            1.00216988e+00     2.421660442809107e+04     2.421687197236798e+04     2.421714032150898e+04     2.421740810065790e+04     2.421767599247931e+04     2.421874755686754e+04
   27200           -1.22310857e+05            2.99732510e+00            9.96973912e-01            1.00296837e+00     2.419047858557061e+04     2.419084553182403e+04     2.419121336666409e+04     2.419158058925594e+04     2.419194792504711e+04     2.419341726452360e+04
   27400           -1.22457637e+05            1.45124267e+00            9.98521130e-01            1.00142353e+00     2.407711147168426e+04     2.407728352391743e+04     2.407745637481372e+04     2.407762865539268e+04     2.407780105152884e+04     2.407849063137341e+04
   27600           -1.22367181e+05            1.80752003e+00            9.98167111e-01            1.00178206e+00     2.424978924317354e+04     2.425000674649173e+04     2.425022504636719e+04     2.425044276393293e+04     2.425066060585778e+04     2.425153196854201e+04
   27800           -1.22375320e+05            1.32762606e+00            9.98640667e-01            1.00129583e+00     2.425256537463093e+04     2.425272317749755e+04     2.425288177141940e+04     2.425303982484871e+04     2.425319797644271e+04     2.425383057825449e+04
   28000           -1.22235139e+05            2.30780908e+00            9.97668125e-01            1.00228362e+00     2.415090102444519e+04     2.415117989794098e+04     2.415145960479085e+04     2.415173872218759e+04     2.415201795638037e+04     2.415313488831555e+04
   28200           -1.22354995e+05            3.04363138e+00            9.96941614e-01            1.00302877e+00     2.409412580737315e+04     2.409449711624632e+04     2.409486929130962e+04     2.409524088216421e+04     2.409561257524875e+04     2.409709934312435e+04
   28400           -1.22260436e+05            4.32668413e+00            9.95653366e-01            1.00430651e+00     2.410313446417877e+04     2.410366701072375e+04     2.410420040204807e+04     2.410473321484346e+04     2.410526613306190e+04     2.410739780194504e+04
   28600           -1.22763465e+05            2.51261634e+00            9.97459640e-01            1.00248472e+00     2.403550371286846e+04     2.403580797461586e+04     2.403611314305110e+04     2.403641768472823e+04     2.403672234306774e+04     2.403794097326701e+04
   28800           -1.22567199e+05            2.24799634e+00            9.97726811e-01            1.00222268e+00     2.425585226314190e+04     2.425612432340411e+04     2.425639727837331e+04     2.425666962223889e+04     2.425694207677268e+04     2.425803189040345e+04
   29000           -1.22558793e+05            9.46472385e-01            9.99014882e-01            1.00090775e+00     2.417750992793420e+04     2.417761933881501e+04     2.417772961469713e+04     2.417783929355949e+04     2.417794908320619e+04     2.417838823847818e+04
   29200           -1.22176994e+05            2.07015422e+00            9.97899864e-01            1.00204004e+00     2.412367075416896e+04     2.412392042360303e+04     2.412417096127035e+04     2.412442090466260e+04     2.412467095642643e+04     2.412567115868390e+04
   29400           -1.22646216e+05            2.38344879e+00            9.97593247e-01            1.00236002e+00     2.418361204878636e+04     2.418390102142239e+04     2.418419082672848e+04     2.418448004006340e+04     2.418476937186409e+04     2.418592669494182e+04
   29600           -1.22281246e+05            1.67998275e+00            9.98294834e-01            1.00165471e+00     2.419088831189266e+04     2.419108960862470e+04     2.419129172482131e+04     2.419149325926002e+04     2.419169490950758e+04     2.419250150712251e+04
   29800           -1.22235535e+05            3.51734549e+00            9.96472817e-01            1.00350741e+00     2.426317232562993e+04     2.426360384195220e+04     2.426403617470721e+04     2.426446794739535e+04     2.426489982277158e+04     2.426662731991323e+04
   30000           -1.22742073e+05            1.86348272e+00            9.98095359e-01            1.00182217e+00     2.434699445221271e+04     2.434721994023732e+04     2.434744624234390e+04     2.434767197961478e+04     2.434789782318223e+04     2.434880119415174e+04
   30200           -1.22678679e+05            9.97660917e-01            9.98978714e-01            1.00097399e+00     2.419142669639698e+04     2.419154161091617e+04     2.419165746947259e+04     2.419177269229854e+04     2.419188802576396e+04     2.419234935513093e+04
   30400           -1.22585588e+05            9.85599933e-01            9.98988825e-01            1.00095997e+00     2.407060796122962e+04     2.407072163670612e+04     2.407083614204192e+04     2.407095006384181e+04     2.407106409904456e+04     2.407152023685952e+04
   30600           -1.22284887e+05            2.37802776e+00            9.97597226e-01            1.00235315e+00     2.409941146519715e+04     2.409969865489426e+04     2.409998660669364e+04     2.410027403097526e+04     2.410056155496730e+04     2.410171164473745e+04
   30800           -1.22162751e+05            4.04921647e-01            9.99568558e-01            1.00037838e+00     2.423531597874970e+04     2.423535609920784e+04     2.423539710264603e+04     2.423543749136876e+04     2.423547799647194e+04     2.423564001419419e+04
   31000           -1.22274331e+05            9.96836132e-01            9.98965208e-01            1.00095880e+00     2.415687178194437e+04     2.415698792779851e+04     2.415710500709203e+04     2.415722143885848e+04     2.415733799240777e+04     2.415780420287118e+04
   31200           -1.22175242e+05            1.00879504e+00            9.98952930e-01            1.00097044e+00     2.412991870751182e+04     2.413003605207839e+04     2.413015432940329e+04     2.413027196766885e+04     2.413038972243110e+04     2.413086073735039e+04
   31400           -1.22333190e+05            3.05980335e+00            9.96913406e-01            1.00303283e+00     2.424168003448183e+04     2.424205351280248e+04     2.424242775433955e+04     2.424280144930799e+04     2.424317525507121e+04     2.424467047566059e+04
   31600           -1.22123903e+05            1.81821628e+00            9.98156108e-01            1.00179244e+00     2.419121586886351e+04     2.419143490850479e+04     2.419165472867810e+04     2.419187399525102e+04     2.419209337221026e+04     2.419297087555700e+04
   31800           -1.22210422e+05            2.09058350e+00            9.97881282e-01            1.00206232e+00     2.430137452600385e+04     2.430162631322517e+04     2.430187889805219e+04     2.430213091160537e+04     2.430238304154752e+04     2.430339155709118e+04
   32000           -1.22568656e+05            4.12536589e+00            9.95847970e-01            1.00409843e+00     2.423123036595517e+04     2.423173899756567e+04     2.423224831009188e+04     2.423275710338734e+04     2.423326601720445e+04     2.423530166845374e+04
   32200           -1.22559772e+05            1.04889295e+00            9.98917591e-01            1.00101531e+00     2.421393806413357e+04     2.421406099129674e+04     2.421418469214575e+04     2.421430784284556e+04     2.421443110406667e+04     2.421492414399977e+04
   32400           -1.22796435e+05            2.32022192e+00            9.97657695e-01            1.00229803e+00     2.415049155499179e+04     2.415077253992217e+04     2.415105441596918e+04     2.415133569006024e+04     2.415161707019863e+04     2.415274258540547e+04
   32600           -1.22578647e+05            2.29134457e+00            9.97675383e-01            1.00225791e+00     2.424056123386938e+04     2.424083886721167e+04     2.424111741481681e+04     2.424139535067015e+04     2.424167339139394e+04     2.424278554891850e+04
   32800           -1.22755269e+05            3.06571098e+00            9.96910127e-01            1.00304138e+00     2.398017576992001e+04     2.398055003672354e+04     2.398092511301208e+04     2.398129962328217e+04     2.398167424253390e+04     2.398317271514779e+04
   33000           -1.22675428e+05            1.36715928e+00            9.98604307e-01            1.00133855e+00     2.411072260707309e+04     2.411088358065737e+04     2.411104549661512e+04     2.411120678667642e+04     2.411136818110581e+04     2.411201375513853e+04
   33200           -1.22563161e+05            3.25829001e+00            9.96709647e-01            1.00322599e+00     2.411651464519427e+04     2.411691387582852e+04     2.411731391888697e+04     2.411771336876601e+04     2.411811294486208e+04     2.411971124452989e+04
   33400           -1.22577388e+05            2.27634966e+00            9.97696681e-01            1.00224925e+00     2.413697267441592e+04     2.413724880579858e+04     2.413752582884148e+04     2.413780222790793e+04     2.413807874725848e+04     2.413918482010104e+04
   33600           -1.22579616e+05            1.96231832e+00            9.98001927e-01            1.00192642e+00     2.411345082681246e+04     2.411368809918660e+04     2.411392618703466e+04     2.411416372120966e+04     2.411440135386677e+04     2.411535188092108e+04
   33800           -1.22732242e+05            4.67915269e+00            9.95304360e-01            1.00466244e+00     2.410936588882349e+04     2.410994318712481e+04     2.411052133324923e+04     2.411109889000639e+04     2.411167655876397e+04     2.411398722870445e+04
   34000           -1.22862930e+05            1.68830591e+00            9.98275757e-01            1.00165224e+00     2.414435554581918e+04     2.414455788853560e+04     2.414476112244033e+04     2.414496376654693e+04     2.414516650824020e+04     2.414597747066121e+04
   34200           -1.22758997e+05            3.67175510e+00            9.96304963e-01            1.00364827e+00     2.422323734693302e+04     2.422368782322412e+04     2.422413911529980e+04     2.422458985015408e+04     2.422504068625000e+04     2.422684402556698e+04
   34400           -1.22708494e+05            1.57477091e+00            9.98397977e-01            1.00154743e+00     2.407076293658083e+04     2.407095138345039e+04     2.407114058764899e+04     2.407132924898470e+04     2.407151802085757e+04     2.407227310513431e+04
   34600           -1.22652292e+05            3.43380368e+00            9.96548762e-01            1.00341622e+00     2.420622135613119e+04     2.420664250140226e+04     2.420706448840296e+04     2.420748587024714e+04     2.420790737666101e+04     2.420959339719083e+04
   34800           -1.22597088e+05            1.98253504e+00            9.97989646e-01            1.00195460e+00     2.418168557075181e+04     2.418192618890400e+04     2.418216767203360e+04     2.418240857013904e+04     2.418264957153780e+04     2.418361357232379e+04
   35000           -1.22394359e+05            4.00901220e+00            9.95972936e-01            1.00399077e+00     2.414672899166076e+04     2.414722166653360e+04     2.414771517616144e+04     2.414820808536751e+04     2.414870111799853e+04     2.415067324433630e+04
   35200           -1.22435140e+05            1.54719060e+00            9.98427463e-01            1.00152176e+00     2.413536184679923e+04     2.413554705814611e+04     2.413573310138943e+04     2.413591855757467e+04     2.413610412912322e+04     2.413684641144722e+04
   35400           -1.22643154e+05            3.36128608e+00            9.96621937e-01            1.00334437e+00     2.401484028608859e+04     2.401525097537962e+04     2.401566243495132e+04     2.401607335213828e+04     2.401648437591909e+04     2.401812846574959e+04
   35600           -1.22362593e+05            1.73807769e+00            9.98244109e-01            1.00172020e+00     2.416654943765450e+04     2.416675844014535e+04     2.416696839404236e+04     2.416717771920205e+04     2.416738714776848e+04     2.416822485788246e+04
   35800           -1.22613250e+05            2.47486096e+00            9.97491647e-01            1.00244119e+00     2.411247160076112e+04     2.411277374563773e+04     2.411307679763230e+04     2.411337924385876e+04     2.411368179241525e+04     2.411489198406937e+04
   36000           -1.22813138e+05            6.81099398e+00            9.93173220e-01            1.00679478e+00     2.404512150169878e+04     2.404596480782727e+04     2.404680888518630e+04     2.404765242646898e+04     2.404849606933363e+04     2.405187063696847e+04
   36200           -1.22513829e+05            2.14233685e+00            9.97842714e-01            1.00212732e+00     2.409733865377598e+04     2.409759702010146e+04     2.409785623659482e+04     2.409811487954188e+04     2.409837362303657e+04     2.409940859229716e+04
   36400           -1.22585524e+05            1.85640845e+00            9.98124886e-01            1.00183763e+00     2.418673017640460e+04     2.418695327978289e+04     2.418717727265886e+04     2.418740066207267e+04     2.418762415865246e+04     2.418851814090031e+04
   36600           -1.22422294e+05            2.07322585e+00            9.97898167e-01            1.00204449e+00     2.417524659354873e+04     2.417549705882945e+04     2.417574835805867e+04     2.417599906313584e+04     2.417624988813717e+04     2.417725318272561e+04
   36800           -1.22667387e+05            2.49466101e+00            9.97483863e-01            1.00247307e+00     2.403038873756765e+04     2.403069107839795e+04     2.403099437790177e+04     2.403129704347757e+04     2.403159981361467e+04     2.403281088966169e+04
   37000           -1.22695491e+05            3.64055533e+00            9.96342872e-01            1.00362383e+00     2.407447322542842e+04     2.407491788571983e+04     2.407536337913831e+04     2.407580830050217e+04     2.407625332667377e+04     2.407803342791911e+04
   37200           -1.22384312e+05            8.93051168e-01            9.99083674e-01            1.00086973e+00     2.421384189726916e+04     2.421394481590416e+04     2.421404865009239e+04     2.421415185913094e+04     2.421425518114907e+04     2.421466846502898e+04
   37400           -1.22367253e+05            1.17184379e+00            9.98793344e-01            1.00113695e+00     2.428054352159008e+04     2.428068103350038e+04     2.428081935408323e+04     2.428095710726079e+04     2.428109497001913e+04     2.428164641844819e+04
   37600           -1.22440350e+05            3.54126545e+00            9.96444572e-01            1.00352697e+00     2.417838275495398e+04     2.417881629087246e+04     2.417925069235680e+04     2.417968451698567e+04     2.418011843887861e+04     2.418185412280323e+04
   37800           -1.22322043e+05            2.60654513e+00            9.97364464e-01            1.00257739e+00     2.413165622775149e+04     2.413197303839873e+04     2.413229065958239e+04     2.413260773405600e+04     2.413292490439147e+04     2.413419358103144e+04
   38000           -1.22175553e+05            2.80690333e+00            9.97165876e-01            1.00277951e+00     2.419261968002329e+04     2.419296135858517e+04     2.419330380009763e+04     2.419364570648333e+04     2.419398771649465e+04     2.419535575296602e+04
   38200           -1.22006166e+05            2.90666770e+00            9.97060807e-01            1.00287394e+00     2.413306159166527e+04     2.413341707004651e+04     2.413377337589447e+04     2.413412914333370e+04     2.413448499516978e+04     2.413590839867428e+04
   38400           -1.22497530e+05            1.90646616e+00            9.98075008e-01            1.00188786e+00     2.419388977363797e+04     2.419411763510221e+04     2.419434636970137e+04     2.419457451874803e+04     2.419480276864690e+04     2.419571576365583e+04
   38600           -1.22206987e+05            1.24530075e+00            9.98730892e-01            1.00122143e+00     2.418244694324971e+04     2.418259422771836e+04     2.418274240238960e+04     2.418288998007017e+04     2.418303766032542e+04     2.418362837740112e+04
   38800           -1.22308745e+05            7.24269184e-01            9.99248959e-01            1.00069746e+00     2.412354906712380e+04     2.412363123916266e+04     2.412371435833628e+04     2.412379682613129e+04     2.412387941422123e+04     2.412420976131866e+04
   39000           -1.22404808e+05            1.19550500e+00            9.98777656e-01            1.00116860e+00     2.414798972582832e+04     2.414813168625702e+04     2.414827451775661e+04     2.414841675309352e+04     2.414855909681958e+04     2.414912846781083e+04
   39200           -1.22517321e+05            3.06750504e+00            9.96917977e-01            1.00305288e+00     2.404843411384427e+04     2.404881024856759e+04     2.404918723524203e+04     2.404956364383456e+04     2.404994015561494e+04     2.405144619738560e+04
   39400           -1.22277686e+05            2.29585363e+00            9.97671769e-01            1.00226332e+00     2.399156737719859e+04     2.399184456730440e+04     2.399212255972342e+04     2.399239999876905e+04     2.399267754081715e+04     2.399378770443572e+04
   39600           -1.22257679e+05            3.04925403e+00            9.96927160e-01            1.00302551e+00     2.413263391746360e+04     2.413300695405695e+04     2.413338087423072e+04     2.413375418093331e+04     2.413412760356794e+04     2.413562128967228e+04
   39800           -1.22334133e+05            1.05662707e+00            9.98918500e-01            1.00103170e+00     2.405899881893647e+04     2.405912078432126e+04     2.405924367580936e+04     2.405936594974341e+04     2.405948832855092e+04     2.405997783816537e+04
   40000           -1.22409255e+05            7.98147962e+00            9.92022641e-01            1.00798533e+00     2.401247487800447e+04     2.401346194480939e+04     2.401444986338621e+04     2.401543719555813e+04     2.401642463644029e+04     2.402037439487610e+04
   40200           -1.22542821e+05            4.13775735e+00            9.95841420e-01            1.00411671e+00     2.406709641088650e+04     2.406760677759847e+04     2.406811797258664e+04     2.406862859208513e+04     2.406913932050146e+04     2.407118223011643e+04
   40400           -1.22336640e+05            1.65915627e+00            9.98310369e-01            1.00162858e+00     2.406962845631139e+04     2.406982568148679e+04     2.407002381015393e+04     2.407022130673379e+04     2.407041892512039e+04     2.407120939392940e+04
   40600           -1.22242205e+05            1.95016400e+00            9.98030974e-01            1.00193122e+00     2.395270760754415e+04     2.395294194416063e+04     2.395317714808438e+04     2.395341175602624e+04     2.395364647356086e+04     2.395458533957758e+04
   40800           -1.22527097e+05            4.98929795e+00            9.94991477e-01            1.00496980e+00     2.405179703734770e+04     2.405241256419551e+04     2.405302893012347e+04     2.405364471302726e+04     2.405426060630617e+04     2.405672417526464e+04
   41000           -1.22422549e+05            3.01770463e-01            9.99666496e-01            1.00027002e+00     2.418769103780887e+04     2.418772128310584e+04     2.418775231264471e+04     2.418778276952661e+04     2.418781334727825e+04     2.418793565674764e+04
   41200           -1.22704071e+05            4.44002351e-01            9.99526852e-01            1.00041483e+00     2.408066309453908e+04     2.408070932724592e+04     2.408075643272922e+04     2.408080294401697e+04     2.408084956149506e+04     2.408103602845104e+04
   41400           -1.22607296e+05            9.13719643e-01            9.99052115e-01            1.00087949e+00     2.415211139647845e+04     2.415221643287700e+04     2.415232234256279e+04     2.415242765712359e+04     2.415253307861349e+04     2.415295476074854e+04
   41600           -1.22517984e+05            2.86778877e+00            9.97105245e-01            1.00284065e+00     2.414688431495910e+04     2.414723424477865e+04     2.414758509232000e+04     2.414793529850542e+04     2.414828562712485e+04     2.414968693929059e+04
   41800           -1.22896617e+05            6.76216036e-01            9.99295094e-01            1.00064749e+00     2.405591660620791e+04     2.405599378192399e+04     2.405607176559273e+04     2.405614920514459e+04     2.405622673952091e+04     2.405653687283391e+04
   42000           -1.22884144e+05            3.76563136e+00            9.96208702e-01            1.00373974e+00     2.406248139613442e+04     2.406294356002863e+04     2.406340654308868e+04     2.406386894368592e+04     2.406433146107174e+04     2.406618152600906e+04
   42200           -1.22716860e+05            1.63675849e+00            9.98338866e-01            1.00161230e+00     2.407472740461965e+04     2.407492393507831e+04     2.407512136275005e+04     2.407531816742254e+04     2.407551509017679e+04     2.407630277573393e+04
   42400           -1.22549736e+05            3.42821464e+00            9.96541226e-01            1.00339742e+00     2.409166992398197e+04     2.409208902320855e+04     2.409250892571615e+04     2.409292826343797e+04     2.409334771149048e+04     2.409502549899899e+04
   42600           -1.22499010e+05            9.52549056e-01            9.99006987e-01            1.00091201e+00     2.412729736810365e+04     2.412740785659401e+04     2.412751918248584e+04     2.412762991885584e+04     2.412774077054928e+04     2.412818417299492e+04
   42800           -1.22605913e+05            2.51222120e-01            9.99720100e-01            1.00022253e+00     2.413086855301417e+04     2.413089046136403e+04     2.413091322416813e+04     2.413093540430513e+04     2.413095769058140e+04     2.413104682814865e+04
   43000           -1.22621268e+05            2.15688660e+00            9.97823262e-01            1.00213694e+00     2.414834707538477e+04     2.414860724710209e+04     2.414886827200118e+04     2.414912868964202e+04     2.414938922922775e+04     2.415043138307073e+04
   43200           -1.22590562e+05            1.39712614e+00            9.98577402e-01            1.00137158e+00     2.412960151144697e+04     2.412976671040942e+04     2.412993277000918e+04     2.413009822809899e+04     2.413026380183448e+04     2.413092609222198e+04
   43400           -1.22448782e+05            3.06496264e+00            9.96915293e-01            1.00304508e+00     2.412484284567830e+04     2.412521710044291e+04     2.412559220248101e+04     2.412596670775138e+04     2.412634132935668e+04     2.412783981303505e+04
   43600           -1.22642364e+05            1.32809468e+00            9.98638488e-01            1.00129459e+00     2.398500399188619e+04     2.398516232083134e+04     2.398532145268709e+04     2.398548001513434e+04     2.398563869057443e+04     2.398627338926267e+04
   43800           -1.22569033e+05            6.14779910e+00            9.93834339e-01            1.00612956e+00     2.403602515850856e+04     2.403678569691437e+04     2.403754701308328e+04     2.403830777229869e+04     2.403906864506702e+04     2.404211213162548e+04
   44000           -1.22657417e+05            9.13690099e-01            9.99064904e-01            1.00089224e+00     2.410756962220003e+04     2.410767644558378e+04     2.410778410454395e+04     2.410789119459704e+04     2.410799838711755e+04     2.410842715203507e+04
   44200           -1.22642163e+05            4.38459004e+00            9.95592078e-01            1.00436100e+00     2.415525274768889e+04     2.415579254595890e+04     2.415633319844418e+04     2.415687327418189e+04     2.415741345142445e+04     2.415957415516002e+04
   44400           -1.22672292e+05            2.70706143e-01            9.99706938e-01            1.00024834e+00     2.427538948360257e+04     2.427541630655011e+04     2.427544393736668e+04     2.427547101191628e+04     2.427549818952048e+04     2.427560689543839e+04
   44600           -1.22650931e+05            1.10923431e+00            9.98859241e-01            1.00107764e+00     2.406058236531661e+04     2.406071297502528e+04     2.406084440077542e+04     2.406097525688742e+04     2.406110622215021e+04     2.406163007898382e+04
   44800           -1.22827310e+05            1.12232874e+00            9.98849974e-01            1.00109457e+00     2.403285415091724e+04     2.403298614478746e+04     2.403311894178337e+04     2.403325118732290e+04     2.403338353418152e+04     2.403391291744581e+04
   45000           -1.22576945e+05            1.27569913e+00            9.98690106e-01            1.00124142e+00     2.399702194256488e+04     2.399717247319694e+04     2.399732378321105e+04     2.399747454481391e+04     2.399762541346513e+04     2.399822888436539e+04
   45200           -1.22754221e+05            1.13091323e+00            9.98839659e-01            1.00110142e+00     2.416020697574268e+04     2.416033978907990e+04     2.416047343196577e+04     2.416060649609943e+04     2.416073967104617e+04     2.416127236634967e+04
   45400           -1.22620452e+05            3.52518841e+00            9.96459684e-01            1.00350992e+00     2.404460210317657e+04     2.404503300852132e+04     2.404546478567474e+04     2.404589597722331e+04     2.404632726974076e+04     2.404805243630494e+04
   45600           -1.22362459e+05            6.76868187e-01            9.99291451e-01            1.00064514e+00     2.416241717670796e+04     2.416249264864828e+04     2.416256899110989e+04     2.416264475466607e+04     2.416272061496532e+04     2.416302405322269e+04
   45800           -1.22464720e+05            1.45282335e+00            9.98510239e-01            1.00141578e+00     2.406984512307803e+04     2.407001794883521e+04     2.407019162099367e+04     2.407036470450141e+04     2.407053789990274e+04     2.407123067672745e+04
   46000           -1.22583360e+05            7.22620152e-01            9.99250398e-01            1.00069560e+00     2.419202682732599e+04     2.419210802373658e+04     2.419219008623873e+04     2.419227153844245e+04     2.419235311082759e+04     2.419267939432919e+04
   46200           -1.22836228e+05            3.68796665e+00            9.96298340e-01            1.00367414e+00     2.415324575022968e+04     2.415369801231088e+04     2.415415118426107e+04     2.415460374228930e+04     2.415505640781674e+04     2.415686706540380e+04
   46400           -1.22837247e+05            1.35704531e+00            9.98605154e-01            1.00131914e+00     2.422603284675593e+04     2.422619291676141e+04     2.422635391677122e+04     2.422651427311807e+04     2.422667475010886e+04     2.422731665346180e+04
   46600           -1.22845142e+05            5.30138643e+00            9.94683674e-01            1.00528619e+00     2.414924742721320e+04     2.414990101293014e+04     2.415055548261582e+04     2.415120935374522e+04     2.415186333079258e+04     2.415447923437195e+04
   46800           -1.22903510e+05            2.56975060e+00            9.97407845e-01            1.00254722e+00     2.403038595878548e+04     2.403069810598948e+04     2.403101109542492e+04     2.403132351590036e+04     2.403163603623688e+04     2.403288611368827e+04
   47000           -1.22509904e+05            7.64768277e+00            9.92350904e-01            1.00764595e+00     2.409997186613420e+04     2.410091901757133e+04     2.410186706582427e+04     2.410281449765113e+04     2.410376204299506e+04     2.410755221985592e+04
   47200           -1.22746495e+05            2.87616505e+00            9.97103116e-01            1.00285531e+00     2.417499256941466e+04     2.417534174374105e+04     2.417569185007902e+04     2.417604131790506e+04     2.417639090207088e+04     2.417778923472710e+04
   47400           -1.22422382e+05            5.41115164e+00            9.94579704e-01            1.00540180e+00     2.416098623073312e+04     2.416165419049195e+04     2.416232297953956e+04     2.416299119650249e+04     2.416365952012845e+04     2.416633280952379e+04
   47600           -1.22781167e+05            2.25620101e+00            9.97723187e-01            1.00223549e+00     2.410576475760150e+04     2.410603874734201e+04     2.410631353756471e+04     2.410658778975034e+04     2.410686213579907e+04     2.410795951399663e+04
   47800           -1.22348489e+05            1.82391230e+00            9.98150135e-01            1.00179786e+00     2.417456338357590e+04     2.417478225168972e+04     2.417500193078801e+04     2.417522103829616e+04     2.417544025783459e+04     2.417631713209329e+04
   48000           -1.22267809e+05            4.38408412e+00            9.95600752e-01            1.00436873e+00     2.417233867923763e+04     2.417287879014647e+04     2.417341971763443e+04     2.417396008074285e+04     2.417450054985679e+04     2.417666242047595e+04
   48200           -1.22376427e+05            1.33649407e+00            9.98637719e-01            1.00131064e+00     2.401717117367662e+04     2.401732856989769e+04     2.401748689689972e+04     2.401764461731900e+04     2.401780243314879e+04     2.401843369262096e+04
   48400           -1.22482692e+05            2.27086633e+00            9.97697825e-01            1.00223941e+00     2.399590545338090e+04     2.399617923695400e+04     2.399645390308000e+04     2.399672797244030e+04     2.399700214692724e+04     2.399809884047358e+04
   48600           -1.22440692e+05            2.60152063e+00            9.97373375e-01            1.00257627e+00     2.413343862059740e+04     2.413375579467707e+04     2.413407380152537e+04     2.413439123053809e+04     2.413470876867998e+04     2.413597891676256e+04
   48800           -1.22467262e+05            3.28787808e+00            9.96681657e-01            1.00325719e+00     2.415424894011805e+04     2.415465189862821e+04     2.415505574956031e+04     2.415545899975291e+04     2.415586235448889e+04     2.415747576885974e+04
   49000           -1.22473301e+05            2.09864036e+00            9.97878618e-01            1.00207580e+00     2.412020629094874e+04     2.412046036791350e+04     2.412071525802232e+04     2.412096960079383e+04     2.412122403883876e+04     2.412224178672878e+04
   49200           -1.22370166e+05            6.23347661e+00            9.93755661e-01            1.00622232e+00     2.405515782654249e+04     2.405592742480533e+04     2.405669787136917e+04     2.405746770889490e+04     2.405823767095150e+04     2.406131751536051e+04
   49400           -1.22411687e+05            3.95145315e+00            9.96019252e-01            1.00392188e+00     2.420621237049875e+04     2.420669939267724e+04     2.420718725721262e+04     2.420767451897473e+04     2.420816190307899e+04     2.421011143565923e+04
   49600           -1.22482762e+05            5.91576922e+00            9.94070757e-01            1.00590200e+00     2.418504371419641e+04     2.418577318597578e+04     2.418650348830146e+04     2.418723321339306e+04     2.418796304762952e+04     2.419088238106262e+04
   49800           -1.22773435e+05            4.30983664e+00            9.95668642e-01            1.00428808e+00     2.416236876183883e+04     2.416289792623396e+04     2.416342799466747e+04     2.416395743790916e+04     2.416448699816646e+04     2.416660523449410e+04
   50000           -1.22409863e+05            2.08029705e+00            9.97900586e-01            1.00206109e+00     2.425437325981061e+04     2.425462438906493e+04     2.425487638116693e+04     2.425512777319777e+04     2.425537927933488e+04     2.425638529885914e+04
