#This file was generated on Thu Apr 27 01:43:55 2023
#Using the somd command, of the molecular library Sire version <2023.1.3> 
#For more information visit: https://github.com/openbiosim/sire
#
#General information on simulation parameters:
#Simulation used 25000 moves, 2 cycles and 200 ps of simulation time
#Generating lambda is		 0.37500
#Alchemical array is		 (0.0, 0.125, 0.25, 0.375, 0.5, 1.0)
#Generating temperature is 	25°C
#Energy was saved every 200 steps 
#
#
#   [step]      [potential kcal/mol]       [gradient kcal/mol]      [forward Metropolis]     [backward Metropolis]                   [u_kl]
#   [step]      [potential kcal/mol]       [gradient kcal/mol]      [forward Metropolis]     [backward Metropolis]                   [u_kl]
     200           -1.33539014e+05            1.21294346e+00            9.98849216e-01            1.00127525e+00     2.423133461816381e+04     2.423147888811407e+04     2.423162395939184e+04     2.423176847936639e+04     2.423191310142305e+04     2.423249158468228e+04
     400           -1.29728646e+05            1.98189399e+00            9.98076110e-01            1.00204012e+00     2.419079711146975e+04     2.419103787845661e+04     2.419127954156929e+04     2.419152058931431e+04     2.419176174972305e+04     2.419272638797635e+04
     600           -1.27128717e+05            3.00390613e+00            9.97060263e-01            1.00306844e+00     2.415183070834622e+04     2.415219824623304e+04     2.415256666478499e+04     2.415293446354562e+04     2.415330238312429e+04     2.415477405790236e+04
     800           -1.25562546e+05            4.48044089e+00            9.95584026e-01            1.00454543e+00     2.416618882069498e+04     2.416674217725582e+04     2.416729638139781e+04     2.416784999492472e+04     2.416840372082393e+04     2.417061862095288e+04
    1000           -1.24415991e+05            1.50630911e+00            9.98557524e-01            1.00157033e+00     2.434551615382396e+04     2.434569641278160e+04     2.434587754041455e+04     2.434605807155438e+04     2.434623871231177e+04     2.434696127079958e+04
    1200           -1.23881609e+05            1.57869833e+00            9.98484778e-01            1.00164237e+00     2.425709478372483e+04     2.425728483974854e+04     2.425747576601871e+04     2.425766609437155e+04     2.425785653280678e+04     2.425861828188872e+04
    1400           -1.23380348e+05            3.75964738e+00            9.96305339e-01            1.00382509e+00     2.441625783099337e+04     2.441672070206342e+04     2.441718445746064e+04     2.441764759103913e+04     2.441811084580455e+04     2.441996386061572e+04
    1600           -1.23572194e+05            3.08476367e+00            9.96978924e-01            1.00314883e+00     2.420283382432825e+04     2.420321173425968e+04     2.420359050691334e+04     2.420396869275736e+04     2.420434698363463e+04     2.420586014294100e+04
    1800           -1.23338121e+05            1.18497359e+00            9.98875562e-01            1.00124565e+00     2.422005196458520e+04     2.422019302431495e+04     2.422033493418271e+04     2.422047625251167e+04     2.422061768322039e+04     2.422118340185556e+04
    2000           -1.23221641e+05            2.69356254e+00            9.97369789e-01            1.00275724e+00     2.418587498769907e+04     2.418620447637293e+04     2.418653472238181e+04     2.418686441386377e+04     2.418719422459260e+04     2.418851346148612e+04
    2200           -1.22942778e+05            2.17221504e+00            9.97885093e-01            1.00222977e+00     2.436850400647215e+04     2.436876817321796e+04     2.436903324107189e+04     2.436929769182776e+04     2.436956225561363e+04     2.437062050475510e+04
    2400           -1.22963176e+05            2.70992932e+00            9.97348611e-01            1.00276877e+00     2.436842738451299e+04     2.436875940959553e+04     2.436909227732768e+04     2.436942456322233e+04     2.436975695693056e+04     2.437108652934813e+04
    2600           -1.22750377e+05            8.09953580e-01            9.99253811e-01            1.00087382e+00     2.438372699821551e+04     2.438382071170253e+04     2.438391522615264e+04     2.438400919380617e+04     2.438410326103422e+04     2.438447952385292e+04
    2800           -1.22630336e+05            1.76955001e+00            9.98283035e-01            1.00182232e+00     2.412646662122102e+04     2.412668147599529e+04     2.412689709143807e+04     2.412711216174279e+04     2.412732734318620e+04     2.412818806515139e+04
    3000           -1.22802214e+05            2.54238612e+00            9.97518327e-01            1.00260340e+00     2.435411040412935e+04     2.435442106449030e+04     2.435473261656826e+04     2.435504356806732e+04     2.435535462425454e+04     2.435659884437973e+04
    3200           -1.22617654e+05            5.15800283e+00            9.94911091e-01            1.00522772e+00     2.430633430741756e+04     2.430697159249858e+04     2.430760977705085e+04     2.430824734193764e+04     2.430888502147655e+04     2.431143573553555e+04
    3400           -1.22852980e+05            1.28372365e+00            9.98773942e-01            1.00134154e+00     2.425508543358623e+04     2.425523937790030e+04     2.425539414633865e+04     2.425554834832135e+04     2.425570265448181e+04     2.425631987537739e+04
    3600           -1.22577406e+05            1.93524540e+00            9.98120586e-01            1.00199129e+00     2.421843627034395e+04     2.421867138849997e+04     2.421890735917463e+04     2.421914274928771e+04     2.421937824394567e+04     2.422032021754739e+04
    3800           -1.22492757e+05            1.01816438e+00            9.99045619e-01            1.00108208e+00     2.425308873073967e+04     2.425320875402397e+04     2.425332971716670e+04     2.425345002537723e+04     2.425357045871975e+04     2.425405218669984e+04
    4000           -1.22364362e+05            1.27832862e+00            9.98774280e-01            1.00133107e+00     2.439720833223876e+04     2.439736106447575e+04     2.439751462972630e+04     2.439766759360356e+04     2.439782068189780e+04     2.439843303155685e+04
    4200           -1.22664744e+05            1.65341816e+00            9.98410595e-01            1.00171764e+00     2.424226787049546e+04     2.424246676213232e+04     2.424266641223629e+04     2.424286550921722e+04     2.424306472358412e+04     2.424386157667278e+04
    4400           -1.22479924e+05            8.83370219e-01            9.99174146e-01            1.00094099e+00     2.410977277123068e+04     2.410987587311502e+04     2.410997983893431e+04     2.411008322502968e+04     2.411018671065513e+04     2.411060065007957e+04
    4600           -1.22607282e+05            4.18175783e+00            9.95886308e-01            1.00425035e+00     2.420485650204715e+04     2.420537235023175e+04     2.420588908283016e+04     2.420640521488285e+04     2.420692145368705e+04     2.420898640532696e+04
    4800           -1.22792071e+05            6.13501802e+00            9.93949651e-01            1.00622058e+00     2.411287107470128e+04     2.411363004548245e+04     2.411438984996718e+04     2.411514906216861e+04     2.411590839298814e+04     2.411894571127500e+04
    5000           -1.22522906e+05            3.12762908e+00            9.96940993e-01            1.00319666e+00     2.426198382254595e+04     2.426236701837604e+04     2.426275104266154e+04     2.426313449957304e+04     2.426351805991228e+04     2.426505229727861e+04
    5200           -1.22581861e+05            3.57326482e+00            9.96489072e-01            1.00363602e+00     2.431719586068464e+04     2.431763523334714e+04     2.431807540920103e+04     2.431851500321344e+04     2.431895471853070e+04     2.432071357637675e+04
    5400           -1.22667054e+05            3.65462524e+00            9.96406838e-01            1.00371651e+00     2.427161257746858e+04     2.427206265142664e+04     2.427251359184665e+04     2.427296392898465e+04     2.427341438046754e+04     2.427521618346649e+04
    5600           -1.22669949e+05            1.87551514e+00            9.98183905e-01            1.00193515e+00     2.429179853324074e+04     2.429202560528029e+04     2.429225349882451e+04     2.429248080516555e+04     2.429270823094463e+04     2.429361792864852e+04
    5800           -1.22469935e+05            1.22254308e+00            9.98836544e-01            1.00128177e+00     2.446969214650130e+04     2.446983757720166e+04     2.446998385523824e+04     2.447012953896388e+04     2.447027533850475e+04     2.447085853050820e+04
    6000           -1.22420113e+05            1.24725406e+00            9.98816746e-01            1.00131141e+00     2.422680130140420e+04     2.422694960305570e+04     2.422709877908768e+04     2.422724734996874e+04     2.422739603409655e+04     2.422799076678889e+04
    6200           -1.22684084e+05            2.49613183e+00            9.97567154e-01            1.00255972e+00     2.425560812885291e+04     2.425591280341001e+04     2.425621828694431e+04     2.425652317101086e+04     2.425682818689949e+04     2.425804824494607e+04
    6400           -1.22565038e+05            6.08786303e+00            9.93985234e-01            1.00616170e+00     2.422217614451862e+04     2.422293007233192e+04     2.422368484298599e+04     2.422443904172327e+04     2.422519334273447e+04     2.422821054095031e+04
    6600           -1.22486001e+05            3.71185917e+00            9.96364718e-01            1.00378897e+00     2.442383474221254e+04     2.442429039087348e+04     2.442474683288366e+04     2.442520272133946e+04     2.442565871617359e+04     2.442748269013464e+04
    6800           -1.22503656e+05            4.91056128e+00            9.95161746e-01            1.00498350e+00     2.424749296815448e+04     2.424809942261314e+04     2.424870679039375e+04     2.424931353475609e+04     2.424992039163113e+04     2.425234781510778e+04
    7000           -1.22491916e+05            6.64799737e+00            9.93428916e-01            1.00672574e+00     2.431732953848891e+04     2.431815347156343e+04     2.431897828890241e+04     2.431980247859284e+04     2.432062679352195e+04     2.432392404855500e+04
    7200           -1.22572901e+05            2.81363023e+00            9.97249636e-01            1.00287724e+00     2.436314267842444e+04     2.436348744527537e+04     2.436383305474903e+04     2.436417808377759e+04     2.436452322013192e+04     2.436590376183940e+04
    7400           -1.22723404e+05            2.92605872e+00            9.97137451e-01            1.00298992e+00     2.427719937784108e+04     2.427755747027041e+04     2.427791641752435e+04     2.427827477575194e+04     2.427863324347011e+04     2.428006710909915e+04
    7600           -1.22862286e+05            1.17460090e+00            9.98885050e-01            1.00123439e+00     2.426839467246891e+04     2.426853471082269e+04     2.426867563340807e+04     2.426881596173277e+04     2.426895639340600e+04     2.426951811434309e+04
    7800           -1.22629554e+05            2.25313855e+00            9.97806474e-01            1.00231301e+00     2.429542889264486e+04     2.429570383663819e+04     2.429597970089225e+04     2.429625495257571e+04     2.429653030688415e+04     2.429763172112343e+04
    8000           -1.22529977e+05            2.24905269e+00            9.97815093e-01            1.00231348e+00     2.421003590057336e+04     2.421030945099852e+04     2.421058381545788e+04     2.421085760523863e+04     2.421113150830103e+04     2.421222711602871e+04
    8200           -1.22528363e+05            1.05837892e+00            9.99000053e-01            1.00111693e+00     2.424334083296321e+04     2.424346599769354e+04     2.424359210186112e+04     2.424371754878532e+04     2.424384312213339e+04     2.424434541130357e+04
    8400           -1.22376717e+05            3.10755245e+00            9.96948453e-01            1.00316389e+00     2.417985862407926e+04     2.418024036541832e+04     2.418062298446836e+04     2.418100497611623e+04     2.418138709496534e+04     2.418291556585141e+04
    8600           -1.22711824e+05            2.10868534e+00            9.97951682e-01            1.00216930e+00     2.414189973744901e+04     2.414215547516137e+04     2.414241217399957e+04     2.414266821177682e+04     2.414292437112445e+04     2.414394900479988e+04
    8800           -1.22615259e+05            2.11076768e+00            9.97951313e-01            1.00217311e+00     2.436357425905452e+04     2.436383093050375e+04     2.436408845553202e+04     2.436434540226285e+04     2.436460245115194e+04     2.436563064324936e+04
    9000           -1.22616477e+05            1.14818617e+00            9.98912232e-01            1.00120874e+00     2.423892999579432e+04     2.423906621121456e+04     2.423920323810017e+04     2.423933968999185e+04     2.423947625610647e+04     2.424002251641862e+04
    9200           -1.22765127e+05            1.07333474e+00            9.98980469e-01            1.00112725e+00     2.432199182406057e+04     2.432211930148595e+04     2.432224763027999e+04     2.432237538037782e+04     2.432250323322832e+04     2.432301464239608e+04
    9400           -1.22621186e+05            4.87227727e+00            9.95191066e-01            1.00493616e+00     2.445004425520569e+04     2.445064723043917e+04     2.445125102982081e+04     2.445185426121854e+04     2.445245759749683e+04     2.445487093978797e+04
    9600           -1.22404001e+05            2.03245352e+00            9.98023228e-01            1.00208836e+00     2.412448905579808e+04     2.412473634235607e+04     2.412498449015176e+04     2.412523203614898e+04     2.412547969843761e+04     2.412647034107715e+04
    9800           -1.22771895e+05            5.34901861e+00            9.94723388e-01            1.00542210e+00     2.417916567135978e+04     2.417982625910780e+04     2.418048774048749e+04     2.418114862726073e+04     2.418180961417004e+04     2.418445355698029e+04
   10000           -1.22466784e+05            7.14684724e+00            9.92938901e-01            1.00723358e+00     2.411752373432062e+04     2.411840993581278e+04     2.411929700178652e+04     2.412018348216407e+04     2.412107006552731e+04     2.412461639673400e+04
   10200           -1.22491835e+05            1.36276360e+00            9.98695094e-01            1.00142078e+00     2.428853206378194e+04     2.428869562288036e+04     2.428886002091856e+04     2.428902385224082e+04     2.428918778331495e+04     2.428984350284796e+04
   10400           -1.22469474e+05            4.32750767e+00            9.95738542e-01            1.00439408e+00     2.421787688833288e+04     2.421841136575160e+04     2.421894672514077e+04     2.421948149032365e+04     2.422001635885679e+04     2.422215582938071e+04
   10600           -1.22626589e+05            1.66918146e+00            9.98385185e-01            1.00172373e+00     2.409078847067144e+04     2.409099080239832e+04     2.409119397975583e+04     2.409139657142588e+04     2.409159927372868e+04     2.409241007678592e+04
   10800           -1.22752110e+05            9.55353449e-01            9.99105676e-01            1.00101650e+00     2.425935288803606e+04     2.425946448904941e+04     2.425957692835735e+04     2.425968878906671e+04     2.425980075771305e+04     2.426024862739004e+04
   11000           -1.22450505e+05            9.82911070e-01            9.99073033e-01            1.00103896e+00     2.428517854541575e+04     2.428529438623013e+04     2.428541110593238e+04     2.428552723085233e+04     2.428564346081222e+04     2.428610837620869e+04
   11200           -1.22522589e+05            1.96686382e+00            9.98095513e-01            1.00202948e+00     2.430463463383966e+04     2.430487262816160e+04     2.430511143643110e+04     2.430534965582472e+04     2.430558799798389e+04     2.430654136212811e+04
   11400           -1.22623718e+05            7.46000114e-01            9.99311393e-01            1.00080348e+00     2.429251074430906e+04     2.429259693119761e+04     2.429268393138853e+04     2.429277035085956e+04     2.429285688803915e+04     2.429320303176924e+04
   11600           -1.22643312e+05            1.68211535e+00            9.98374807e-01            1.00173923e+00     2.420944874054245e+04     2.420965211850446e+04     2.420985631531569e+04     2.421005995072094e+04     2.421026368869369e+04     2.421107863684492e+04
   11800           -1.22681230e+05            3.16647084e+00            9.96895195e-01            1.00322851e+00     2.428435019584201e+04     2.428473905386069e+04     2.428512883751073e+04     2.428551798142978e+04     2.428590724442542e+04     2.428746429300883e+04
   12000           -1.22850697e+05            7.42019573e-01            9.99311739e-01            1.00079586e+00     2.420872986184946e+04     2.420881610539129e+04     2.420890315282646e+04     2.420898962619918e+04     2.420907621572836e+04     2.420942256960725e+04
   12200           -1.22741608e+05            5.25842052e-01            9.99531578e-01            1.00058332e+00     2.426360278548776e+04     2.426366172922114e+04     2.426372149853345e+04     2.426378071104904e+04     2.426384002121188e+04     2.426407725693599e+04
   12400           -1.22818359e+05            4.17060213e+00            9.95899951e-01            1.00424170e+00     2.418366237829836e+04     2.418417631589158e+04     2.418469106424823e+04     2.418520524625168e+04     2.418571953659200e+04     2.418777669488564e+04
   12600           -1.22693336e+05            2.28704748e+00            9.97773955e-01            1.00234832e+00     2.441044549314589e+04     2.441072354093841e+04     2.441100243194211e+04     2.441128071621793e+04     2.441155912521916e+04     2.441267275729244e+04
   12800           -1.23000773e+05            2.15346318e+00            9.97908385e-01            1.00221557e+00     2.425233228804784e+04     2.425259458928192e+04     2.425285763977419e+04     2.425312013425946e+04     2.425338275132212e+04     2.425443321459639e+04
   13000           -1.22645426e+05            2.68455193e+00            9.97381397e-01            1.00275084e+00     2.434683697256403e+04     2.434716494299988e+04     2.434749379482967e+04     2.434782202981034e+04     2.434815038384673e+04     2.434946379512942e+04
   13200           -1.22590655e+05            2.17899549e+00            9.97880529e-01            1.00223877e+00     2.434174881482239e+04     2.434201399275190e+04     2.434228004415384e+04     2.434254551382161e+04     2.434281108156480e+04     2.434387334830721e+04
   13400           -1.22579526e+05            4.15319772e+00            9.95908135e-01            1.00421499e+00     2.419807937443004e+04     2.419859170550960e+04     2.419910480826775e+04     2.419961736496038e+04     2.420013003008845e+04     2.420218068574686e+04
   13600           -1.22621601e+05            2.60665684e+00            9.97457086e-01            1.00267072e+00     2.425265282774613e+04     2.425297135189087e+04     2.425329074096225e+04     2.425360954902997e+04     2.425392845776544e+04     2.425520408778476e+04
   13800           -1.22478561e+05            1.94619526e+00            9.98117053e-01            1.00200969e+00     2.421639078128302e+04     2.421662707278190e+04     2.421686422693133e+04     2.421710078400369e+04     2.421733745321463e+04     2.421828412514623e+04
   14000           -1.22706351e+05            5.26147946e+00            9.94815207e-01            1.00533888e+00     2.425108405606754e+04     2.425173446914761e+04     2.425238581771316e+04     2.425303654455257e+04     2.425368737520355e+04     2.425629069433955e+04
   14200           -1.22591193e+05            4.36783378e+00            9.95704671e-01            1.00444092e+00     2.421061441442651e+04     2.421115249516810e+04     2.421169129361922e+04     2.421222955985777e+04     2.421276794397215e+04     2.421492147351780e+04
   14400           -1.22482389e+05            7.23381066e-01            9.99336521e-01            1.00078337e+00     2.427213379689577e+04     2.427221702044410e+04     2.427230105403001e+04     2.427238454114568e+04     2.427246812409464e+04     2.427280245129350e+04
   14600           -1.22466821e+05            4.10364123e+00            9.95964001e-01            1.00417179e+00     2.413442634917937e+04     2.413493159914132e+04     2.413543764428952e+04     2.413594311789872e+04     2.413644870891107e+04     2.413847106864278e+04
   14800           -1.22598689e+05            1.76995283e+00            9.98286198e-01            1.00182630e+00     2.436469304929921e+04     2.436490714680709e+04     2.436512203805252e+04     2.436533638097390e+04     2.436555082625890e+04     2.436640860321858e+04
   15000           -1.22913666e+05            2.90851629e+00            9.97159914e-01            1.00297733e+00     2.421694261686783e+04     2.421729864479900e+04     2.421765557175040e+04     2.421801188051012e+04     2.421836830320564e+04     2.421979398954345e+04
   15200           -1.22764166e+05            3.57433751e+00            9.96488317e-01            1.00363741e+00     2.413847048483551e+04     2.413891042151679e+04     2.413935116991136e+04     2.413979131699348e+04     2.414023159607434e+04     2.414199270731317e+04
   15400           -1.22660823e+05            2.59432292e+00            9.97468404e-01            1.00265736e+00     2.425401371835112e+04     2.425433101376190e+04     2.425464907662169e+04     2.425496659091152e+04     2.425528421660256e+04     2.425655471485400e+04
   15600           -1.22917891e+05            4.30011839e+00            9.95764623e-01            1.00436537e+00     2.407434314610376e+04     2.407487391683941e+04     2.407540556782200e+04     2.407593660393623e+04     2.407646775786880e+04     2.407859236963383e+04
   15800           -1.22817499e+05            6.00374266e-01            9.99460594e-01            1.00066142e+00     2.421437050332719e+04     2.421443834693679e+04     2.421450709046270e+04     2.421457521830300e+04     2.421464345812566e+04     2.421491641292414e+04
   16000           -1.22753077e+05            3.06766552e-01            9.99753019e-01            1.00036659e+00     2.424132295753802e+04     2.424135404700294e+04     2.424138599908257e+04     2.424141735293747e+04     2.424144881946990e+04     2.424157468140178e+04
   16200           -1.22798162e+05            4.72753522e+00            9.95341597e-01            1.00479725e+00     2.402474922913270e+04     2.402533304974423e+04     2.402591766963717e+04     2.402650171999913e+04     2.402708588529250e+04     2.402942254145230e+04
   16400           -1.22596405e+05            2.01233943e+00            9.98044637e-01            1.00206954e+00     2.428719856430144e+04     2.428744341399724e+04     2.428768907005065e+04     2.428793415501928e+04     2.428817935371070e+04     2.428916014311996e+04
   16600           -1.22567431e+05            4.21580964e+00            9.95847055e-01            1.00427916e+00     2.427210789669359e+04     2.427262769880924e+04     2.427314837929302e+04     2.427366846356428e+04     2.427418865417672e+04     2.427626941165985e+04
   16800           -1.22601047e+05            6.74070038e+00            9.93339736e-01            1.00682202e+00     2.424553274074243e+04     2.424636803979975e+04     2.424720417493528e+04     2.424803971481321e+04     2.424887537439801e+04     2.425221800805359e+04
   17000           -1.22858077e+05            2.00114326e+00            9.98054357e-01            1.00205686e+00     2.428436309787066e+04     2.428460677317344e+04     2.428485133501378e+04     2.428509530418404e+04     2.428533937378449e+04     2.428631564969831e+04
   17200           -1.22822826e+05            3.02445933e+00            9.97031476e-01            1.00308072e+00     2.431657945205908e+04     2.431695125795866e+04     2.431732390900796e+04     2.431769597051443e+04     2.431806814560013e+04     2.431955683914118e+04
   17400           -1.22658305e+05            1.38644207e+00            9.98674273e-01            1.00144732e+00     2.420833743942534e+04     2.420850344485700e+04     2.420867035536649e+04     2.420883665324970e+04     2.420900305889636e+04     2.420966867836738e+04
   17600           -1.22393616e+05            4.42736111e+00            9.95642785e-01            1.00449807e+00     2.422051667481944e+04     2.422106287339448e+04     2.422160990561036e+04     2.422215634630376e+04     2.422270290455062e+04     2.422488913428181e+04
   17800           -1.22476788e+05            1.68613292e+00            9.98370594e-01            1.00174305e+00     2.425392218533665e+04     2.425412555604431e+04     2.425432972076731e+04     2.425453332720369e+04     2.425473704219760e+04     2.425555189905854e+04
   18000           -1.22556641e+05            2.62692970e+00            9.97434130e-01            1.00268830e+00     2.426869060863392e+04     2.426901179908276e+04     2.426933385007333e+04     2.426965531998537e+04     2.426997689155125e+04     2.427126317446859e+04
   18200           -1.22626529e+05            2.24454043e-01            9.99832950e-01            1.00028188e+00     2.421849879399746e+04     2.421851942995078e+04     2.421854091180655e+04     2.421856178456455e+04     2.421858278342740e+04     2.421866677285734e+04
   18400           -1.22646260e+05            1.53734497e+00            9.98524730e-01            1.00159961e+00     2.436033114314684e+04     2.436051584954142e+04     2.436070145826580e+04     2.436088645843918e+04     2.436107156502384e+04     2.436181198690084e+04
   18600           -1.22431961e+05            1.16023106e+00            9.98906339e-01            1.00122696e+00     2.440023895849265e+04     2.440037630181248e+04     2.440051449374098e+04     2.440065207952362e+04     2.440078978766389e+04     2.440134061683512e+04
   18800           -1.22508389e+05            1.35270791e+00            9.98703954e-01            1.00140952e+00     2.418537493929752e+04     2.418553701063219e+04     2.418569995741670e+04     2.418586228718668e+04     2.418602473777096e+04     2.418667453624442e+04
   19000           -1.22485736e+05            8.53102272e-01            9.99203571e-01            1.00090987e+00     2.416807879963419e+04     2.416817816685711e+04     2.416827841905838e+04     2.416837804934912e+04     2.416847780025168e+04     2.416887680086916e+04
   19200           -1.22384774e+05            4.35300479e+00            9.95718365e-01            1.00442494e+00     2.414178996719768e+04     2.414232566830848e+04     2.414286220953293e+04     2.414339815945717e+04     2.414393422437853e+04     2.414607848155938e+04
   19400           -1.22348431e+05            4.88199876e+00            9.95182596e-01            1.00494715e+00     2.416655790255063e+04     2.416716128451362e+04     2.416776556736669e+04     2.416836923906871e+04     2.416897301964003e+04     2.417138813672943e+04
   19600           -1.22421346e+05            6.88203701e+00            9.93205497e-01            1.00697057e+00     2.415341131068227e+04     2.415426338351070e+04     2.415511628437636e+04     2.415596861735865e+04     2.415682105467989e+04     2.416023079867751e+04
   19800           -1.22327824e+05            2.92614070e+00            9.97133329e-01            1.00298594e+00     2.429922337664689e+04     2.429958218387249e+04     2.429994193600156e+04     2.430030105574129e+04     2.430066028300468e+04     2.430209718936248e+04
   20000           -1.22721976e+05            1.00708771e+01            9.90042607e-01            1.01018598e+00     2.424935122714195e+04     2.425060324723987e+04     2.425185611752360e+04     2.425310840551066e+04     2.425436079946068e+04     2.425937037177941e+04
   20200           -1.22736766e+05            2.31490861e+00            9.97751187e-01            1.00238130e+00     2.417906008328361e+04     2.417934174526262e+04     2.417962422336074e+04     2.417990612927155e+04     2.418018814544687e+04     2.418131620761013e+04
   20400           -1.22379679e+05            1.18475648e+00            9.98877008e-01            1.00124667e+00     2.420877586696993e+04     2.420891651986129e+04     2.420905802002912e+04     2.420919891189401e+04     2.420933992776032e+04     2.420990398855070e+04
   20600           -1.22460666e+05            3.93616515e+00            9.96130777e-01            1.00400360e+00     2.414044089005682e+04     2.414092556280412e+04     2.414141107693753e+04     2.414189600712191e+04     2.414238104741632e+04     2.414432120477581e+04
   20800           -1.22307757e+05            2.46998092e+00            9.97589194e-01            1.00252944e+00     2.438506880131454e+04     2.438537064820092e+04     2.438567332029285e+04     2.438597542350684e+04     2.438627763240374e+04     2.438748646349294e+04
   21000           -1.22433382e+05            4.39703090e+00            9.95669342e-01            1.00446393e+00     2.424609418837578e+04     2.424663726073246e+04     2.424718111721454e+04     2.424772443828479e+04     2.424826785575773e+04     2.425044152313969e+04
   21200           -1.22548220e+05            2.84753519e+00            9.97213316e-01            1.00290872e+00     2.438238141401493e+04     2.438273013459061e+04     2.438307970326418e+04     2.438342868094091e+04     2.438377777081856e+04     2.438517412762219e+04
   21400           -1.22404214e+05            2.52646875e+00            9.97538321e-01            1.00259158e+00     2.409779578258899e+04     2.409810457990412e+04     2.409841421265825e+04     2.409872325635149e+04     2.409903241581137e+04     2.410026904903376e+04
   21600           -1.22547650e+05            1.03333423e+00            9.99021772e-01            1.00108855e+00     2.430795894404487e+04     2.430808090824771e+04     2.430820375787397e+04     2.430832600780094e+04     2.430844836395148e+04     2.430893778385810e+04
   21800           -1.22494229e+05            1.93428030e+00            9.98124482e-01            1.00199327e+00     2.432395706565735e+04     2.432419159441688e+04     2.432442695348972e+04     2.432466172732410e+04     2.432489661556491e+04     2.432583616547248e+04
   22000           -1.22590958e+05            1.60210564e+00            9.98460325e-01            1.00166473e+00     2.414808099378849e+04     2.414827364052526e+04     2.414846717597710e+04     2.414866009213377e+04     2.414885312667350e+04     2.414962525955850e+04
   22200           -1.22355674e+05            1.15962118e+00            9.98902081e-01            1.00122147e+00     2.424631735038395e+04     2.424645521746409e+04     2.424659404644073e+04     2.424673221824678e+04     2.424687050920114e+04     2.424742366801833e+04
   22400           -1.22372133e+05            2.18103400e+00            9.97882132e-01            1.00224447e+00     2.419799102773126e+04     2.419825613769969e+04     2.419852206757176e+04     2.419878742447557e+04     2.419905289141658e+04     2.420011475510191e+04
   22600           -1.22562840e+05            2.36199973e+00            9.97697548e-01            1.00242182e+00     2.415542698826195e+04     2.415571544328184e+04     2.415600471270630e+04     2.415629340541362e+04     2.415658221238513e+04     2.415773743650831e+04
   22800           -1.22548595e+05            2.47999770e+00            9.97578112e-01            1.00253839e+00     2.425583401770930e+04     2.425613710693529e+04     2.425644099194492e+04     2.425674430861276e+04     2.425704774013659e+04     2.425826146256388e+04
   23000           -1.22677690e+05            3.97710940e+00            9.96093999e-01            1.00404874e+00     2.420760593839514e+04     2.420809535393295e+04     2.420858560795649e+04     2.420907528420537e+04     2.420956506766343e+04     2.421152419693172e+04
   23200           -1.22448846e+05            7.51721571e-01            9.99314886e-01            1.00081843e+00     2.435844914405335e+04     2.435853439370845e+04     2.435862051552469e+04     2.435870604946771e+04     2.435879168658052e+04     2.435913422910769e+04
   23400           -1.22548158e+05            1.13151359e+00            9.98926310e-01            1.00118947e+00     2.410653873545854e+04     2.410667294246023e+04     2.410680811430059e+04     2.410694262198518e+04     2.410707725221150e+04     2.410761576896445e+04
   23600           -1.22399105e+05            1.31277636e+00            9.98748619e-01            1.00137433e+00     2.419405298313882e+04     2.419420993989136e+04     2.419436770295968e+04     2.419452489342065e+04     2.419468219815841e+04     2.419531141317801e+04
   23800           -1.22287734e+05            2.59718968e+00            9.97466632e-01            1.00266133e+00     2.440518530988104e+04     2.440550256039955e+04     2.440582062159487e+04     2.440613811344123e+04     2.440645571615406e+04     2.440772612242708e+04
   24000           -1.22347084e+05            2.00663077e+00            9.98058368e-01            1.00207189e+00     2.424865753512227e+04     2.424890149770863e+04     2.424914642691093e+04     2.424939072060434e+04     2.424963511780615e+04     2.425061270049003e+04
   24200           -1.22516150e+05            1.35428676e+00            9.98702472e-01            1.00141120e+00     2.422260104130818e+04     2.422276364794318e+04     2.422292707712830e+04     2.422308993410536e+04     2.422325289974858e+04     2.422390475818897e+04
   24400           -1.22487386e+05            2.79927421e+00            9.97267263e-01            1.00286617e+00     2.424174864799446e+04     2.424209086542241e+04     2.424243395658865e+04     2.424277643247311e+04     2.424311902875611e+04     2.424448940951776e+04
   24600           -1.22326347e+05            3.17036483e+00            9.96892667e-01            1.00323378e+00     2.433067016550188e+04     2.433105901757414e+04     2.433144867056468e+04     2.433183777089069e+04     2.433222697382600e+04     2.433378378215012e+04
   24800           -1.22547077e+05            5.88080682e+00            9.94196999e-01            1.00595940e+00     2.430265697816622e+04     2.430338486916957e+04     2.430411372321046e+04     2.430484193088995e+04     2.430557024983356e+04     2.430848352150090e+04
   25000           -1.22679076e+05            1.15346584e+00            9.98910559e-01            1.00121764e+00     2.432734218320856e+04     2.432747872644516e+04     2.432761606657956e+04     2.432775285173002e+04     2.432788974274860e+04     2.432843730228863e+04
   25200           -1.22572570e+05            5.75675246e+00            9.94316950e-01            1.00583118e+00     2.418782393478917e+04     2.418853631877738e+04     2.418924953910966e+04     2.418996218606557e+04     2.419067493761415e+04     2.419352594043913e+04
   25400           -1.22513472e+05            3.98025553e+00            9.96086507e-01            1.00404751e+00     2.422699243570268e+04     2.422748257010286e+04     2.422797361114009e+04     2.422846404710892e+04     2.422895458539731e+04     2.423091673509194e+04
   25600           -1.22760404e+05            1.78729991e+00            9.98262051e-01            1.00183682e+00     2.413421931377548e+04     2.413443634725699e+04     2.413465419361673e+04     2.413487147294745e+04     2.413508886099889e+04     2.413595840822230e+04
   25800           -1.22390553e+05            2.38563183e+00            9.97671609e-01            1.00244314e+00     2.407903310202541e+04     2.407932460185980e+04     2.407961690026770e+04     2.407990864188526e+04     2.408020049014906e+04     2.408136787827271e+04
   26000           -1.22425376e+05            2.06662739e+00            9.97994509e-01            1.00212801e+00     2.418296668051611e+04     2.418321808735874e+04     2.418347036764691e+04     2.418372202442049e+04     2.418397380741857e+04     2.418498093432103e+04
   26200           -1.22393835e+05            5.31713224e+00            9.94757921e-01            1.00539289e+00     2.412319603418329e+04     2.412385320629191e+04     2.412451119282902e+04     2.412516861600665e+04     2.412582614458344e+04     2.412845625498359e+04
   26400           -1.22594046e+05            1.21599297e+00            9.98836757e-01            1.00126887e+00     2.426152362958467e+04     2.426166893588410e+04     2.426181513272067e+04     2.426196070951335e+04     2.426210640428081e+04     2.426268917897694e+04
   26600           -1.22687074e+05            3.09527669e+00            9.96963603e-01            1.00315450e+00     2.436189639162322e+04     2.436227691803909e+04     2.436265821085251e+04     2.436303894405963e+04     2.436341979680933e+04     2.436494320199544e+04
   26800           -1.22506360e+05            2.07513564e+00            9.97988499e-01            1.00213903e+00     2.418497186505935e+04     2.418522377980760e+04     2.418547653510560e+04     2.418572869709500e+04     2.418598097517702e+04     2.418699008529467e+04
   27000           -1.22706020e+05            1.65697673e+00            9.98403997e-01            1.00171815e+00     2.403722988878782e+04     2.403742973653997e+04     2.403763044481591e+04     2.403783055772319e+04     2.403803078231534e+04     2.403883167584286e+04
   27200           -1.22702493e+05            1.66054374e+00            9.98401254e-01            1.00172254e+00     2.411758134471043e+04     2.411778127782886e+04     2.411798214949442e+04     2.411818241082859e+04     2.411838276732827e+04     2.411918418994611e+04
   27400           -1.22250395e+05            6.33016413e-01            9.99416155e-01            1.00068225e+00     2.425658346721981e+04     2.425665570271130e+04     2.425672881448898e+04     2.425680130504457e+04     2.425687391907065e+04     2.425716437092151e+04
   27600           -1.22383229e+05            1.87840525e+00            9.98180285e-01            1.00193731e+00     2.440802108199552e+04     2.440824933664669e+04     2.440847839402029e+04     2.440870687146854e+04     2.440893546909260e+04     2.440984985618968e+04
   27800           -1.22403723e+05            8.10950770e-01            9.99245292e-01            1.00086728e+00     2.424390052202632e+04     2.424399530024614e+04     2.424409086556342e+04     2.424418586023220e+04     2.424428097385662e+04     2.424466142568691e+04
   28000           -1.22485180e+05            1.29141065e+00            9.98765079e-01            1.00134804e+00     2.433697423630518e+04     2.433712899393634e+04     2.433728464010335e+04     2.433743967251875e+04     2.433759481933912e+04     2.433821540237307e+04
   28200           -1.22603444e+05            2.60266779e+00            9.97464894e-01            1.00267057e+00     2.414839244707648e+04     2.414871054750294e+04     2.414902956190253e+04     2.414934795672442e+04     2.414966646082847e+04     2.415094047458047e+04
   28400           -1.22424407e+05            2.45780353e+00            9.97609588e-01            1.00252552e+00     2.413216600615940e+04     2.413246624820727e+04     2.413276730707919e+04     2.413306779345440e+04     2.413336839068900e+04     2.413457077521860e+04
   28600           -1.22443871e+05            5.80846652e+00            9.94267464e-01            1.00588515e+00     2.440185712719382e+04     2.440257584417977e+04     2.440329538299895e+04     2.440401435346104e+04     2.440473343006082e+04     2.440760973292781e+04
   28800           -1.22552610e+05            1.50367865e+00            9.98552587e-01            1.00156011e+00     2.426691192670642e+04     2.426709310394413e+04     2.426727511758564e+04     2.426745653111381e+04     2.426763806709166e+04     2.426836420747689e+04
   29000           -1.22507248e+05            2.54770363e+00            9.97518445e-01            1.00261418e+00     2.417270340012374e+04     2.417301459217160e+04     2.417332666152122e+04     2.417363811830993e+04     2.417394969259737e+04     2.417519598507101e+04
   29200           -1.22357324e+05            2.00902200e+00            9.98054928e-01            1.00207322e+00     2.421499244175659e+04     2.421523610891407e+04     2.421548066066755e+04     2.421572461219520e+04     2.421596866949707e+04     2.421694489723755e+04
   29400           -1.22621937e+05            3.81262666e+00            9.96253271e-01            1.00387899e+00     2.407204467611669e+04     2.407251456898514e+04     2.407298529242380e+04     2.407345542570365e+04     2.407392567722674e+04     2.407580667833679e+04
   29600           -1.22355097e+05            3.17537692e+00            9.96886880e-01            1.00323801e+00     2.424993663968578e+04     2.425032633582498e+04     2.425071688165713e+04     2.425110686582045e+04     2.425149694195937e+04     2.425305724423295e+04
   29800           -1.22895290e+05            3.20438512e+00            9.96860987e-01            1.00327016e+00     2.419762428905650e+04     2.419801765097177e+04     2.419841181612025e+04     2.419880539832165e+04     2.419919910299364e+04     2.420077391693078e+04
   30000           -1.22843821e+05            2.46663575e+00            9.97591407e-01            1.00252496e+00     2.432153733988788e+04     2.432183889709049e+04     2.432214136778829e+04     2.432244322074948e+04     2.432274518291898e+04     2.432395302595008e+04
   30200           -1.22583765e+05            8.38985949e-01            9.99224410e-01            1.00090249e+00     2.429235466282860e+04     2.429245239451064e+04     2.429255093745195e+04     2.429264888627122e+04     2.429274696188447e+04     2.429313926094034e+04
   30400           -1.22622134e+05            2.72429626e+00            9.97340383e-01            1.00278932e+00     2.417563785793164e+04     2.417597134357488e+04     2.417630571960890e+04     2.417663950148676e+04     2.417697338388153e+04     2.417830890983143e+04
   30600           -1.22702871e+05            1.98744754e+00            9.98067820e-01            1.00204293e+00     2.420028684143025e+04     2.420052805220404e+04     2.420077011242884e+04     2.420101158174304e+04     2.420125316321411e+04     2.420221948499797e+04
   30800           -1.22738263e+05            5.54971842e+00            9.94521700e-01            1.00562182e+00     2.426113426390814e+04     2.426182104859164e+04     2.426250875349706e+04     2.426319583609164e+04     2.426388302818951e+04     2.426663179247088e+04
   31000           -1.22713478e+05            1.40892427e+00            9.98651671e-01            1.00146969e+00     2.412663346241061e+04     2.412680255620522e+04     2.412697258527024e+04     2.412714197257240e+04     2.412731147709168e+04     2.412798949177275e+04
   31200           -1.22742564e+05            5.08390760e+00            9.94984874e-01            1.00515330e+00     2.425404346657516e+04     2.425467168432009e+04     2.425530078763777e+04     2.425592928707028e+04     2.425655789552443e+04     2.425907232447371e+04
   31400           -1.22862549e+05            2.90109300e+00            9.97169489e-01            1.00297207e+00     2.414069266199183e+04     2.414104740038568e+04     2.414140297238453e+04     2.414175797121451e+04     2.414211307527656e+04     2.414353348856128e+04
   31600           -1.22533029e+05            2.46088152e+00            9.97603918e-01            1.00252599e+00     2.421594365581941e+04     2.421624360693715e+04     2.421654436413173e+04     2.421684455070692e+04     2.421714485076111e+04     2.421834604570281e+04
   31800           -1.22641050e+05            2.09289929e+00            9.97969446e-01            1.00215550e+00     2.421369031928989e+04     2.421394437176551e+04     2.421419918700053e+04     2.421445347025793e+04     2.421470785477357e+04     2.421572539025725e+04
   32000           -1.22409460e+05            2.67093819e+00            9.97394937e-01            1.00273715e+00     2.422733756487936e+04     2.422766372710872e+04     2.422799071207041e+04     2.422831711118110e+04     2.422864362798430e+04     2.422994969108923e+04
   32200           -1.22524937e+05            6.54653260e+00            9.93531105e-01            1.00662501e+00     2.412634630564330e+04     2.412715758158408e+04     2.412796981519774e+04     2.412878139548900e+04     2.412959309334358e+04     2.413283988104386e+04
   32400           -1.22480817e+05            1.27745388e+00            9.98777050e-01            1.00133210e+00     2.424615923430877e+04     2.424631208015794e+04     2.424646567056078e+04     2.424661872681707e+04     2.424677189214333e+04     2.424738454997789e+04
   32600           -1.22525261e+05            3.07982402e+00            9.96982048e-01            1.00314206e+00     2.415277640222398e+04     2.415315411345741e+04     2.415353272685936e+04     2.415391072738041e+04     2.415428883720761e+04     2.415580127219125e+04
   32800           -1.22838105e+05            3.01236094e+00            9.97053280e-01            1.00307838e+00     2.418201744738119e+04     2.418238646201371e+04     2.418275630337515e+04     2.418312558115422e+04     2.418349496060243e+04     2.418497247382366e+04
   33000           -1.22683551e+05            1.51878915e+00            9.98541325e-01            1.00157908e+00     2.424192769672617e+04     2.424211015341647e+04     2.424229349885171e+04     2.424247623253749e+04     2.424265907907926e+04     2.424339046143235e+04
   33200           -1.22462189e+05            4.40872477e+00            9.95663642e-01            1.00448167e+00     2.406558012657768e+04     2.406612400760920e+04     2.406666865978763e+04     2.406721278139334e+04     2.406775700120851e+04     2.406993387583933e+04
   33400           -1.22404709e+05            1.62658790e+00            9.98433680e-01            1.00168705e+00     2.403538514232478e+04     2.403558074536460e+04     2.403577716218770e+04     2.403597305081715e+04     2.403616902102763e+04     2.403695289973048e+04
   33600           -1.22230824e+05            1.94637676e+00            9.98112232e-01            1.00200521e+00     2.435789368028126e+04     2.435813002538082e+04     2.435836727870950e+04     2.435860392297574e+04     2.435884067158458e+04     2.435978766288791e+04
   33800           -1.22573853e+05            1.03387759e+00            9.99029163e-01            1.00109705e+00     2.425657928492589e+04     2.425670132026874e+04     2.425682418511245e+04     2.425694647111957e+04     2.425706886791736e+04     2.425755845090882e+04
   34000           -1.22582042e+05            2.76475228e+00            9.97299627e-01            1.00282947e+00     2.418641087138184e+04     2.418674900496567e+04     2.418708796878813e+04     2.418742635289916e+04     2.418776484815562e+04     2.418911882492940e+04
   34200           -1.22217242e+05            1.70940244e+00            9.98346046e-01            1.00176504e+00     2.423210229887717e+04     2.423230950810182e+04     2.423251755166327e+04     2.423272503763557e+04     2.423293261861040e+04     2.423376293834363e+04
   34400           -1.22435962e+05            1.37302969e+00            9.98689001e-01            1.00143523e+00     2.417831101226202e+04     2.417847543085583e+04     2.417864075767875e+04     2.417880544965068e+04     2.417897026319188e+04     2.417962951412174e+04
   34600           -1.22412207e+05            2.39567618e+00            9.97656431e-01            1.00244802e+00     2.432435374487473e+04     2.432464709687128e+04     2.432494130356401e+04     2.432523493487012e+04     2.432552866649749e+04     2.432670358812025e+04
   34800           -1.22563190e+05            1.84393815e+00            9.98215756e-01            1.00190385e+00     2.418709589281455e+04     2.418731946982520e+04     2.418754381920742e+04     2.418776761759819e+04     2.418799152728669e+04     2.418888716175883e+04
   35000           -1.22492507e+05            2.76940895e+00            9.97289260e-01            1.00282839e+00     2.408829522090818e+04     2.408863466162421e+04     2.408897493458914e+04     2.408931462242164e+04     2.408965442416172e+04     2.409101362741526e+04
   35200           -1.22762282e+05            4.84486371e+00            9.95221277e-01            1.00491157e+00     2.410200002457316e+04     2.410259850469181e+04     2.410319789539931e+04     2.410379665783599e+04     2.410439553670466e+04     2.410679104883616e+04
   35400           -1.22520759e+05            2.27731502e+00            9.97785452e-01            1.00234036e+00     2.422275722646922e+04     2.422303428012063e+04     2.422331222287543e+04     2.422358953964239e+04     2.422386697915101e+04     2.422497673183279e+04
   35600           -1.22417047e+05            2.12988646e+00            9.97930536e-01            1.00219056e+00     2.423321308090742e+04     2.423347232101304e+04     2.423373233410256e+04     2.423399179034323e+04     2.423425136193479e+04     2.423528964296215e+04
   35800           -1.22322289e+05            2.35760397e+00            9.97708815e-01            1.00242433e+00     2.422707026238945e+04     2.422735754192607e+04     2.422764563361210e+04     2.422793315868916e+04     2.422822079193359e+04     2.422937132147773e+04
   36000           -1.22479079e+05            1.36942914e+00            9.98693421e-01            1.00143245e+00     2.430456280754467e+04     2.430472664805755e+04     2.430489137450759e+04     2.430505550361735e+04     2.430521973689711e+04     2.430587666624955e+04
   36200           -1.22423704e+05            3.71008975e+00            9.96361588e-01            1.00378227e+00     2.416348609798948e+04     2.416394238502794e+04     2.416439954585246e+04     2.416485607210752e+04     2.416531273161248e+04     2.416713936523547e+04
   36400           -1.22173411e+05            4.66739774e+00            9.95397574e-01            1.00473291e+00     2.419480061870222e+04     2.419537748067673e+04     2.419595514055565e+04     2.419653226812138e+04     2.419710948579396e+04     2.419941835288570e+04
   36600           -1.22251818e+05            3.83251231e+00            9.96232460e-01            1.00389795e+00     2.421614063159780e+04     2.421661223312062e+04     2.421708468696496e+04     2.421755655612869e+04     2.421802853217900e+04     2.421991643276020e+04
   36800           -1.22353799e+05            4.46441150e+00            9.95606885e-01            1.00453629e+00     2.421477338886140e+04     2.421532438160436e+04     2.421587620880958e+04     2.421642745616263e+04     2.421697881327584e+04     2.421918423769029e+04
   37000           -1.22288432e+05            1.80772292e+00            9.98248266e-01            1.00186391e+00     2.420885435505110e+04     2.420907383728327e+04     2.420929420532118e+04     2.420951397232038e+04     2.420973384599969e+04     2.421061333694828e+04
   37200           -1.22641549e+05            2.24851613e+00            9.97817114e-01            1.00231443e+00     2.417316672602803e+04     2.417344014336425e+04     2.417371442040585e+04     2.417398810376715e+04     2.417426189789188e+04     2.417535706975573e+04
   37400           -1.22494527e+05            2.90681628e+00            9.97157404e-01            1.00297139e+00     2.416159580746350e+04     2.416195113509062e+04     2.416230736551950e+04     2.416266299061115e+04     2.416301871942026e+04     2.416444163137703e+04
   37600           -1.22625996e+05            4.70736398e-01            9.99576247e-01            1.00051776e+00     2.415951453141898e+04     2.415956723725700e+04     2.415962082543885e+04     2.415967382780041e+04     2.415972692796835e+04     2.415993932451772e+04
   37800           -1.22299583e+05            1.87536644e+00            9.98183955e-01            1.00193491e+00     2.423479232127904e+04     2.423501997491470e+04     2.423524848806455e+04     2.423547639088131e+04     2.423570441574696e+04     2.423661651021488e+04
   38000           -1.22575291e+05            2.20938072e+00            9.97851293e-01            1.00227032e+00     2.417915113125026e+04     2.417941988859337e+04     2.417968953356727e+04     2.417995857422401e+04     2.418022772329378e+04     2.418130431533729e+04
   38200           -1.22497032e+05            1.60098416e+00            9.98458093e-01            1.00166025e+00     2.438409271352062e+04     2.438428567330605e+04     2.438447949210685e+04     2.438467272578207e+04     2.438486606476955e+04     2.438563941601848e+04
   38400           -1.22643610e+05            2.73088288e+00            9.97329296e-01            1.00279138e+00     2.417967083890507e+04     2.418000499989550e+04     2.418033997303235e+04     2.418067438556373e+04     2.418100890250258e+04     2.418234696610010e+04
   38600           -1.22636807e+05            7.76457402e-01            9.99291016e-01            1.00084404e+00     2.417551586274174e+04     2.417560494932396e+04     2.417569492890460e+04     2.417578428571879e+04     2.417587376106615e+04     2.417623165939056e+04
   38800           -1.22689481e+05            1.20108277e+00            9.98859264e-01            1.00126157e+00     2.416919030143399e+04     2.416933337724745e+04     2.416947721677916e+04     2.416962050401828e+04     2.416976390636714e+04     2.417033751130030e+04
   39000           -1.22683748e+05            1.04522221e+00            9.99017906e-01            1.00110848e+00     2.420178494701642e+04     2.420190798315022e+04     2.420203182972186e+04     2.420215509516088e+04     2.420227847966858e+04     2.420277201232075e+04
   39200           -1.22411237e+05            1.90098243e+00            9.98155019e-01            1.00195719e+00     2.411442409576703e+04     2.411465462374055e+04     2.411488596704760e+04     2.411511674408584e+04     2.411534762794803e+04     2.411627116012903e+04
   39400           -1.22592383e+05            4.10007162e+00            9.95965825e-01            1.00416647e+00     2.419617876786780e+04     2.419668411627791e+04     2.419719035752215e+04     2.419769599459411e+04     2.419820173811066e+04     2.420022470835351e+04
   39600           -1.22783232e+05            1.54005075e+00            9.98520614e-01            1.00160090e+00     2.428760787777926e+04     2.428779306915401e+04     2.428797917336083e+04     2.428816464421622e+04     2.428835023429591e+04     2.428909259081255e+04
   39800           -1.22555202e+05            7.99501006e-01            9.99263572e-01            1.00086267e+00     2.422767860896757e+04     2.422777127508374e+04     2.422786488663207e+04     2.422795785080230e+04     2.422805093331811e+04     2.422842325766864e+04
   40000           -1.22346264e+05            3.99490000e+00            9.96076894e-01            1.00406723e+00     2.425682679616708e+04     2.425731898588511e+04     2.425781192028524e+04     2.425830431114747e+04     2.425879681708103e+04     2.426076683799497e+04
   40200           -1.22578830e+05            4.89314424e-01            9.99564193e-01            1.00054287e+00     2.412989348656740e+04     2.412994807367057e+04     2.413000353978108e+04     2.413005838030318e+04     2.413011334593431e+04     2.413033320530122e+04
   40400           -1.22492656e+05            1.95458328e+00            9.98106335e-01            1.00201574e+00     2.422986972192618e+04     2.423010633379995e+04     2.423034368756596e+04     2.423058052374971e+04     2.423081745844162e+04     2.423176519495705e+04
   40600           -1.22724421e+05            1.73296073e+00            9.98327674e-01            1.00179380e+00     2.427490354235570e+04     2.427511322327320e+04     2.427532374240762e+04     2.427553367614366e+04     2.427574372200725e+04     2.427658390165880e+04
   40800           -1.22864975e+05            2.07050322e+00            9.97990469e-01            1.00213172e+00     2.436002986697809e+04     2.436028127540458e+04     2.436053359579990e+04     2.436078529309358e+04     2.436103710379904e+04     2.436204434061998e+04
   41000           -1.22886432e+05            3.86193516e+00            9.96200242e-01            1.00392456e+00     2.410893042553483e+04     2.410940636588224e+04     2.410988307754680e+04     2.411035925361602e+04     2.411083553112664e+04     2.411274063671844e+04
   41200           -1.22637165e+05            3.29913515e+00            9.96764326e-01            1.00336299e+00     2.427840456998191e+04     2.427880949970116e+04     2.427921529791950e+04     2.427962050486788e+04     2.428002581778292e+04     2.428164706558393e+04
   41400           -1.22746538e+05            3.48542823e+00            9.96582579e-01            1.00355388e+00     2.424426143729674e+04     2.424468941684851e+04     2.424511821366043e+04     2.424554644576724e+04     2.424597478292969e+04     2.424768812856264e+04
   41600           -1.22296158e+05            1.33316708e+00            9.98728870e-01            1.00139537e+00     2.435585749732541e+04     2.435601733939179e+04     2.435617796683811e+04     2.435633801484283e+04     2.435649818832258e+04     2.435713887931975e+04
   41800           -1.22830081e+05            4.71309243e+00            9.95359430e-01            1.00478623e+00     2.421566958965309e+04     2.421625182869022e+04     2.421683485801490e+04     2.421741734300691e+04     2.421799992874508e+04     2.422033026783706e+04
   42000           -1.22628481e+05            2.53919665e+00            9.97524396e-01            1.00260310e+00     2.427458099233127e+04     2.427489080774883e+04     2.427520152008973e+04     2.427551162083694e+04     2.427582183138652e+04     2.427706267044177e+04
   42200           -1.22699114e+05            4.52131536e+00            9.95548523e-01            1.00459173e+00     2.428099914094927e+04     2.428155706579054e+04     2.428211576263895e+04     2.428267391772312e+04     2.428323217755678e+04     2.428546521416430e+04
   42400           -1.22610431e+05            4.72046866e+00            9.95351250e-01            1.00479280e+00     2.414010843296420e+04     2.414069093931391e+04     2.414127425910041e+04     2.414185700581279e+04     2.414243986474850e+04     2.414477129653280e+04
   42600           -1.22956089e+05            3.44071489e+00            9.96628988e-01            1.00351087e+00     2.426059788110354e+04     2.426102001476949e+04     2.426144300650393e+04     2.426186539448276e+04     2.426228790034042e+04     2.426397791957730e+04
   42800           -1.22778842e+05            4.77717616e+00            9.95291070e-01            1.00484600e+00     2.418785445439210e+04     2.418844439746264e+04     2.418903517116312e+04     2.418962536753250e+04     2.419021567275091e+04     2.419257689110973e+04
   43000           -1.22547676e+05            1.13607174e+00            9.98921234e-01            1.00119351e+00     2.426402984518020e+04     2.426416503461619e+04     2.426430106244831e+04     2.426443648982171e+04     2.426457203929905e+04     2.426511423341789e+04
   43200           -1.22746737e+05            4.95232920e+00            9.95113606e-01            1.00501884e+00     2.425887994010432e+04     2.425949206045622e+04     2.426010506645256e+04     2.426071744174060e+04     2.426132994387648e+04     2.426377994764864e+04
   43400           -1.22611232e+05            1.38789368e+00            9.98675061e-01            1.00145102e+00     2.436176652010169e+04     2.436193234798006e+04     2.436209904949515e+04     2.436226513264287e+04     2.436243133836370e+04     2.436309615662571e+04
   43600           -1.22485262e+05            1.52154760e+00            9.98534614e-01            1.00157788e+00     2.428909050764648e+04     2.428927379033872e+04     2.428945794607028e+04     2.428964148679599e+04     2.428982514781645e+04     2.429055978798641e+04
   43800           -1.22505311e+05            1.82684158e+00            9.98229271e-01            1.00188316e+00     2.422857218192673e+04     2.422879324152778e+04     2.422901522175697e+04     2.422923658188309e+04     2.422945804925956e+04     2.423034391659238e+04
   44000           -1.22725587e+05            1.22617447e+00            9.98830793e-01            1.00128328e+00     2.411068889588252e+04     2.411083451468089e+04     2.411098084369143e+04     2.411112665955544e+04     2.411127258202825e+04     2.411185626817397e+04
   44200           -1.22768773e+05            1.35862968e+00            9.98700371e-01            1.00141779e+00     2.406514006171894e+04     2.406530234062635e+04     2.406546552888300e+04     2.406562809344883e+04     2.406579077193870e+04     2.406644148215846e+04
   44400           -1.22632481e+05            2.35214924e+00            9.97711086e-01            1.00241567e+00     2.415527665002045e+04     2.415556320867731e+04     2.415585058214798e+04     2.415613738932155e+04     2.415642430420603e+04     2.415757195839160e+04
   44600           -1.22672428e+05            2.05781310e+00            9.97999344e-01            1.00211520e+00     2.407709966131467e+04     2.407735007793372e+04     2.407760138477927e+04     2.407785207987609e+04     2.407810288708665e+04     2.407910611285864e+04
   44800           -1.22350224e+05            1.95922357e+00            9.98111078e-01            1.00202980e+00     2.422515093060613e+04     2.422538755298758e+04     2.422562503509233e+04     2.422586193194282e+04     2.422609893336824e+04     2.422704693613034e+04
   45000           -1.22231441e+05            1.17746996e+00            9.98881094e-01            1.00123617e+00     2.431928299129030e+04     2.431942340198134e+04     2.431956465757418e+04     2.431970532865756e+04     2.431984610888989e+04     2.432040922648949e+04
   45200           -1.22493700e+05            1.09737505e+00            9.98965752e-01            1.00116064e+00     2.414260007192481e+04     2.414273024441291e+04     2.414286120605052e+04     2.414299163984666e+04     2.414312216396733e+04     2.414364425600986e+04
   45400           -1.22349890e+05            1.79895935e+00            9.98264846e-01            1.00186299e+00     2.434904207617383e+04     2.434925933814420e+04     2.434947743200801e+04     2.434969492894522e+04     2.434991254833286e+04     2.435078302049190e+04
   45600           -1.22424472e+05            2.74425475e+00            9.97312134e-01            1.00280094e+00     2.423786404784881e+04     2.423820012402230e+04     2.423853706968358e+04     2.423887341256761e+04     2.423920986896321e+04     2.424055569007762e+04
   45800           -1.22759880e+05            1.21386229e+00            9.98843562e-01            1.00127143e+00     2.428477421377962e+04     2.428491935715906e+04     2.428506533838204e+04     2.428521072909224e+04     2.428535623559038e+04     2.428593825740114e+04
   46000           -1.22855758e+05            5.24043621e+00            9.94833104e-01            1.00531465e+00     2.414950144289103e+04     2.415014974230727e+04     2.415079882854617e+04     2.415144735388072e+04     2.415209599195683e+04     2.415469054102264e+04
   46200           -1.22783029e+05            1.45729887e+00            9.98601250e-01            1.00151602e+00     2.416636611637658e+04     2.416654123696973e+04     2.416671728667410e+04     2.416689269720865e+04     2.416706822569446e+04     2.416777033501233e+04
   46400           -1.22603601e+05            7.41634298e-01            9.99315725e-01            1.00079908e+00     2.424450226507941e+04     2.424458827786476e+04     2.424467511196063e+04     2.424476136148473e+04     2.424484772859221e+04     2.424519319210502e+04
   46600           -1.22602866e+05            2.93718062e+00            9.97124829e-01            1.00299954e+00     2.413542373957019e+04     2.413578453117813e+04     2.413614624576498e+04     2.413650735082235e+04     2.413686855577384e+04     2.413831337197749e+04
   46800           -1.22863207e+05            6.64463151e+00            9.93438299e-01            1.00672847e+00     2.420100671209933e+04     2.420183023294319e+04     2.420265460377273e+04     2.420347837047590e+04     2.420430225740641e+04     2.420759780271350e+04
   47000           -1.22507191e+05            3.26239752e+00            9.96803733e-01            1.00332894e+00     2.423366561040945e+04     2.423406587303510e+04     2.423446695604231e+04     2.423486746387479e+04     2.423526808299118e+04     2.423687055557292e+04
   47200           -1.22491851e+05            1.94565294e+00            9.98113078e-01            1.00200461e+00     2.420976285020285e+04     2.420999924853801e+04     2.421023645723634e+04     2.421047307960407e+04     2.421070982413922e+04     2.421165679807558e+04
   47400           -1.22628656e+05            1.23900609e+00            9.98821540e-01            1.00129970e+00     2.414823054818160e+04     2.414837841526185e+04     2.414852712294563e+04     2.414867526281184e+04     2.414882350244373e+04     2.414941645670587e+04
   47600           -1.22670452e+05            4.38819308e+00            9.95689611e-01            1.00446663e+00     2.417220115701317e+04     2.417274117237229e+04     2.417328210411205e+04     2.417382242228447e+04     2.417436284590869e+04     2.417652453480422e+04
   47800           -1.22489048e+05            2.09354459e+00            9.97967355e-01            1.00215469e+00     2.419131316351501e+04     2.419156786309047e+04     2.419182341508602e+04     2.419207841286486e+04     2.419233349727043e+04     2.419335383102586e+04
   48000           -1.22362447e+05            1.13871944e+00            9.98922765e-01            1.00120034e+00     2.431919925270127e+04     2.431933405434146e+04     2.431946968811404e+04     2.431960473980918e+04     2.431973990367193e+04     2.432028055464258e+04
   48200           -1.22280071e+05            1.74771892e+00            9.98314106e-01            1.00180976e+00     2.426800348298212e+04     2.426821469484516e+04     2.426842682089041e+04     2.426863831779066e+04     2.426884993031737e+04     2.426969637765261e+04
   48400           -1.22257854e+05            2.06778122e+00            9.97998919e-01            1.00213475e+00     2.415955669897952e+04     2.415980732506031e+04     2.416005886172995e+04     2.416030975005557e+04     2.416056076872179e+04     2.416156483846407e+04
   48600           -1.22234239e+05            4.86639597e+00            9.95203908e-01            1.00493731e+00     2.429418324550170e+04     2.429478438483711e+04     2.429538636225801e+04     2.429598774683124e+04     2.429658924905143e+04     2.429899525260115e+04
   48800           -1.22429642e+05            3.87868999e+00            9.96186605e-01            1.00394445e+00     2.416350761411738e+04     2.416398485408865e+04     2.416446299220494e+04     2.416494052716637e+04     2.416541816591025e+04     2.416732871770311e+04
   49000           -1.22494279e+05            3.37918750e+00            9.96687618e-01            1.00344642e+00     2.436544028447330e+04     2.436585545051402e+04     2.436627145553930e+04     2.436668690088398e+04     2.436710244070660e+04     2.436876459693991e+04
   49200           -1.22647339e+05            2.40684915e+00            9.97658310e-01            1.00247231e+00     2.421776735195578e+04     2.421806063809460e+04     2.421835476035944e+04     2.421864831395270e+04     2.421894196893303e+04     2.422011658591027e+04
   49400           -1.22321142e+05            2.68818203e+00            9.97379960e-01            1.00275668e+00     2.429169257118435e+04     2.429202108537825e+04     2.429235041872307e+04     2.429267919215951e+04     2.429300806677822e+04     2.429432356237209e+04
   49600           -1.22592175e+05            2.12161139e+00            9.97931914e-01            1.00217536e+00     2.430927545028908e+04     2.430953366827962e+04     2.430979268104120e+04     2.431005111680917e+04     2.431030967413594e+04     2.431134389798280e+04
   49800           -1.22478648e+05            2.59625884e+00            9.97469811e-01            1.00266266e+00     2.428149628362613e+04     2.428181274236589e+04     2.428213008241596e+04     2.428244681237052e+04     2.428276365652393e+04     2.428403102942172e+04
   50000           -1.22458387e+05            2.96610716e+00            9.97096583e-01            1.00302915e+00     2.424437278790626e+04     2.424473610591989e+04     2.424510022063716e+04     2.424546377106637e+04     2.424582743280824e+04     2.424728207771022e+04
