#This file was generated on Thu Nov 23 15:06:15 2023
#Using the somd command, of the molecular library Sire version <2023.1.3> 
#For more information visit: https://github.com/michellab/Sire
#
#General information on simulation parameters:
#Simulation used 25000 moves, 2 cycles and 200 ps of simulation time
#Generating lambda is		 0.12500
#Alchemical array is		 (0.0, 0.125, 0.25, 0.375, 0.5, 1.0)
#Generating temperature is 	25°C
#Energy was saved every 200 steps 
#
#
#   [step]      [potential kcal/mol]       [gradient kcal/mol]      [forward Metropolis]     [backward Metropolis]                   [u_kl]
     200           -8.42518391e+04            2.52138234e+00            9.96973791e-01            1.00201399e+00     6.844512454476645e+03     6.844741980657107e+03     6.844971724371560e+03     6.845201305217791e+03     6.845430923510503e+03     6.846349392544362e+03
     400           -8.14354619e+04            3.02699024e+00            9.96491504e-01            1.00254254e+00     6.789964995870194e+03     6.790260346005394e+03     6.790555888951214e+03     6.790851288262830e+03     6.791146720655431e+03     6.792328445440668e+03
     600           -7.99132502e+04            4.47961862e+00            9.95034868e-01            1.00398968e+00     6.880251923901528e+03     6.880724159108139e+03     6.881196568486512e+03     6.881668845874372e+03     6.882141154406886e+03     6.884030384912244e+03
     800           -7.86067543e+04            1.42876188e+00            9.98083865e-01            1.00093999e+00     6.822983921627987e+03     6.823080055916881e+03     6.823176376985647e+03     6.823272556586203e+03     6.823368770010665e+03     6.823753618393342e+03
    1000           -7.78459892e+04            4.54744709e+00            9.95007081e-01            1.00409784e+00     6.860240556512847e+03     6.860724944107460e+03     6.861209507934864e+03     6.861693929765310e+03     6.862178389019088e+03     6.864116221525330e+03
    1200           -7.73555495e+04            3.34153006e+00            9.96174841e-01            1.00285463e+00     6.819272197254058e+03     6.819606531782618e+03     6.819941078465586e+03     6.820275467467975e+03     6.820609892684756e+03     6.821947588115454e+03
    1400           -7.70447008e+04            1.22169583e+00            9.98289112e-01            1.00073131e+00     6.771189150703762e+03     6.771254656963705e+03     6.771320358086335e+03     6.771385907266663e+03     6.771451494438133e+03     6.771713838172503e+03
    1600           -7.68786760e+04            1.25397915e+00            9.98224696e-01            1.00073134e+00     6.818704332378069e+03     6.818772014155154e+03     6.818839948285647e+03     6.818907709207624e+03     6.818975503019537e+03     6.819246673661004e+03
    1800           -7.68134062e+04            3.58802295e+00            9.95915746e-01            1.00308819e+00     6.811438141579680e+03     6.811801609357017e+03     6.812165326172195e+03     6.812528878648803e+03     6.812892459041879e+03     6.814346776504078e+03
    2000           -7.68072900e+04            2.27318660e+00            9.97223428e-01            1.00176750e+00     6.869823759261456e+03     6.870021371104767e+03     6.870219210282405e+03     6.870416890191897e+03     6.870614601897968e+03     6.871405444534480e+03
    2200           -7.68689208e+04            1.91195024e+00            9.97630849e-01            1.00145299e+00     6.822123488330703e+03     6.822278696003465e+03     6.822434117126991e+03     6.822589375141096e+03     6.822744672251997e+03     6.823365856173292e+03
    2400           -7.68483894e+04            4.66408384e+00            9.94855948e-01            1.00417955e+00     6.751243853567896e+03     6.751741755172609e+03     6.752239867121612e+03     6.752737835065277e+03     6.753235830505738e+03     6.755227807443580e+03
    2600           -7.68006834e+04            3.67428370e+00            9.95878845e-01            1.00322408e+00     6.757706528212078e+03     6.758081111230981e+03     6.758455940255923e+03     6.758830600194652e+03     6.759205292368672e+03     6.760704056525267e+03
    2800           -7.67816734e+04            4.96821146e+00            9.94582531e-01            1.00451439e+00     6.710345906945192e+03     6.710884931079348e+03     6.711424189827139e+03     6.711963283626174e+03     6.712502410997741e+03     6.714658915050291e+03
    3000           -7.65675808e+04            5.12564695e+00            9.94384953e-01            1.00463111e+00     6.888734482948823e+03     6.889291073290248e+03     6.889847924348671e+03     6.890404594559394e+03     6.890961300440828e+03     6.893188117932835e+03
    3200           -7.65854252e+04            4.64185968e+00            9.94893358e-01            1.00417268e+00     6.806141959040737e+03     6.806634649495998e+03     6.807127556126166e+03     6.807620310614791e+03     6.808113095646201e+03     6.810084232251666e+03
    3400           -7.65182820e+04            2.63068861e+00            9.96884249e-01            1.00214306e+00     6.849793185250135e+03     6.850034866028832e+03     6.850276768188770e+03     6.850518495664594e+03     6.850760267515400e+03     6.851727349780666e+03
    3600           -7.65534316e+04            2.03690431e+00            9.97476470e-01            1.00154829e+00     6.788060740314379e+03     6.788230433762204e+03     6.788400373673079e+03     6.788570153319089e+03     6.788739959681913e+03     6.789419179049448e+03
    3800           -7.67820545e+04            2.37353127e+00            9.97142744e-01            1.00188750e+00     6.856296784866978e+03     6.856507793571696e+03     6.856719003322185e+03     6.856930071334278e+03     6.857141168202624e+03     6.857985551538270e+03
    4000           -7.67478341e+04            1.12816768e+00            9.98369157e-01            1.00062436e+00     6.766035218429339e+03     6.766087502548405e+03     6.766139984081052e+03     6.766192326615710e+03     6.766244697400586e+03     6.766454176371834e+03
    4200           -7.68626942e+04            3.97887154e+00            9.95519591e-01            1.00347328e+00     6.825211259984126e+03     6.825620305742861e+03     6.826029573752052e+03     6.826438685302371e+03     6.826847828759785e+03     6.828484397535443e+03
    4400           -7.67246719e+04            1.14455114e+01            9.88135975e-01            1.01101630e+00     6.884522721689660e+03     6.885870498731731e+03     6.887218487913275e+03     6.888566332601101e+03     6.889914204206257e+03     6.895305686722853e+03
    4600           -7.66316768e+04            1.05268054e+00            9.98446098e-01            1.00055040e+00     6.831617215589038e+03     6.831664594889587e+03     6.831712193095156e+03     6.831759629595946e+03     6.831807102461911e+03     6.831996989334785e+03
    4800           -7.65033313e+04            1.64817136e+00            9.97831229e-01            1.00112585e+00     6.834027990508168e+03     6.834145357599165e+03     6.834262947529057e+03     6.834380371053004e+03     6.834497833029303e+03     6.834967675550439e+03
    5000           -7.66962417e+04            4.51504741e+00            9.95045232e-01            1.00407128e+00     6.915821434263186e+03     6.916305734122247e+03     6.916790235131622e+03     6.917274577787994e+03     6.917758960046712e+03     6.919696485830238e+03
    5200           -7.67764533e+04            1.16079725e+01            9.87970823e-01            1.01117582e+00     6.816526027048012e+03     6.817889064664352e+03     6.819252320092472e+03     6.820615412348444e+03     6.821978542548232e+03     6.827431058048452e+03
    5400           -7.67491968e+04            6.57367512e+00            9.92965301e-01            1.00610636e+00     6.866450112460486e+03     6.867190168636336e+03     6.867930452056901e+03     6.868670560860642e+03     6.869410711936355e+03     6.872371311412225e+03
    5600           -7.68368539e+04            3.42176431e+00            9.96102795e-01            1.00294303e+00     6.837012957493072e+03     6.837356927219158e+03     6.837701085293291e+03     6.838045096051840e+03     6.838389143400909e+03     6.839765329308747e+03
    5800           -7.65774873e+04            3.45111527e+00            9.96083038e-01            1.00298201e+00     6.774185033657120e+03     6.774535013280474e+03     6.774885140652620e+03     6.775235145705746e+03     6.775585184287953e+03     6.776985334918785e+03
    6000           -7.65835907e+04            1.30788244e+01            9.86530559e-01            1.01267634e+00     6.761828608725516e+03     6.763377276349569e+03     6.764926160306838e+03     6.766474888432410e+03     6.768023649734738e+03     6.774218690743960e+03
    6200           -7.66311083e+04            2.93265946e+00            9.96589344e-01            1.00245183e+00     6.779052521264589e+03     6.779332173798089e+03     6.779612010085635e+03     6.779891703378999e+03     6.780171432165232e+03     6.781290343065874e+03
    6400           -7.65865353e+04            5.18163999e+00            9.94353617e-01            1.00471196e+00     6.747835988425642e+03     6.748399597546371e+03     6.748963416458796e+03     6.749527076533251e+03     6.750090773951041e+03     6.752345559476441e+03
    6600           -7.66346120e+04            1.34557531e+00            9.98179148e-01            1.00086902e+00     6.777225250585827e+03     6.777308655737188e+03     6.777392294319334e+03     6.777475753865767e+03     6.777559256603421e+03     6.777893262621015e+03
    6800           -7.66581940e+04            6.73175489e+00            9.92808590e-01            1.00626566e+00     6.716205267466864e+03     6.716964464715945e+03     6.717723889048441e+03     6.718483147641281e+03     6.719242442203905e+03     6.722279616940945e+03
    7000           -7.68085531e+04            7.69408546e+00            9.91835160e-01            1.00721572e+00     6.747930758066581e+03     6.748807370411238e+03     6.749684233887619e+03     6.750560926426410e+03     6.751437650124054e+03     6.754944542181528e+03
    7200           -7.69055032e+04            5.44044011e+00            9.94111831e-01            1.00498771e+00     6.777300753117363e+03     6.777895344225890e+03     6.778490100709475e+03     6.779084727272717e+03     6.779679386865046e+03     6.782058020612729e+03
    7400           -7.68477483e+04            9.21515787e+00            9.90358318e-01            1.00878017e+00     6.768242999093613e+03     6.769310240183538e+03     6.770377672886296e+03     6.771444972797694e+03     6.772512299221579e+03     6.776781599349546e+03
    7600           -7.65576254e+04            3.01543928e+00            9.96511560e-01            1.00253956e+00     6.889321562963501e+03     6.889611714658469e+03     6.889902070843212e+03     6.890192268471837e+03     6.890482505123331e+03     6.891643447283161e+03
    7800           -7.66713658e+04            2.93880520e+00            9.96571402e-01            1.00244611e+00     6.768808224918506e+03     6.769090452513337e+03     6.769372838905861e+03     6.769655106359173e+03     6.769937401815577e+03     6.771066578712647e+03
    8000           -7.64214137e+04            3.85338255e+00            9.95664951e-01            1.00336795e+00     6.744324034896506e+03     6.744720398439637e+03     6.745116940560352e+03     6.745513349328104e+03     6.745909788778283e+03     6.747495542660061e+03
    8200           -7.65576135e+04            4.71296966e+00            9.94794584e-01            1.00421579e+00     6.772885001864176e+03     6.773384989324042e+03     6.773885159561206e+03     6.774385183995024e+03     6.774885246681484e+03     6.776885491498793e+03
    8400           -7.65680171e+04            1.60592979e+00            9.97919357e-01            1.00112969e+00     6.702032355969653e+03     6.702147259102225e+03     6.702262331958921e+03     6.702377260107962e+03     6.702492229676935e+03     6.702952103384219e+03
    8600           -7.65150954e+04            2.50199744e+00            9.97001611e-01            1.00200310e+00     6.820490042649983e+03     6.820714721837574e+03     6.820939622490045e+03     6.821164370164939e+03     6.821389147560541e+03     6.822288252471099e+03
    8800           -7.64083231e+04            1.67159529e+00            9.97882338e-01            1.00122403e+00     6.856081593531678e+03     6.856207214815070e+03     6.856332981263502e+03     6.856458622354041e+03     6.856584300031553e+03     6.857087006531428e+03
    9000           -7.66879047e+04            4.97736303e+00            9.94551496e-01            1.00450143e+00     6.744994957727141e+03     6.745530723307775e+03     6.746066694304153e+03     6.746602503851881e+03     6.747138354187045e+03     6.749281750646951e+03
    9200           -7.64425071e+04            1.86839741e+00            9.97639124e-01            1.00137407e+00     6.746882688041142e+03     6.747030862588662e+03     6.747179242020241e+03     6.747327462880581e+03     6.747475722686500e+03     6.748068757331858e+03
    9400           -7.64997832e+04            3.46585557e+00            9.96053223e-01            1.00298156e+00     6.802435102630202e+03     6.802782009767113e+03     6.803129127472337e+03     6.803476086281858e+03     6.803823082096160e+03     6.805211061562117e+03
    9600           -7.66216089e+04            3.38613163e+00            9.96140011e-01            1.00290903e+00     6.811677511407142e+03     6.812014332161918e+03     6.812351353042469e+03     6.812688224374559e+03     6.813025130266205e+03     6.814372749125269e+03
    9800           -7.65673555e+04            1.17649959e+00            9.98339207e-01            1.00069106e+00     6.758300786209925e+03     6.758363688723563e+03     6.758426798752804e+03     6.758489751578850e+03     6.758552741686719e+03     6.758804697163513e+03
   10000           -7.64698653e+04            1.70871268e+00            9.97793351e-01            1.00120907e+00     6.835945015143167e+03     6.836073660901493e+03     6.836202544173827e+03     6.836331248260632e+03     6.836459994407521e+03     6.836974973671874e+03
   10200           -7.66582042e+04            1.65924088e+00            9.97856346e-01            1.00117321e+00     6.844318602435098e+03     6.844441104062636e+03     6.844563826396352e+03     6.844686389978116e+03     6.844808987594838e+03     6.845299372754578e+03
   10400           -7.68991397e+04            5.90436309e+00            9.93641930e-01            1.00544513e+00     6.863904033725259e+03     6.864558546706355e+03     6.865213262737495e+03     6.865867826363698e+03     6.866522425390617e+03     6.869140817055976e+03
   10600           -7.67577140e+04            1.35861419e+00            9.98168150e-01            1.00088409e+00     6.867459714225431e+03     6.867543821600168e+03     6.867628113054536e+03     6.867712271840335e+03     6.867796459491722e+03     6.868133204758014e+03
   10800           -7.65845047e+04            5.86873301e+00            9.93666558e-01            1.00539840e+00     6.823806965994317e+03     6.824453574746217e+03     6.825100356743910e+03     6.825747013126176e+03     6.826393697168589e+03     6.828980428342861e+03
   11000           -7.65306972e+04            2.95558526e+00            9.96579284e-01            1.00248768e+00     6.837294198224836e+03     6.837577242141618e+03     6.837860446134525e+03     6.838143525601138e+03     6.838426636275703e+03     6.839559074326570e+03
   11200           -7.66690484e+04            9.96755189e+00            9.89572962e-01            1.00949815e+00     6.851564764649918e+03     6.852723254391704e+03     6.853881951759613e+03     6.855040500195880e+03     6.856199080061322e+03     6.860833395472726e+03
   11400           -7.66832270e+04            1.70656130e+00            9.97839838e-01            1.00125141e+00     6.783271245597526e+03     6.783398442718260e+03     6.783525819898126e+03     6.783653043910042e+03     6.783780311291653e+03     6.784289376985778e+03
   11600           -7.65601216e+04            3.95045145e+00            9.95609512e-01            1.00350688e+00     6.784286436137619e+03     6.784697707343859e+03     6.785109155210031e+03     6.785520475786095e+03     6.785931823921682e+03     6.787577211705746e+03
   11800           -7.66747145e+04            4.24446574e+00            9.95302318e-01            1.00378733e+00     6.773964598117404e+03     6.774407526721228e+03     6.774850618919862e+03     6.775293591241740e+03     6.775736590317399e+03     6.777508582517394e+03
   12000           -7.66058102e+04            2.99515500e+00            9.96531264e-01            1.00251871e+00     6.870681349857189e+03     6.870969771243048e+03     6.871258405300066e+03     6.871546868201418e+03     6.871835375924192e+03     6.872989401991195e+03
   12200           -7.66104549e+04            3.41298376e+00            9.96098743e-01            1.00292134e+00     6.776759681763187e+03     6.777101553066043e+03     6.777443605064261e+03     6.777785521850846e+03     6.778127470369811e+03     6.779495258976433e+03
   12400           -7.65681383e+04            3.63987660e+00            9.95886541e-01            1.00316280e+00     6.790711498233644e+03     6.791080534369923e+03     6.791449791588743e+03     6.791818890462961e+03     6.792188022981588e+03     6.793664547729531e+03
   12600           -7.66022761e+04            1.82901408e+00            9.97735908e-01            1.00139234e+00     6.809750431407020e+03     6.809895365998887e+03     6.810040475580951e+03     6.810185449867840e+03     6.810330457422240e+03     6.810910483437459e+03
   12800           -7.65220820e+04            3.41948696e+00            9.96091128e-01            1.00292672e+00     6.761525504629135e+03     6.761866293105096e+03     6.762207315170152e+03     6.762548160092692e+03     6.762889046818620e+03     6.764252589008106e+03
   13000           -7.66425828e+04            5.19436527e+00            9.94338636e-01            1.00472240e+00     6.844528001130236e+03     6.845088046610714e+03     6.845648307701555e+03     6.846208406682500e+03     6.846768543469112e+03     6.849009085807988e+03
   13200           -7.65692149e+04            7.20249119e+00            9.92355903e-01            1.00675423e+00     6.775970006328011e+03     6.776788531018769e+03     6.777607275140261e+03     6.778425860151733e+03     6.779244480042736e+03     6.782518953757461e+03
   13400           -7.64839422e+04            4.20973562e+00            9.95316389e-01            1.00373180e+00     6.851106110895453e+03     6.851545380869599e+03     6.851984843902287e+03     6.852424154280789e+03     6.852863503656021e+03     6.854620896416590e+03
   13600           -7.62387352e+04            2.30789422e+00            9.97219762e-01            1.00183336e+00     6.786621950081209e+03     6.786823905156395e+03     6.787026075205713e+03     6.787228100359950e+03     6.787430152096198e+03     6.788238354111187e+03
   13800           -7.66306077e+04            3.88403855e+00            9.95660203e-01            1.00342469e+00     6.780550587961302e+03     6.780950139819763e+03     6.781349901670047e+03     6.781749504398364e+03     6.782149144539184e+03     6.783747701117065e+03
   14000           -7.66193252e+04            3.75768431e+00            9.95779000e-01            1.00329084e+00     6.769754623495094e+03     6.770141474313994e+03     6.770528502957753e+03     6.770915392312454e+03     6.771302316718437e+03     6.772850009941782e+03
   14200           -7.68393909e+04            1.56551917e+01            9.83996418e-01            1.01529312e+00     6.680430293618631e+03     6.682301059401052e+03     6.684172039796180e+03     6.686042862388334e+03     6.687913719889420e+03     6.695397146160210e+03
   14400           -7.66257860e+04            9.91909998e+00            9.89655834e-01            1.00948486e+00     6.772560333621491e+03     6.773713566872713e+03     6.774867027261118e+03     6.776020321870100e+03     6.777173652773330e+03     6.781786971925168e+03
   14600           -7.66619131e+04            2.80822240e+00            9.96691388e-01            1.00230500e+00     6.881629381313996e+03     6.881891929199677e+03     6.882154704064232e+03     6.882417314169050e+03     6.882679959857956e+03     6.883730538401917e+03
   14800           -7.67605391e+04            1.62760172e+01            9.83369528e-01            1.01590691e+00     6.865825585376615e+03     6.867772587257729e+03     6.869719819044973e+03     6.871666879592191e+03     6.873613979257114e+03     6.881402373137614e+03
   15000           -7.68042599e+04            3.72143341e+00            9.95805692e-01            1.00324499e+00     6.842915954350571e+03     6.843297994960910e+03     6.843680299547059e+03     6.844062418178118e+03     6.844444573915887e+03     6.845973193481204e+03
   15200           -7.66369078e+04            1.85111738e+00            9.97649039e-01            1.00134942e+00     6.804629871626249e+03     6.804778411799308e+03     6.804927168864152e+03     6.805075753153841e+03     6.805224381868756e+03     6.805818892111262e+03
   15400           -7.65956457e+04            4.38453083e+00            9.95112151e-01            1.00387672e+00     6.806044085700382e+03     6.806504221062579e+03     6.806964586617657e+03     6.807424787530985e+03     6.807885022920224e+03     6.809725960140067e+03
   15600           -7.67095130e+04            7.55430773e+00            9.92000382e-01            1.00710193e+00     6.789821854926318e+03     6.790679444268488e+03     6.791537237072906e+03     6.792394887908930e+03     6.793252567257702e+03     6.796683279589086e+03
   15800           -7.67767356e+04            1.94492920e+00            9.97570198e-01            1.00145816e+00     6.843543082238396e+03     6.843702240493601e+03     6.843861597850040e+03     6.844020806588845e+03     6.844180049432428e+03     6.844817016626459e+03
   16000           -7.65031054e+04            2.06197956e+00            9.97462665e-01            1.00158465e+00     6.777956050847769e+03     6.778127288423638e+03     6.778298739862478e+03     6.778470043819865e+03     6.778641375947610e+03     6.779326701047452e+03
   16200           -7.66689937e+04            4.57321379e+00            9.94994337e-01            1.00413673e+00     6.854929017846971e+03     6.855416210882403e+03     6.855903621224812e+03     6.856390870204074e+03     6.856878156104852e+03     6.858827294362732e+03
   16400           -7.67788630e+04            2.34360342e+00            9.97148067e-01            1.00183288e+00     6.786022397941074e+03     6.786232323403695e+03     6.786442492880028e+03     6.786652488578883e+03     6.786862520312863e+03     6.787702642684652e+03
   16600           -7.69452322e+04            6.88445937e+00            9.92680219e-01            1.00644288e+00     6.759572587768669e+03     6.760344262498082e+03     6.761116157016666e+03     6.761887902398999e+03     6.762659675115337e+03     6.765746762462005e+03
   16800           -7.69937556e+04            8.02309892e+00            9.91532410e-01            1.00757107e+00     6.814924563383003e+03     6.815838076254254e+03     6.816751772037218e+03     6.817665329051792e+03     6.818578918932294e+03     6.822233274481584e+03
   17000           -7.68140222e+04            8.25120502e-01            9.98717818e-01            1.00036730e+00     6.778365197088090e+03     6.778383635385373e+03     6.778402316400012e+03     6.778420817310994e+03     6.778439359041708e+03     6.778513520995327e+03
   17200           -7.69168743e+04            3.89219832e+00            9.95660902e-01            1.00344177e+00     6.779295070985643e+03     6.779698435408083e+03     6.780102005643538e+03     6.780505416233369e+03     6.780908866438986e+03     6.782522661892329e+03
   17400           -7.67742126e+04            2.70309046e+00            9.96848690e-01            1.00225243e+00     6.772416994214662e+03     6.772674000215525e+03     6.772931240384960e+03     6.773188303612194e+03     6.773445408487120e+03     6.774473822759579e+03
   17600           -7.67860376e+04            7.13205752e+00            9.92434308e-01            1.00669195e+00     6.864667291470823e+03     6.865473578186270e+03     6.866280060899464e+03     6.867086401219548e+03     6.867892772511801e+03     6.871118253552779e+03
   17800           -7.67447039e+04            7.28430121e+00            9.92250886e-01            1.00681241e+00     6.820126203182576e+03     6.820951402982410e+03     6.821776801384651e+03     6.822602054919058e+03     6.823427340551729e+03     6.826728477920881e+03
   18000           -7.66407032e+04            6.20413335e+00            9.93324297e-01            1.00572652e+00     6.750287518351471e+03     6.750973936735494e+03     6.751660550391423e+03     6.752347011809478e+03     6.753033511221381e+03     6.755779504091291e+03
   18200           -7.67453704e+04            1.64085686e+00            9.97872259e-01            1.00115237e+00     6.749044400313284e+03     6.749163961706749e+03     6.749283685473340e+03     6.749403282861605e+03     6.749522912052421e+03     6.750001423791557e+03
   18400           -7.68396067e+04            4.36505810e+00            9.95172369e-01            1.00389837e+00     6.781066957668530e+03     6.781524270891338e+03     6.781981762724586e+03     6.782439112912269e+03     6.782896499916083e+03     6.784726042163637e+03
   18600           -7.67314834e+04            2.06466039e+00            9.97450038e-01            1.00157735e+00     6.807203960736253e+03     6.807378388579964e+03     6.807553024984726e+03     6.807727500047996e+03     6.807902014283483e+03     6.808600067830714e+03
   18800           -7.67872987e+04            1.57985362e+00            9.97952361e-01            1.00111058e+00     6.795727759913610e+03     6.795840723502521e+03     6.795953915229257e+03     6.796066944577267e+03     6.796180007674603e+03     6.796632255435597e+03
   19000           -7.68461548e+04            4.65094237e+00            9.94866751e-01            1.00416406e+00     6.787111791478446e+03     6.787607110564127e+03     6.788102594570841e+03     6.788597937407622e+03     6.789093320670415e+03     6.791074849862383e+03
   19200           -7.67156865e+04            7.97598126e+00            9.91574296e-01            1.00751869e+00     6.721681628682260e+03     6.722593678962326e+03     6.723505973055975e+03     6.724418099410405e+03     6.725330257749501e+03     6.728978886816740e+03
   19400           -7.66894371e+04            1.79597689e+00            9.97731116e-01            1.00132136e+00     6.731655198898987e+03     6.731794045445368e+03     6.731933096365033e+03     6.732071990080614e+03     6.732210921880308e+03     6.732766644861629e+03
   19600           -7.66233622e+04            3.83023830e+00            9.95735449e-01            1.00339255e+00     6.747830026752550e+03     6.748224781454597e+03     6.748619708601923e+03     6.749014510584390e+03     6.749409340150276e+03     6.750988653548001e+03
   19800           -7.68003424e+04            5.57525182e+00            9.93982153e-01            1.00512758e+00     6.767457725562070e+03     6.768068469466344e+03     6.768679407946553e+03     6.769290207550843e+03     6.769901036134972e+03     6.772344346707874e+03
   20000           -7.66981858e+04            3.06619105e+00            9.96482945e-01            1.00261253e+00     6.829080881590388e+03     6.829380327170405e+03     6.829679945542191e+03     6.829979437798321e+03     6.830278958129603e+03     6.831477034668818e+03
   20200           -7.67122006e+04            7.23032421e+00            9.92341214e-01            1.00679537e+00     6.780415542439891e+03     6.781238697010409e+03     6.782062059944838e+03     6.782885268085643e+03     6.783708511449111e+03     6.787001480458332e+03
   20400           -7.67159563e+04            1.58663175e+00            9.97927265e-01            1.00109898e+00     6.831432295088913e+03     6.831545927626564e+03     6.831659733553383e+03     6.831773415102949e+03     6.831887123317864e+03     6.832341951546816e+03
   20600           -7.66854880e+04            2.11736544e+00            9.97437930e-01            1.00167077e+00     6.803449542350879e+03     6.803633724744641e+03     6.803818084297161e+03     6.804002319268794e+03     6.804186579777728e+03     6.804923617204578e+03
   20800           -7.67991470e+04            6.54635198e+00            9.93010308e-01            1.00609698e+00     6.765107075642353e+03     6.765841094975941e+03     6.766575279627832e+03     6.767309333122204e+03     6.768043420599634e+03     6.770979765556915e+03
   21000           -7.69069801e+04            6.30469247e+00            9.93246980e-01            1.00585051e+00     6.789660415993440e+03     6.790365696936559e+03     6.791071154563505e+03     6.791776467885667e+03     6.792481819796834e+03     6.795303223600228e+03
   21200           -7.68693893e+04            3.01523426e+00            9.96499192e-01            1.00252671e+00     6.817895728751425e+03     6.818187388437173e+03     6.818479262407060e+03     6.818770980809691e+03     6.819062732750318e+03     6.820229736749211e+03
   21400           -7.67744140e+04            5.01038413e+00            9.94524425e-01            1.00454042e+00     6.751684715379795e+03     6.752224798195938e+03     6.752765102055791e+03     6.753305241263441e+03     6.753845418178933e+03     6.756006120978071e+03
   21600           -7.69604278e+04            6.44018410e+00            9.93096511e-01            1.00597069e+00     6.811893738514394e+03     6.812614607140211e+03     6.813335703252691e+03     6.814056625269581e+03     6.814777588990906e+03     6.817661439467418e+03
   21800           -7.70577857e+04            7.84638448e+00            9.91713527e-01            1.00739901e+00     6.728464937794979e+03     6.729360439847035e+03     6.730256156269851e+03     6.731151716658880e+03     6.732047310775207e+03     6.735629683755435e+03
   22000           -7.69417751e+04            4.50982491e+00            9.95048541e-01            1.00406413e+00     6.749323782483733e+03     6.749801624751746e+03     6.750279671757457e+03     6.750757584659067e+03     6.751235520061536e+03     6.753147257639338e+03
   22200           -7.69236445e+04            3.28204467e+00            9.96255373e-01            1.00281639e+00     6.728912142448772e+03     6.729239238230514e+03     6.729566512177632e+03     6.729893648846872e+03     6.730220819430475e+03     6.731529496412177e+03
   22400           -7.69375043e+04            7.31333238e+00            9.92235099e-01            1.00685485e+00     6.785868607053168e+03     6.786697999348928e+03     6.787527565664112e+03     6.788357004564857e+03     6.789186471883138e+03     6.792504336713108e+03
   22600           -7.67628321e+04            3.22317492e+00            9.96307667e-01            1.00275096e+00     6.763161720576873e+03     6.763480908422892e+03     6.763800305379571e+03     6.764119554185707e+03     6.764438833680244e+03     6.765715946783615e+03
   22800           -7.67812473e+04            2.95717453e+00            9.96594240e-01            1.00250591e+00     6.715883713092114e+03     6.716168338171632e+03     6.716453151685820e+03     6.716737830179927e+03     6.717022537553064e+03     6.718161362014013e+03
   23000           -7.65221073e+04            7.53579313e+00            9.92022485e-01            1.00708708e+00     6.810011270129869e+03     6.810863504568342e+03     6.811715929672771e+03     6.812568206419061e+03     6.813420520526704e+03     6.816829770923538e+03
   23200           -7.65945464e+04            6.07888463e+00            9.93439692e-01            1.00559142e+00     6.807607261018961e+03     6.808283397387901e+03     6.808959748336690e+03     6.809635942583910e+03     6.810312171445942e+03     6.813017081872923e+03
   23400           -7.67686863e+04            2.31213965e+00            9.97201288e-01            1.00182330e+00     6.842658216186132e+03     6.842862972368963e+03     6.843067920735144e+03     6.843272725274274e+03     6.843477563286059e+03     6.844296910385987e+03
   23600           -7.68406867e+04            7.56855883e+00            9.91986020e-01            1.00711605e+00     6.786928926612109e+03     6.787792312680672e+03     6.788655937275835e+03     6.789519383270267e+03     6.790382870158174e+03     6.793836813704239e+03
   23800           -7.67504394e+04            2.89610109e+00            9.96591903e-01            1.00238112e+00     6.854771853930574e+03     6.855047759664410e+03     6.855323892108288e+03     6.855599857066141e+03     6.855875859673405e+03     6.856979865416236e+03
   24000           -7.67136204e+04            3.27601250e+00            9.96232106e-01            1.00278087e+00     6.791182563147752e+03     6.791505670418042e+03     6.791828959706932e+03     6.792152113190539e+03     6.792475298103317e+03     6.793768033058883e+03
   24200           -7.65579827e+04            6.72873570e+00            9.92838336e-01            1.00628974e+00     6.829678767775888e+03     6.830437234315143e+03     6.831195903698339e+03     6.831954417328760e+03     6.832712968494432e+03     6.835747169212977e+03
   24400           -7.66514303e+04            4.68925789e+00            9.94817675e-01            1.00419148e+00     6.774953933704961e+03     6.775451681929648e+03     6.775949616190447e+03     6.776447413086748e+03     6.776945240799892e+03     6.778936547894821e+03
   24600           -7.66892995e+04            6.22538816e+00            9.93315496e-01            1.00576036e+00     6.782619978477431e+03     6.783310365455288e+03     6.784000934332267e+03     6.784691363087763e+03     6.785381825859149e+03     6.788143673240868e+03
   24800           -7.66358688e+04            4.45331241e+00            9.95051013e-01            1.00395314e+00     6.787176179050342e+03     6.787646499185674e+03     6.788117013132270e+03     6.788587395956629e+03     6.789057803078337e+03     6.790939427106331e+03
   25000           -7.66814423e+04            8.60414612e+00            9.90927921e-01            1.00812766e+00     6.815037189465119e+03     6.816026253976985e+03     6.817015547197193e+03     6.818004681551756e+03     6.818993847196601e+03     6.822950504928082e+03
   25200           -7.65664664e+04            3.40007254e+00            9.96150205e-01            1.00294725e+00     6.719543830592299e+03     6.719884875366404e+03     6.720226123560941e+03     6.720567219679648e+03     6.720908351174101e+03     6.722272871755902e+03
   25400           -7.66597832e+04            2.87264489e+00            9.96635299e-01            1.00237774e+00     6.774697056246506e+03     6.774969022897367e+03     6.775241185671427e+03     6.775513207648183e+03     6.775785259550163e+03     6.776873462853820e+03
   25600           -7.65767484e+04            4.91207566e+00            9.94592967e-01            1.00441215e+00     6.742639088230584e+03     6.743171607500835e+03     6.743704325716997e+03     6.744236902188322e+03     6.744769508409945e+03     6.746899928589306e+03
   25800           -7.65935311e+04            3.10253667e+00            9.96394818e-01            1.00259674e+00     6.749383653142759e+03     6.749682268564591e+03     6.749981083619344e+03     6.750279756505387e+03     6.750578459278570e+03     6.751773265414381e+03
   26000           -7.66096698e+04            4.30616385e+00            9.95230912e-01            1.00383918e+00     6.781438717557063e+03     6.781892556238176e+03     6.782346640483255e+03     6.782800547693535e+03     6.783254492498152e+03     6.785070267439241e+03
   26200           -7.68363265e+04            6.10280742e+00            9.93444764e-01            1.00564467e+00     6.785493421605546e+03     6.786167217508855e+03     6.786841196055049e+03     6.787515030747588e+03     6.788188901803635e+03     6.790884382001723e+03
   26400           -7.67404606e+04            7.96047508e-01            9.98725925e-01            1.00031726e+00     6.761013649305331e+03     6.761026224389272e+03     6.761039024235735e+03     6.761051669724536e+03     6.761064344982024e+03     6.761115040658716e+03
   26600           -7.66752163e+04            3.29430601e+00            9.96213008e-01            1.00279834e+00     6.731693926964615e+03     6.732021161410511e+03     6.732348612338973e+03     6.732675908887512e+03     6.733003237818079e+03     6.734312548671543e+03
   26800           -7.67735430e+04            5.93568094e+00            9.93625676e-01            1.00549166e+00     6.686968292143521e+03     6.687625680206767e+03     6.688283279632868e+03     6.688940729464960e+03     6.689598210058635e+03     6.692228127973749e+03
   27000           -7.67181021e+04            1.08312090e+01            9.88745801e-01            1.01039810e+00     6.820521350802089e+03     6.821790782913200e+03     6.823060357477159e+03     6.824329807078627e+03     6.825599294053395e+03     6.830677237304701e+03
   27200           -7.68878937e+04            3.81933303e+00            9.95701779e-01            1.00333674e+00     6.770355140673510e+03     6.770745067765782e+03     6.771135204960396e+03     6.771525188739886e+03     6.771915206424773e+03     6.773475272176036e+03
   27400           -7.65774331e+04            8.18487911e+00            9.91345713e-01            1.00770736e+00     6.854323729976734e+03     6.855256379386368e+03     6.856189267734808e+03     6.857121996393937e+03     6.858054753351870e+03     6.861785776727006e+03
   27600           -7.66962169e+04            4.06192680e+00            9.95451363e-01            1.00357120e+00     6.821551868476919e+03     6.821972046579082e+03     6.822392451232975e+03     6.822812691140201e+03     6.823232967092259e+03     6.824914065707600e+03
   27800           -7.67536022e+04            3.01364395e+00            9.96523150e-01            1.00254762e+00     6.855624554729251e+03     6.855914919914405e+03     6.856205491814648e+03     6.856495907456705e+03     6.856786359697310e+03     6.857948164665369e+03
   28000           -7.66807956e+04            1.80847370e+00            9.97696485e-01            1.00131163e+00     6.797257957904096e+03     6.797400157191511e+03     6.797542603174962e+03     6.797684869299970e+03     6.797827174750653e+03     6.798396391597211e+03
   28200           -7.66135643e+04            4.73684292e+00            9.94796185e-01            1.00426535e+00     6.867474813438911e+03     6.867981180051554e+03     6.868487696829470e+03     6.868994095682307e+03     6.869500524697739e+03     6.871526235956568e+03
   28400           -7.66872817e+04            3.86848819e+00            9.95675397e-01            1.00340879e+00     6.808801224683791e+03     6.809200267284935e+03     6.809599528071234e+03     6.809998632432264e+03     6.810397769890707e+03     6.811994315097623e+03
   28600           -7.67080481e+04            3.11466991e+00            9.96415437e-01            1.00264182e+00     6.812214489018327e+03     6.812518320155983e+03     6.812822351353699e+03     6.813126230562581e+03     6.813430145920094e+03     6.814645802821861e+03
   28800           -7.66317192e+04            3.57498505e+00            9.95917526e-01            1.00306382e+00     6.810104539999578e+03     6.810465520879291e+03     6.810826761439514e+03     6.811187818426029e+03     6.811548912959836e+03     6.812993285920094e+03
   29000           -7.67257413e+04            3.37836961e+00            9.96153544e-01            1.00290708e+00     6.849131433933937e+03     6.849468997420227e+03     6.849806754398174e+03     6.850144366010204e+03     6.850482011645618e+03     6.851832589357299e+03
   29200           -7.67052335e+04            3.80547500e+00            9.95705306e-01            1.00331248e+00     6.758191708814004e+03     6.758581079602693e+03     6.758970647778079e+03     6.759360071193164e+03     6.759749526918590e+03     6.761307345023176e+03
   29400           -7.68000801e+04            3.54870419e+00            9.95984482e-01            1.00307854e+00     6.826595340139793e+03     6.826952261338837e+03     6.827309436477384e+03     6.827666438779263e+03     6.828023473314007e+03     6.829451606488221e+03
   29600           -7.67057585e+04            1.01492971e+01            9.89448752e-01            1.00973840e+00     6.790963284331534e+03     6.792151216014856e+03     6.793339363096466e+03     6.794527359424460e+03     6.795715385610280e+03     6.800467486889028e+03
   29800           -7.67564536e+04            3.70670663e+00            9.95843072e-01            1.00325310e+00     6.773855915346122e+03     6.774235483607750e+03     6.774615215646392e+03     6.774994816993836e+03     6.775374452407274e+03     6.776892989468428e+03
   30000           -7.67388472e+04            3.17527194e+00            9.96352540e-01            1.00270005e+00     6.847159914511905e+03     6.847470773905437e+03     6.847781852849182e+03     6.848092774544739e+03     6.848403729271996e+03     6.849647544032086e+03
   30200           -7.67813735e+04            1.28814694e+01            9.86703271e-01            1.01245393e+00     6.799984894644712e+03     6.801511994541242e+03     6.803039281973355e+03     6.804566427314048e+03     6.806093606383905e+03     6.812202318123099e+03
   30400           -7.67372059e+04            2.85823575e+00            9.96672306e-01            1.00238607e+00     6.839990848732236e+03     6.840263446073388e+03     6.840536282538539e+03     6.840808949524493e+03     6.841081651061048e+03     6.842172453389858e+03
   30600           -7.67964204e+04            2.13570917e+00            9.97398538e-01            1.00166796e+00     6.862423280983417e+03     6.862604836314760e+03     6.862786587392940e+03     6.862968177318181e+03     6.863149811098504e+03     6.863876341213590e+03
   30800           -7.70285989e+04            2.04901846e+00            9.97474534e-01            1.00157061e+00     6.820631073146429e+03     6.820797998003311e+03     6.820965112818232e+03     6.821132088206927e+03     6.821299094613993e+03     6.821967116081556e+03
   31000           -7.70180249e+04            3.28690326e+00            9.96247689e-01            1.00281840e+00     6.718939689337640e+03     6.719266478158765e+03     6.719593459626225e+03     6.719920304537915e+03     6.720247177809644e+03     6.721554666281648e+03
   31200           -7.69160559e+04            1.66416208e+00            9.97853203e-01            1.00117991e+00     6.797466817272317e+03     6.797589291617563e+03     6.797712000235925e+03     6.797834533480261e+03     6.797957107329825e+03     6.798447397387333e+03
   31400           -7.68795613e+04            3.49469353e+00            9.96030834e-01            1.00301686e+00     6.809978224950610e+03     6.810330938214902e+03     6.810683860655568e+03     6.811036633329796e+03     6.811389437492800e+03     6.812800650034991e+03
   31600           -7.68044379e+04            8.74792358e+00            9.90803338e-01            1.00829081e+00     6.797284707040460e+03     6.798290923437707e+03     6.799297331152075e+03     6.800303593271276e+03     6.801309890398074e+03     6.805335073755688e+03
   31800           -7.69881082e+04            2.06820532e+00            9.97451147e-01            1.00158556e+00     6.798668856518206e+03     6.798838176537524e+03     6.799007652818575e+03     6.799177003229462e+03     6.799346387132793e+03     6.800023917747380e+03
   32000           -7.69781401e+04            8.90688027e+00            9.90629858e-01            1.00843482e+00     6.778923980245546e+03     6.779946693526853e+03     6.780969654531723e+03     6.781992440226832e+03     6.783015261574636e+03     6.787106542903725e+03
   32200           -7.67196641e+04            2.49555325e+00            9.97012619e-01            1.00200125e+00     6.797904725919134e+03     6.798133337052923e+03     6.798362126904679e+03     6.798590785766937e+03     6.798819473909224e+03     6.799734221899314e+03
   32400           -7.68754292e+04            4.40478637e+00            9.95113022e-01            1.00391827e+00     6.792652361166688e+03     6.793115638265925e+03     6.793579142311176e+03     6.794042479544625e+03     6.794505853822803e+03     6.796359346478918e+03
   32600           -7.68441773e+04            2.59340080e+00            9.96894327e-01            1.00207845e+00     6.781313532329487e+03     6.781553147560116e+03     6.781792976372939e+03     6.782032645699567e+03     6.782272351297293e+03     6.783231170265098e+03
   32800           -7.71198658e+04            4.45873182e+00            9.95042177e-01            1.00395511e+00     6.802458392249841e+03     6.802928278627179e+03     6.803398377618922e+03     6.803868316621537e+03     6.804338293020599e+03     6.806218193791356e+03
   33000           -7.69801125e+04            4.25015076e+00            9.95307180e-01            1.00380365e+00     6.867061366453770e+03     6.867508963454919e+03     6.867956747200097e+03     6.868404400916806e+03     6.868852080847464e+03     6.870642795241158e+03
   33200           -7.68055952e+04            6.46358730e+00            9.93066126e-01            1.00598700e+00     6.781235721449748e+03     6.781957629206146e+03     6.782679806398583e+03     6.783401799111505e+03     6.784123826864137e+03     6.787011932278527e+03
   33400           -7.65023396e+04            3.88415194e+00            9.95629768e-01            1.00339424e+00     6.835412739370769e+03     6.835810294009346e+03     6.836208093342672e+03     6.836605719619879e+03     6.837003380967411e+03     6.838594022564053e+03
   33600           -7.66551265e+04            6.08730794e+00            9.93433037e-01            1.00560163e+00     6.759435410631051e+03     6.760113577658833e+03     6.760791979721416e+03     6.761470217688123e+03     6.762148488044325e+03     6.764861565457600e+03
   33800           -7.66117677e+04            5.70062453e+00            9.93830117e-01            1.00522586e+00     6.800813836036536e+03     6.801439119418336e+03     6.802064579522794e+03     6.802689902798733e+03     6.803315260079012e+03     6.805816684121489e+03
   34000           -7.67361939e+04            5.36414513e+00            9.94195318e-01            1.00491875e+00     6.785070124816854e+03     6.785655921675257e+03     6.786241889380894e+03     6.786827714796850e+03     6.787413579413400e+03     6.789757034009945e+03
   34200           -7.67514453e+04            4.08817015e+00            9.95462196e-01            1.00363480e+00     6.834038527893731e+03     6.834466293261526e+03     6.834894294288404e+03     6.835322130837164e+03     6.835750000130685e+03     6.837461472367639e+03
   34400           -7.66591980e+04            3.02042128e+00            9.96502783e-01            1.00254072e+00     6.728988613408015e+03     6.729285930178821e+03     6.729583453694586e+03     6.729880832540779e+03     6.730178240036001e+03     6.731367866663986e+03
   34600           -7.66229312e+04            2.93835672e+00            9.96587889e-01            1.00246179e+00     6.833290691149714e+03     6.833573105206305e+03     6.833855774307586e+03     6.834138264351873e+03     6.834420789887650e+03     6.835550888625588e+03
   34800           -7.68033048e+04            4.54036930e+00            9.95018843e-01            1.00409550e+00     6.863552726939226e+03     6.864036676515455e+03     6.864520824646298e+03     6.865004832712024e+03     6.865488869328209e+03     6.867425011717193e+03
   35000           -7.68472982e+04            5.11877727e+00            9.94391663e-01            1.00462409e+00     6.838429545491573e+03     6.838982230762673e+03     6.839535136043982e+03     6.840087882927484e+03     6.840640663642454e+03     6.842851781793337e+03
   35200           -7.64791975e+04            5.19731045e+00            9.94321218e-01            1.00471071e+00     6.797934638984337e+03     6.798496595793429e+03     6.799058763660702e+03     6.799620776305718e+03     6.800182823124960e+03     6.802431007265584e+03
   35400           -7.65229656e+04            4.12783905e+00            9.95400405e-01            1.00365213e+00     6.794706899144726e+03     6.795135903004225e+03     6.795565154270665e+03     6.795994244107683e+03     6.796423360350122e+03     6.798139821555519e+03
   35600           -7.67075396e+04            9.04192356e+00            9.90504207e-01            1.00857927e+00     6.787904026370790e+03     6.788947957379573e+03     6.789992126138337e+03     6.791036130675025e+03     6.792080167384650e+03     6.796256308398511e+03
   35800           -7.67078162e+04            2.07737674e+00            9.97420207e-01            1.00157286e+00     6.795985965287338e+03     6.796154734507874e+03     6.796323735602970e+03     6.796492583469629e+03     6.796661457720427e+03     6.797336950153516e+03
   36000           -7.65284024e+04            5.53414526e+00            9.94000098e-01            1.00506309e+00     6.849457877498788e+03     6.850062506190869e+03     6.850667381617815e+03     6.851272074035971e+03     6.851876807955457e+03     6.854295738412124e+03
   36200           -7.67368225e+04            2.55797535e+00            9.96943960e-01            1.00205734e+00     6.849368785130323e+03     6.849599758173028e+03     6.849830948943877e+03     6.850061975101353e+03     6.850293039970303e+03     6.851217294810283e+03
   36400           -7.65319821e+04            7.63238209e+00            9.91942423e-01            1.00720035e+00     6.823762316513185e+03     6.824628381568538e+03     6.825494611780900e+03     6.826360705087359e+03     6.827226836256798e+03     6.830691356000411e+03
   36600           -7.66469640e+04            3.52790789e+00            9.95987663e-01            1.00304002e+00     6.875716351032566e+03     6.876072613667458e+03     6.876429076523708e+03     6.876785385328230e+03     6.877141731748745e+03     6.878567112464924e+03
   36800           -7.66848756e+04            4.40293816e+00            9.95123008e-01            1.00392463e+00     6.813234768124684e+03     6.813696701077764e+03     6.814158858748561e+03     6.814620845494461e+03     6.815082873012861e+03     6.816930977901039e+03
   37000           -7.68042163e+04            2.46166050e+00            9.97069698e-01            1.00199070e+00     6.754327514366122e+03     6.754548982521073e+03     6.754770614524727e+03     6.754992121349334e+03     6.755213658766759e+03     6.756099803167396e+03
   37200           -7.67442110e+04            3.65995267e+00            9.95852494e-01            1.00316878e+00     6.779385337448928e+03     6.779757143602861e+03     6.780129139478860e+03     6.780500986027066e+03     6.780872870418276e+03     6.782360403387624e+03
   37400           -7.69505003e+04            1.06082977e+01            9.88970417e-01            1.01017717e+00     6.811441334895053e+03     6.812679543801555e+03     6.813917969334000e+03     6.815156236428500e+03     6.816394538787853e+03     6.821347742680652e+03
   37600           -7.69925078e+04            2.82436858e+00            9.96693138e-01            1.00233913e+00     6.854380585400034e+03     6.854650463872187e+03     6.854920501279434e+03     6.855190409474442e+03     6.855460352125948e+03     6.856540118851861e+03
   37800           -7.67186430e+04            2.94730433e+00            9.96557147e-01            1.00244881e+00     6.849067642242074e+03     6.849349430197372e+03     6.849631407378895e+03     6.849913241417958e+03     6.850195109179444e+03     6.851322576116815e+03
   38000           -7.68186264e+04            7.62747421e+00            9.91960799e-01            1.00720912e+00     6.834902689487055e+03     6.835771096766820e+03     6.836639630351730e+03     6.837508054700686e+03     6.838376511739332e+03     6.841850333991610e+03
   38200           -7.69332973e+04            2.63462465e+00            9.96907134e-01            1.00217395e+00     6.757270904016352e+03     6.757515873200065e+03     6.757761028476644e+03     6.758006035279151e+03     6.758251080508247e+03     6.759231257000141e+03
   38400           -7.70286027e+04            9.69538140e+00            9.89863211e-01            1.00924472e+00     6.787301064354891e+03     6.788430085904796e+03     6.789559305405943e+03     6.790688386582245e+03     6.791817495785587e+03     6.796333927216284e+03
   38600           -7.67538084e+04            3.12447962e+00            9.96394901e-01            1.00264083e+00     6.727955939078618e+03     6.728258112975484e+03     6.728560479835309e+03     6.728862702832889e+03     6.729164958952340e+03     6.730373978826063e+03
   38800           -7.68072566e+04            6.11093316e+00            9.93427654e-01            1.00564369e+00     6.857965568744227e+03     6.858642722765398e+03     6.859320063485794e+03     6.859997256032872e+03     6.860674486682822e+03     6.863383404621418e+03
   39000           -7.67167495e+04            4.86645581e+00            9.94638055e-01            1.00436604e+00     6.789031698890220e+03     6.789551775643528e+03     6.790072074405347e+03     6.790592225661817e+03     6.791112402881255e+03     6.793193106872288e+03
   39200           -7.66602841e+04            1.04191975e+01            9.89167849e-01            1.00999679e+00     6.790723974002536e+03     6.791939059094894e+03     6.793154285263094e+03     6.794369397540107e+03     6.795584540009680e+03     6.800445106016824e+03
   39400           -7.66043813e+04            1.59345385e+00            9.97937678e-01            1.00112309e+00     6.810028105123796e+03     6.810141211528494e+03     6.810254448217015e+03     6.810367586730197e+03     6.810480748930728e+03     6.810933392737659e+03
   39600           -7.66571007e+04            4.76690438e+00            9.94780364e-01            1.00430976e+00     6.849238944420174e+03     6.849748391259713e+03     6.850258054444416e+03     6.850767555127553e+03     6.851277093796323e+03     6.853315243172472e+03
   39800           -7.67720523e+04            1.13549890e+00            9.98372849e-01            1.00064273e+00     6.743669870017109e+03     6.743726914539930e+03     6.743784203859058e+03     6.743841317828847e+03     6.743898468629701e+03     6.744127067242292e+03
   40000           -7.66664667e+04            4.63788180e+00            9.94892939e-01            1.00416426e+00     6.798742111345025e+03     6.799235593262171e+03     6.799729298448340e+03     6.800222856138124e+03     6.800716439289055e+03     6.802690767233084e+03
   40200           -7.67819067e+04            2.03278420e+00            9.97495202e-01            1.00155884e+00     6.871123042142213e+03     6.871290208455242e+03     6.871457532338303e+03     6.871624733533101e+03     6.871791965530553e+03     6.872460888918893e+03
   40400           -7.65529182e+04            2.36724444e+00            9.97139613e-01            1.00187175e+00     6.787439938145366e+03     6.787651282842557e+03     6.787862811697039e+03     6.788074198464581e+03     6.788285619988814e+03     6.789131301832262e+03
   40600           -7.67598061e+04            2.55986062e+00            9.96954728e-01            1.00207195e+00     6.805567560401279e+03     6.805801311941348e+03     6.806035288013939e+03     6.806269117323447e+03     6.806502971777491e+03     6.807438383153703e+03
   40800           -7.65109476e+04            8.00425617e+00            9.91542710e-01            1.00754357e+00     6.855228632896771e+03     6.856140204767119e+03     6.857051989744728e+03     6.857963620125855e+03     6.858875283722383e+03     6.862521934547995e+03
   41000           -7.66778015e+04            5.99874235e+00            9.93534543e-01            1.00552625e+00     6.845029151476089e+03     6.845696067947446e+03     6.846363246790595e+03     6.847030235424799e+03     6.847697264873322e+03     6.850365378270554e+03
   41200           -7.67396398e+04            6.70882111e+00            9.92829869e-01            1.00624108e+00     6.760328573274823e+03     6.761082518611494e+03     6.761836663849915e+03     6.762590659295995e+03     6.763344689475756e+03     6.766360805676689e+03
   41400           -7.68459526e+04            3.33173851e+00            9.96200241e-01            1.00286056e+00     6.808327611376862e+03     6.808656716291057e+03     6.808986051708779e+03     6.809315227772086e+03     6.809644435192182e+03     6.810961259007501e+03
   41600           -7.68142166e+04            3.23802015e+00            9.96297519e-01            1.00277052e+00     6.844924676052647e+03     6.845244668659836e+03     6.845564849839098e+03     6.845884890440968e+03     6.846204963551078e+03     6.847485251049510e+03
   41800           -7.68284782e+04            2.05956516e+00            9.97495359e-01            1.00161265e+00     6.737633757516329e+03     6.737806238960354e+03     6.737978916088488e+03     6.738151454986643e+03     6.738324022603275e+03     6.739014287690220e+03
   42000           -7.67434789e+04            4.39927381e+00            9.95128278e-01            1.00392259e+00     6.708328064306799e+03     6.708790860829487e+03     6.709253874889149e+03     6.709716753854244e+03     6.710179651861816e+03     6.712031239416831e+03
   42200           -7.68760353e+04            4.10307999e+00            9.95413469e-01            1.00361560e+00     6.765709525407367e+03     6.766136681254433e+03     6.766564112810231e+03     6.766991354456552e+03     6.767418632312691e+03     6.769127739218015e+03
   42400           -7.69056227e+04            2.54183985e+00            9.96977024e-01            1.00205824e+00     6.714532744200598e+03     6.714762431910361e+03     6.714992317006822e+03     6.715222051283113e+03     6.715451822211342e+03     6.716370900222086e+03
   42600           -7.66678307e+04            5.40897363e+00            9.94145717e-01            1.00495871e+00     6.736723531914269e+03     6.737316734941669e+03     6.737910150063738e+03     6.738503404511546e+03     6.739096696991263e+03     6.741469862068257e+03
   42800           -7.67314733e+04            3.60714974e+00            9.95931914e-01            1.00314284e+00     6.773654826688535e+03     6.774020098807924e+03     6.774385576444616e+03     6.774750897015984e+03     6.775116255623946e+03     6.776577684559357e+03
   43000           -7.66612333e+04            4.78815478e+00            9.94751132e-01            1.00432293e+00     6.792088899424204e+03     6.792602846978227e+03     6.793116978817981e+03     6.793630968586490e+03     6.794144993154976e+03     6.796201086885749e+03
   43200           -7.67490610e+04            4.10168227e+00            9.95435728e-01            1.00363524e+00     6.813485294027110e+03     6.813910675853052e+03     6.814336247813264e+03     6.814761681509892e+03     6.815187145563365e+03     6.816888997099619e+03
   43400           -7.67259633e+04            3.14367595e+00            9.96389123e-01            1.00267351e+00     6.784989920775198e+03     6.785292687419338e+03     6.785595684707396e+03     6.785898518137789e+03     6.786201385482540e+03     6.787412850189883e+03
   43600           -7.68406810e+04            5.69434263e+00            9.93840772e-01            1.00522401e+00     6.723221983317517e+03     6.723848736817964e+03     6.724475739935730e+03     6.725102571172829e+03     6.725729435511684e+03     6.728236887705851e+03
   43800           -7.67289995e+04            3.30271447e+00            9.96213497e-01            1.00281570e+00     6.773100163605797e+03     6.773427848579619e+03     6.773755727591716e+03     6.774083461594097e+03     6.774411229065773e+03     6.775722294525749e+03
   44000           -7.64987416e+04            2.59564954e+00            9.96915128e-01            1.00210387e+00     6.773767070430195e+03     6.774006893993558e+03     6.774246908981575e+03     6.774486777710003e+03     6.774726681914616e+03     6.775686293399036e+03
   44200           -7.65862268e+04            4.27680113e+00            9.95247644e-01            1.00379711e+00     6.770264010773846e+03     6.770715184036694e+03     6.771166530894814e+03     6.771617747521010e+03     6.772068995051417e+03     6.773873979328988e+03
   44400           -7.66575403e+04            3.99834828e+00            9.95522510e-01            1.00351532e+00     6.806089112169404e+03     6.806503777475426e+03     6.806918608138582e+03     6.807333329840963e+03     6.807748070832620e+03     6.809407029495836e+03
   44600           -7.67059459e+04            3.40083271e+00            9.96119690e-01            1.00291806e+00     6.770454090136550e+03     6.770793472777995e+03     6.771133049586156e+03     6.771472475415439e+03     6.771811938745762e+03     6.773169787354975e+03
   44800           -7.66447109e+04            4.16296029e+00            9.95380651e-01            1.00370271e+00     6.774483942218241e+03     6.774921609421151e+03     6.775359471483760e+03     6.775797201163058e+03     6.776234955693425e+03     6.777985969168610e+03
   45000           -7.65521905e+04            1.24195286e+01            9.87208971e-01            1.01203739e+00     6.812183402478477e+03     6.813649288551735e+03     6.815115362402524e+03     6.816581292747549e+03     6.818047257938875e+03     6.823911113399273e+03
   45200           -7.66518048e+04            7.25157694e+00            9.92285702e-01            1.00678184e+00     6.808889267455937e+03     6.809710263065383e+03     6.810531474673501e+03     6.811352527589594e+03     6.812173615663381e+03     6.815457963870825e+03
   45400           -7.66183556e+04            2.42159654e+00            9.97110083e-01            1.00195099e+00     6.800121553337258e+03     6.800341537297394e+03     6.800561777834550e+03     6.800781853853923e+03     6.801001955567427e+03     6.801882357797596e+03
   45600           -7.66986431e+04            2.03938017e+00            9.97481776e-01            1.00155857e+00     6.680825021740520e+03     6.680995927311968e+03     6.681167022772756e+03     6.681337968152562e+03     6.681508951519680e+03     6.682192881298839e+03
   45800           -7.66847264e+04            6.24669835e+00            9.93285319e-01            1.00577267e+00     6.797777113427927e+03     6.798470818792498e+03     6.799164783915240e+03     6.799858564401277e+03     6.800552383049181e+03     6.803327652670436e+03
   46000           -7.68468605e+04            5.55886123e+00            9.93997436e-01            1.00511008e+00     6.794434901558035e+03     6.795042581033405e+03     6.795650472361496e+03     6.796258224251555e+03     6.796865999626498e+03     6.799297097694961e+03
   46200           -7.68664797e+04            2.03545050e+00            9.97453970e-01            1.00152278e+00     6.823040695540351e+03     6.823207681958624e+03     6.823374898294973e+03     6.823541956514665e+03     6.823709045563148e+03     6.824377395585944e+03
   46400           -7.67984795e+04            4.39538231e+00            9.95177152e-01            1.00396409e+00     6.758083549901571e+03     6.758546898946724e+03     6.759010439419518e+03     6.759473845068625e+03     6.759937278158524e+03     6.761791006415477e+03
   46600           -7.66338658e+04            4.04863263e+00            9.95459332e-01            1.00355255e+00     6.824800645522922e+03     6.825220130356280e+03     6.825639834360501e+03     6.826059375869129e+03     6.826478954186514e+03     6.828157262850106e+03
   46800           -7.65548366e+04            2.74831856e+00            9.96757731e-01            1.00225163e+00     6.820748267545490e+03     6.821005622717463e+03     6.821263210737755e+03     6.821520641199212e+03     6.821778100857066e+03     6.822807934168643e+03
   47000           -7.65547941e+04            2.85986363e+00            9.96676742e-01            1.00239380e+00     6.798633721229357e+03     6.798904640593903e+03     6.799175794279359e+03     6.799446783039113e+03     6.799717805163990e+03     6.800801889098623e+03
   47200           -7.66080023e+04            2.71157714e+00            9.96816478e-01            1.00223705e+00     6.829026268013058e+03     6.829281816176520e+03     6.829537592630146e+03     6.829793206442189e+03     6.830048854161870e+03     6.831071440310681e+03
   47400           -7.67784151e+04            6.10501269e+00            9.93440933e-01            1.00564523e+00     6.821113056056026e+03     6.821791568430068e+03     6.822470280759625e+03     6.823148853385305e+03     6.823827454421428e+03     6.826541852786831e+03
   47600           -7.69039135e+04            4.13815345e+00            9.95396387e-01            1.00366878e+00     6.770543208787788e+03     6.770971674043852e+03     6.771400398780294e+03     6.771828932889613e+03     6.772257508924413e+03     6.773971809061038e+03
   47800           -7.67405649e+04            2.32145669e+00            9.97222428e-01            1.00186321e+00     6.878300889005399e+03     6.878505587260699e+03     6.878710508617749e+03     6.878915275857359e+03     6.879120072898979e+03     6.879939256792558e+03
   48000           -7.68909799e+04            4.81312080e+00            9.94731399e-01            1.00435316e+00     6.767930553229773e+03     6.768444647444469e+03     6.768958944485184e+03     6.769473105205355e+03     6.769987290469677e+03     6.772044027709580e+03
   48200           -7.69228841e+04            5.49747632e+00            9.94046199e-01            1.00503599e+00     6.787217812752279e+03     6.787819439368178e+03     6.788421298706942e+03     6.789022997255688e+03     6.789624726905042e+03     6.792031641057804e+03
   48400           -7.67443646e+04            4.05447962e+00            9.95480341e-01            1.00358547e+00     6.773522759536367e+03     6.773942120567683e+03     6.774361736727326e+03     6.774781167723060e+03     6.775200639052206e+03     6.776878518568046e+03
   48600           -7.68531433e+04            9.76224936e+00            9.89804331e-01            1.00931966e+00     6.812642039748930e+03     6.813779204264646e+03     6.814916613776796e+03     6.816053848736716e+03     6.817191119940104e+03     6.821740200131278e+03
   48800           -7.67580017e+04            8.09869104e+00            9.91421752e-01            1.00761095e+00     6.810074965599250e+03     6.810997579489427e+03     6.811920392988628e+03     6.812843058845076e+03     6.813765758069260e+03     6.817456550539270e+03
   49000           -7.66580465e+04            2.60516679e+00            9.96897714e-01            1.00210544e+00     6.761154479680084e+03     6.761392837415643e+03     6.761631426028105e+03     6.761869855240437e+03     6.762108315276704e+03     6.763062150873324e+03
   49200           -7.65633151e+04            6.38931286e+00            9.93172443e-01            1.00594526e+00     6.777110657378330e+03     6.777827465676331e+03     6.778544423954409e+03     6.779261259120443e+03     6.779978127576552e+03     6.782845597774773e+03
   49400           -7.66026932e+04            1.05293326e+01            9.89073700e-01            1.01012313e+00     6.808604231727010e+03     6.809833856134572e+03     6.811063665849417e+03     6.812293334745489e+03     6.813523037376326e+03     6.818441843025641e+03
   49600           -7.65647269e+04            3.62712621e+00            9.95889520e-01            1.00314022e+00     6.749190379388059e+03     6.749554514990778e+03     6.749918886321282e+03     6.750283102272712e+03     6.750647344984643e+03     6.752104310581227e+03
   49800           -7.65238271e+04            3.22535863e+00            9.96299848e-01            1.00274747e+00     6.731640307679780e+03     6.731957327010071e+03     6.732274555092583e+03     6.732591624018964e+03     6.732908730936952e+03     6.734177154194123e+03
   50000           -7.65188911e+04            4.89471514e+00            9.94638492e-01            1.00442325e+00     6.831132053174269e+03     6.831655827432884e+03     6.832179794534974e+03     6.832703610874581e+03     6.833227464924644e+03     6.835322876675018e+03
