#This file was generated on Sun Sep  3 12:02:23 2023
#Using the somd command, of the molecular library Sire version <2023.1.3> 
#For more information visit: https://github.com/openbiosim/sire
#
#General information on simulation parameters:
#Simulation used 25000 moves, 2 cycles and 200 ps of simulation time
#Generating lambda is		 0.37500
#Alchemical array is		 (0.0, 0.125, 0.25, 0.375, 0.5, 1.0)
#Generating temperature is 	25°C
#Energy was saved every 200 steps 
#
#
#   [step]      [potential kcal/mol]       [gradient kcal/mol]      [forward Metropolis]     [backward Metropolis]                   [u_kl]
     200           -1.27827328e+05            6.69474533e+00            9.93357341e-01            1.00674733e+00     9.905605635456175e+03     9.906439270040715e+03     9.907273234356806e+03     9.908106944713605e+03     9.908940716537565e+03     9.912275797618955e+03
     400           -1.23994882e+05            8.57040556e+00            9.91494076e-01            1.00863558e+00     9.839091804230615e+03     9.840160281686110e+03     9.841229106400850e+03     9.842297656295486e+03     9.843366276462204e+03     9.847640748693791e+03
     600           -1.21505844e+05            5.52047996e+00            9.94527173e-01            1.00556855e+00     9.948758450891317e+03     9.949445025983629e+03     9.950131951390882e+03     9.950818608984408e+03     9.951505330845403e+03     9.954252210799488e+03
     800           -1.19896846e+05            6.41998098e+00            9.93627728e-01            1.00646813e+00     9.945390653521579e+03     9.946190315574129e+03     9.946990299938529e+03     9.947790029176000e+03     9.948589822741615e+03     9.951788991961650e+03
    1000           -1.18976427e+05            5.47176226e+00            9.94574563e-01            1.00551849e+00     9.982549081636223e+03     9.983229658855091e+03     9.983910509028679e+03     9.984591140797202e+03     9.985271829403027e+03     9.987994577169831e+03
    1200           -1.18366458e+05            6.96142732e+00            9.93091044e-01            1.00701441e+00     9.887287880899432e+03     9.888154980164496e+03     9.889022424412715e+03     9.889889617686025e+03     9.890756865412282e+03     9.894225849925133e+03
    1400           -1.17821869e+05            6.53921012e+00            9.93508945e-01            1.00658781e+00     9.888168600411922e+03     9.888983216329041e+03     9.889798084940083e+03     9.890612735987266e+03     9.891427450299034e+03     9.894686300186144e+03
    1600           -1.17669375e+05            5.73002696e+00            9.94317616e-01            1.00577809e+00     9.828641305784888e+03     9.829354466194272e+03     9.830068001319374e+03     9.830781248040261e+03     9.831494564159531e+03     9.834347822534173e+03
    1800           -1.17588774e+05            5.71348098e+00            9.94329032e-01            1.00575636e+00     9.883719974623658e+03     9.884431301517499e+03     9.885142941651682e+03     9.885854324826505e+03     9.886565777407184e+03     9.889411580190712e+03
    2000           -1.17568211e+05            5.79945650e+00            9.94241040e-01            1.00584029e+00     9.901810987462623e+03     9.902533387216898e+03     9.903256186565584e+03     9.903978693968213e+03     9.904701265256745e+03     9.907591543050868e+03
    2200           -1.17336570e+05            7.44598635e+00            9.92611609e-01            1.00750417e+00     9.869122450704108e+03     9.870050602264686e+03     9.870979062390956e+03     9.871907272331118e+03     9.872835548157982e+03     9.876548645611854e+03
    2400           -1.17204642e+05            5.78422773e+00            9.94264274e-01            1.00583316e+00     9.973487447250014e+03     9.974207078648444e+03     9.974927063548943e+03     9.975646784009152e+03     9.976366565386168e+03     9.979245683522320e+03
    2600           -1.17216345e+05            3.09004147e+00            9.96947207e-01            1.00312750e+00     9.968720389717442e+03     9.969103360919145e+03     9.969486616996675e+03     9.969869649776150e+03     9.970252738631818e+03     9.971785087546194e+03
    2800           -1.17216938e+05            3.75149558e+00            9.96283504e-01            1.00378672e+00     9.966360266150312e+03     9.966826439510740e+03     9.967292950885660e+03     9.967759207689325e+03     9.968225523799807e+03     9.970090781449302e+03
    3000           -1.17271413e+05            2.58719636e+00            9.97440176e-01            1.00261470e+00     9.967615003318180e+03     9.967935434656230e+03     9.968256247081257e+03     9.968576777322307e+03     9.968897371113571e+03     9.970179738908961e+03
    3200           -1.16941205e+05            3.99524116e+00            9.96041445e-01            1.00403218e+00     1.007150748503883e+04     1.007200394871541e+04     1.007250070467556e+04     1.007299723807536e+04     1.007349382476168e+04     1.007548016448452e+04
    3400           -1.17244510e+05            1.85816428e+00            9.98175034e-01            1.00189148e+00     9.955426186364242e+03     9.955655022520525e+03     9.955884206802282e+03     9.956113130371150e+03     9.956342114176532e+03     9.957258041988824e+03
    3600           -1.16920331e+05            4.25417192e+00            9.95784060e-01            1.00429268e+00     9.995208574335134e+03     9.995736952914338e+03     9.996265687913907e+03     9.996794169921550e+03     9.997322704271917e+03     9.999436834208702e+03
    3800           -1.17053433e+05            8.34011437e+00            9.91722512e-01            1.00840340e+00     9.989453971839488e+03     9.990493720701308e+03     9.991533856426959e+03     9.992573712118661e+03     9.993613627556359e+03     9.997773283273231e+03
    4000           -1.16980430e+05            5.56831647e+00            9.94470925e-01            1.00560788e+00     9.966272155921759e+03     9.966965795233384e+03     9.967659771415480e+03     9.968353493908980e+03     9.969047275386702e+03     9.971822394851646e+03
    4200           -1.17090816e+05            8.50088687e+00            9.91564769e-01            1.00856726e+00     9.896432863232281e+03     9.897493023946088e+03     9.898553487433801e+03     9.899613706995919e+03     9.900673990387162e+03     9.904915117542043e+03
    4400           -1.16851016e+05            1.11268777e+01            9.88961519e-01            1.01121634e+00     9.976291228740401e+03     9.977679181549656e+03     9.979067520171318e+03     9.980455579320635e+03     9.981843698036631e+03     9.987396167332861e+03
    4600           -1.17100702e+05            7.08386330e+00            9.92971011e-01            1.00713928e+00     9.967087953010139e+03     9.967970363318367e+03     9.968853121883496e+03     9.969735621009690e+03     9.970618179616689e+03     9.974148406223239e+03
    4800           -1.16799840e+05            6.05034335e+00            9.93997486e-01            1.00609861e+00     9.878813893754241e+03     9.879566972496948e+03     9.880320388698567e+03     9.881073535545725e+03     9.881826751737128e+03     9.884839609720017e+03
    5000           -1.17147851e+05            6.07074113e+00            9.93979348e-01            1.00612129e+00     9.939188196829624e+03     9.939943582057798e+03     9.940699279229957e+03     9.941454743811239e+03     9.942210261673443e+03     9.945232326517262e+03
    5200           -1.17013928e+05            2.75258819e+00            9.97279764e-01            1.00278511e+00     9.952836577667238e+03     9.953177627943169e+03     9.953518999171867e+03     9.953860141694462e+03     9.954201331926857e+03     9.955566086186478e+03
    5400           -1.17037996e+05            4.37981787e+00            9.95659884e-01            1.00441981e+00     1.000014336468891e+04     1.000068763496247e+04     1.000123224462753e+04     1.000177658872359e+04     1.000232099888530e+04     1.000449863308169e+04
    5600           -1.17134714e+05            2.96272812e+00            9.97071336e-01            1.00299698e+00     9.898576589346505e+03     9.898943672138786e+03     9.899311069497637e+03     9.899678232724495e+03     9.900045449166209e+03     9.901514308985914e+03
    5800           -1.17257938e+05            2.89759041e+00            9.97140773e-01            1.00293616e+00     9.932076825198925e+03     9.932435470410590e+03     9.932794523983499e+03     9.933153287287189e+03     9.933512109955191e+03     9.934947394711457e+03
    6000           -1.16959185e+05            6.02949394e+00            9.94020373e-01            1.00607982e+00     9.884310598431595e+03     9.885061006495862e+03     9.885811736955613e+03     9.886562205896353e+03     9.887312744458017e+03     9.890314890484438e+03
    6200           -1.17149504e+05            5.34634828e+00            9.94692916e-01            1.00538593e+00     9.936219125733604e+03     9.936884893152610e+03     9.937550947188858e+03     9.938216776110496e+03     9.938882662510157e+03     9.941546199286709e+03
    6400           -1.17168890e+05            7.42721793e+00            9.92627587e-01            1.00748257e+00     9.889530488612794e+03     9.890456098252054e+03     9.891382046210478e+03     9.892307748909796e+03     9.893233504663773e+03     9.896936520714751e+03
    6600           -1.17031792e+05            1.05278231e+01            9.89554157e-01            1.01061076e+00     1.002983753457091e+04     1.003115115106343e+04     1.003246508308134e+04     1.003377875867924e+04     1.003509250303145e+04     1.004034747149199e+04
    6800           -1.16909242e+05            4.79033164e+00            9.95252452e-01            1.00483345e+00     9.967997190761100e+03     9.968592586461082e+03     9.969188322356062e+03     9.969783800588997e+03     9.970379339441530e+03     9.972761488121960e+03
    7000           -1.17025712e+05            3.64872119e+00            9.96391129e-01            1.00368883e+00     1.003316582694102e+04     1.003361867555087e+04     1.003407191461790e+04     1.003452487260138e+04     1.003497789010319e+04     1.003678995326537e+04
    7200           -1.16964945e+05            2.47070021e+00            9.97556356e-01            1.00249788e+00     9.979486044571875e+03     9.979792477672418e+03     9.980099238703351e+03     9.980405753044970e+03     9.980712324980361e+03     9.981938605388845e+03
    7400           -1.17270355e+05            4.71110429e+00            9.95331509e-01            1.00475405e+00     9.851106019353620e+03     9.851691851196845e+03     9.852278033095143e+03     9.852863944187864e+03     9.853449921346972e+03     9.855793823340324e+03
    7600           -1.17166636e+05            2.06490627e+00            9.97968892e-01            1.00209884e+00     1.004567503028028e+04     1.004593010303466e+04     1.004618552214621e+04     1.004644068515233e+04     1.004669590591872e+04     1.004771678155716e+04
    7800           -1.17169596e+05            3.22636322e+00            9.96809425e-01            1.00326236e+00     9.876180465954061e+03     9.876580507552597e+03     9.876980856017222e+03     9.877380957630492e+03     9.877781124103398e+03     9.879381782252734e+03
    8000           -1.17212442e+05            2.43422362e+00            9.97599548e-01            1.00246815e+00     9.933026678512446e+03     9.933328255642617e+03     9.933630106441398e+03     9.933931726503482e+03     9.934233411485318e+03     9.935440144458191e+03
    8200           -1.17346801e+05            3.00014223e+00            9.97031779e-01            1.00303224e+00     9.902038473708380e+03     9.902410979097458e+03     9.902783851606317e+03     9.903156441004856e+03     9.903529098960562e+03     9.905019724212741e+03
    8400           -1.17023595e+05            2.82736866e+00            9.97204677e-01            1.00285958e+00     9.902857788148654e+03     9.903208468744535e+03     9.903559494517722e+03     9.903910262289839e+03     9.904261089651041e+03     9.905664391153428e+03
    8600           -1.16846982e+05            2.40438902e+00            9.97628390e-01            1.00243732e+00     9.907255628087245e+03     9.907553263661817e+03     9.907851262120616e+03     9.908148993366070e+03     9.908446783854866e+03     9.909637939622487e+03
    8800           -1.17024195e+05            5.37605270e+00            9.94662463e-01            1.00541488e+00     1.001827298335169e+04     1.001894253193257e+04     1.001961243647979e+04     1.002028208059415e+04     1.002095178137108e+04     1.002363057939047e+04
    9000           -1.16899489e+05            2.16112300e+00            9.97871011e-01            1.00219339e+00     1.008314239134832e+04     1.008340966996088e+04     1.008367730364666e+04     1.008394467730689e+04     1.008421210841312e+04     1.008528182547793e+04
    9200           -1.17049166e+05            2.33544509e+00            9.97704003e-01            1.00237507e+00     9.901465261976477e+03     9.901753237313947e+03     9.902041510063667e+03     9.902329558135809e+03     9.902617659544130e+03     9.903770057111786e+03
    9400           -1.16713335e+05            2.64985247e+00            9.97383850e-01            1.00268372e+00     9.898135477501144e+03     9.898463511791599e+03     9.898791886575749e+03     9.899120010617697e+03     9.899448191033789e+03     9.900760904566436e+03
    9600           -1.16934580e+05            1.37632547e+00            9.98654063e-01            1.00140680e+00     9.901738916356633e+03     9.901907949851449e+03     9.902077304281109e+03     9.902246418061164e+03     9.902415586955780e+03     9.903092257554925e+03
    9800           -1.16878270e+05            4.43559776e-01            9.99585587e-01            1.00047273e+00     9.945427067331102e+03     9.945479394214670e+03     9.945532071541618e+03     9.945584477795375e+03     9.945636950501401e+03     9.945846833671700e+03
   10000           -1.16909343e+05            2.58650770e+00            9.97444635e-01            1.00261780e+00     9.884518124099844e+03     9.884838969643382e+03     9.885160112264626e+03     9.885481026041616e+03     9.885801995597780e+03     9.887085867095713e+03
   10200           -1.17014380e+05            2.01156743e+00            9.98021576e-01            1.00204484e+00     9.999289112816048e+03     9.999537096957793e+03     9.999785391024312e+03     1.000003343251118e+04     1.000028154137718e+04     1.000127396993831e+04
   10400           -1.17412160e+05            3.20864994e+00            9.96828387e-01            1.00324590e+00     9.815151095210016e+03     9.815548816854831e+03     9.815946873249351e+03     9.816344672360332e+03     9.816742533589078e+03     9.818333971968139e+03
   10600           -1.17117279e+05            3.21565512e+00            9.96819406e-01            1.00325092e+00     9.880648165940376e+03     9.881047304609299e+03     9.881446765954488e+03     9.881845970678223e+03     9.882245241183837e+03     9.883842316427295e+03
   10800           -1.17238961e+05            1.72139755e+00            9.98313177e-01            1.00175609e+00     9.991480198043009e+03     9.991692117261719e+03     9.991904368780792e+03     9.992116360985265e+03     9.992328417577432e+03     9.993176637111852e+03
   11000           -1.17175689e+05            1.54335399e+00            9.98488616e-01            1.00157542e+00     9.834915932721920e+03     9.835106042195173e+03     9.835296462408651e+03     9.835486643356435e+03     9.835676882150017e+03     9.836437831578114e+03
   11200           -1.17225012e+05            1.66068477e+00            9.98366740e-01            1.00168820e+00     9.964145454315680e+03     9.964350434756807e+03     9.964555816471035e+03     9.964760899717130e+03     9.964966050723204e+03     9.965786647130726e+03
   11400           -1.17040304e+05            2.47477798e+00            9.97561107e-01            1.00251083e+00     9.952760368787220e+03     9.953066500883418e+03     9.953372939284152e+03     9.953679145158369e+03     9.953985406251788e+03     9.955210443716358e+03
   11600           -1.17035183e+05            6.60841855e-01            9.99368209e-01            1.00068993e+00     9.905399157343198e+03     9.905478783031354e+03     9.905558734526147e+03     9.905638431505880e+03     9.905718191966382e+03     9.906037226589564e+03
   11800           -1.17011811e+05            3.42180571e+00            9.96612522e-01            1.00345634e+00     1.002604076038407e+04     1.002646550350206e+04     1.002689059202437e+04     1.002731542094084e+04     1.002774030994373e+04     1.002943985950339e+04
   12000           -1.17248882e+05            1.90915175e+00            9.98121620e-01            1.00194004e+00     9.896319557238570e+03     9.896555233005476e+03     9.896791198039091e+03     9.897026938488660e+03     9.897262735023565e+03     9.898205912808560e+03
   12200           -1.16899009e+05            2.77780919e+00            9.97252251e-01            1.00280802e+00     9.937842188229604e+03     9.938186874674586e+03     9.938531801632522e+03     9.938876524838564e+03     9.939221305639683e+03     9.940600423049764e+03
   12400           -1.17028833e+05            2.08285562e+00            9.97952147e-01            1.00211800e+00     9.859828068647790e+03     9.860085142270074e+03     9.860342542690680e+03     9.860599685437290e+03     9.860856893502043e+03     9.861885718356298e+03
   12600           -1.17123581e+05            2.54611973e+00            9.97487599e-01            1.00258000e+00     9.906103406096048e+03     9.906418803182321e+03     9.906734573577436e+03     9.907050074087900e+03     9.907365632033452e+03     9.908627857970858e+03
   12800           -1.16852180e+05            4.78524738e+00            9.95256148e-01            1.00482697e+00     9.942011616569944e+03     9.942607266896717e+03     9.943203207195131e+03     9.943798924099816e+03     9.944394695593353e+03     9.946777774616761e+03
   13000           -1.17054618e+05            1.85717890e+00            9.98171860e-01            1.00188632e+00     9.959656151872967e+03     9.959885497691725e+03     9.960115160496516e+03     9.960344590975878e+03     9.960574073225534e+03     9.961491994578100e+03
   13200           -1.16864612e+05            3.45904889e+00            9.96577451e-01            1.00349577e+00     9.922818204545198e+03     9.923247991235043e+03     9.923678120112212e+03     9.924107986308434e+03     9.924537915530282e+03     9.926257626515366e+03
   13400           -1.16855973e+05            1.97190376e+00            9.98061270e-01            1.00200520e+00     9.876379675375671e+03     9.876623143704333e+03     9.876866903447357e+03     9.877110417520424e+03     9.877354000545223e+03     9.878328325714778e+03
   13600           -1.16946137e+05            3.29215178e+00            9.96745598e-01            1.00333013e+00     9.970586015543773e+03     9.970994560768902e+03     9.971403476076914e+03     9.971812116060397e+03     9.972220818492269e+03     9.973855621440764e+03
   13800           -1.16998702e+05            2.29107070e+00            9.97738536e-01            1.00232081e+00     9.931239433089824e+03     9.931523717385906e+03     9.931808267823370e+03     9.932092603358760e+03     9.932376995622442e+03     9.933514558155061e+03
   14000           -1.17172296e+05            3.69387787e+00            9.96345572e-01            1.00373359e+00     9.936705070184724e+03     9.937163577383702e+03     9.937622410377369e+03     9.938081000175762e+03     9.938539646204361e+03     9.940374222223996e+03
   14200           -1.16993356e+05            1.70144386e+00            9.98330392e-01            1.00173339e+00     9.858812776383214e+03     9.859021803405192e+03     9.859231166108817e+03     9.859440270031298e+03     9.859649436474043e+03     9.860486096564871e+03
   14400           -1.16959535e+05            3.92598328e-01            9.99636960e-01            1.00042218e+00     9.937712468288366e+03     9.937758952528473e+03     9.937805742589224e+03     9.937852294734470e+03     9.937898905845501e+03     9.938085343402634e+03
   14600           -1.17087743e+05            4.27838850e+00            9.95760812e-01            1.00431787e+00     9.887581731144375e+03     9.888113363629616e+03     9.888645330264175e+03     9.889177036786603e+03     9.889708807311403e+03     9.891835883478430e+03
   14800           -1.17059583e+05            1.68274215e+00            9.98349358e-01            1.00171495e+00     9.952626448189043e+03     9.952833229134665e+03     9.953040326340481e+03     9.953247182773477e+03     9.953454096601608e+03     9.954281745014174e+03
   15000           -1.16956132e+05            2.18847698e+00            9.97840973e-01            1.00221805e+00     1.004028274577401e+04     1.004055346453729e+04     1.004082452156597e+04     1.004109531859453e+04     1.004136617849936e+04     1.004244961122472e+04
   15200           -1.16994521e+05            2.08952265e+00            9.97942412e-01            1.00212158e+00     9.898122410614164e+03     9.898380594286724e+03     9.898639100922299e+03     9.898897343989789e+03     9.899155657281566e+03     9.900188903948969e+03
   15400           -1.17048558e+05            4.93368040e+00            9.95104921e-01            1.00497258e+00     9.823777417879726e+03     9.824391239686312e+03     9.825005412754717e+03     9.825619325258089e+03     9.826233296943568e+03     9.828689176007410e+03
   15600           -1.16828284e+05            1.72708582e+00            9.98303629e-01            1.00175790e+00     9.941629053034092e+03     9.941841974690296e+03     9.942055259371113e+03     9.942268279578784e+03     9.942481357662500e+03     9.943333662290908e+03
   15800           -1.16960668e+05            1.28523177e+00            9.98743888e-01            1.00131443e+00     9.942020046694566e+03     9.942177916386070e+03     9.942336097095591e+03     9.942494034726895e+03     9.942652033046861e+03     9.943284019399156e+03
   16000           -1.16860617e+05            2.36471710e+00            9.97669024e-01            1.00239861e+00     9.867343085350629e+03     9.867635517540863e+03     9.867928324148113e+03     9.868220852109669e+03     9.868513443453794e+03     9.869683801556957e+03
   16200           -1.16719539e+05            2.80999768e+00            9.97227049e-01            1.00284724e+00     9.934438331159570e+03     9.934785930990476e+03     9.935133866980947e+03     9.935481550325285e+03     9.935829292271506e+03     9.937220253383442e+03
   16400           -1.16948039e+05            3.41179241e+00            9.96619339e-01            1.00344311e+00     9.927747334635411e+03     9.928171161921995e+03     9.928595361250933e+03     9.929019288250180e+03     9.929443275352274e+03     9.931139216069138e+03
   16600           -1.17086619e+05            3.61988980e+00            9.96415048e-01            1.00365505e+00     9.959712031334982e+03     9.960161916126815e+03     9.960612030018287e+03     9.961061940501322e+03     9.961511912411846e+03     9.963311793488709e+03
   16800           -1.17112041e+05            3.42730295e+00            9.96609990e-01            1.00346483e+00     9.973976315450815e+03     9.974401621003755e+03     9.974827200813748e+03     9.975252571888368e+03     9.975677992839015e+03     9.977379670227218e+03
   17000           -1.16976633e+05            2.15810371e+00            9.97871463e-01            1.00218779e+00     9.993186769611506e+03     9.993453760374356e+03     9.993721074858917e+03     9.993988138036828e+03     9.994255263039964e+03     9.995323756468422e+03
   17200           -1.17335875e+05            4.72143423e+00            9.95314198e-01            1.00475733e+00     9.925684403578543e+03     9.926272008876227e+03     9.926859974405681e+03     9.927447667649500e+03     9.928035424283358e+03     9.930386444988173e+03
   17400           -1.17166124e+05            3.08623648e+00            9.96946676e-01            1.00311933e+00     1.001411579278035e+04     1.001449879547274e+04     1.001488208833689e+04     1.001526514837224e+04     1.001564826879848e+04     1.001718074481662e+04
   17600           -1.17012283e+05            3.14549508e+00            9.96890742e-01            1.00318194e+00     9.981392269658927e+03     9.981782438652732e+03     9.982172895297281e+03     9.982563098834205e+03     9.982953378061620e+03     9.984514486464313e+03
   17800           -1.16991612e+05            5.18877344e+00            9.94852515e-01            1.00523040e+00     1.000519800618054e+04     1.000584415566390e+04     1.000649064720317e+04     1.000713687665945e+04     1.000778316939114e+04     1.001036833260175e+04
   18000           -1.17265950e+05            5.17513878e+00            9.94865702e-01            1.00521631e+00     9.925546633485001e+03     9.926190773275444e+03     9.926835246734299e+03     9.927479450657424e+03     9.928123725246161e+03     9.930700817007322e+03
   18200           -1.17095327e+05            6.10678031e+00            9.93938144e-01            1.00615210e+00     9.931649927044076e+03     9.932410765321554e+03     9.933171932279160e+03     9.933932832989345e+03     9.934693804091088e+03     9.937737681138100e+03
   18400           -1.17053669e+05            3.87248338e+00            9.96165474e-01            1.00391070e+00     9.879505460730510e+03     9.879986446646026e+03     9.880467790872674e+03     9.880948866562554e+03     9.881430003996265e+03     9.883354547262023e+03
   18600           -1.17154189e+05            4.95294747e+00            9.95086328e-01            1.00499253e+00     9.933403582230798e+03     9.934019813720588e+03     9.934636384380839e+03     9.935252695640984e+03     9.935869069572047e+03     9.938334556913298e+03
   18800           -1.17168433e+05            2.60469405e+00            9.97428899e-01            1.00263845e+00     9.979560790002475e+03     9.979883184869410e+03     9.980205900471061e+03     9.980528363779791e+03     9.980850890790700e+03     9.982140991578925e+03
   19000           -1.17137087e+05            6.61558206e+00            9.93441439e-01            1.00667317e+00     9.934651887784281e+03     9.935475377716837e+03     9.936299200057292e+03     9.937122768083376e+03     9.937946396984447e+03     9.941240906184614e+03
   19200           -1.17269119e+05            5.24986074e+00            9.94793292e-01            1.00529337e+00     9.933839493711081e+03     9.934493212810014e+03     9.935147305411941e+03     9.935801120142554e+03     9.936454997967490e+03     9.939070502223902e+03
   19400           -1.17145474e+05            8.05353764e+00            9.92008329e-01            1.00811606e+00     9.921658371820529e+03     9.922662259019189e+03     9.923666471283708e+03     9.924670435864991e+03     9.925674459941269e+03     9.929690548062008e+03
   19600           -1.17391831e+05            7.26736102e+00            9.92789861e-01            1.00732516e+00     9.893189628273120e+03     9.894095000720108e+03     9.895000626685433e+03     9.895906051007589e+03     9.896811527291535e+03     9.900433426309950e+03
   19800           -1.17234867e+05            7.18570741e+00            9.92872225e-01            1.00724423e+00     1.000060195268566e+04     1.000149684700174e+04     1.000239206549057e+04     1.000328702507775e+04     1.000418205162293e+04     1.000776215056021e+04
   20000           -1.16941261e+05            6.26282449e+00            9.93780345e-01            1.00630637e+00     9.891902922943274e+03     9.892683328661989e+03     9.893464006107772e+03     9.894244482343500e+03     9.895025004584952e+03     9.898147086226625e+03
   20200           -1.16832304e+05            8.52913444e+00            9.91538248e-01            1.00859726e+00     9.984333993668217e+03     9.985397098240910e+03     9.986460552632703e+03     9.987523737715592e+03     9.988586988461249e+03     9.992839983254282e+03
   20400           -1.16957524e+05            8.26932835e+00            9.91796548e-01            1.00833592e+00     9.962563809802827e+03     9.963594150643183e+03     9.964624845974300e+03     9.965655276295360e+03     9.966685767540692e+03     9.970807725278557e+03
   20600           -1.17055869e+05            7.73149182e+00            9.92326970e-01            1.00779055e+00     1.001853277864709e+04     1.001949613998593e+04     1.002045982180260e+04     1.002142325407737e+04     1.002238674801122e+04     1.002624071737535e+04
   20800           -1.17071560e+05            6.01405960e+00            9.94034445e-01            1.00606300e+00     9.951294085216487e+03     9.952042821971763e+03     9.952791906120701e+03     9.953540725423130e+03     9.954289607795965e+03     9.957285130375445e+03
   21000           -1.17085218e+05            7.26892014e+00            9.92784975e-01            1.00732335e+00     9.936992669258943e+03     9.937898488565266e+03     9.938804688764414e+03     9.939710610915265e+03     9.940616594190516e+03     9.944240519122090e+03
   21200           -1.17137308e+05            5.38308954e+00            9.94662403e-01            1.00542897e+00     9.979543305493358e+03     9.980213087370234e+03     9.980883220302825e+03     9.981553081450105e+03     9.982223009228315e+03     9.984902712963272e+03
   21400           -1.17148259e+05            2.92320721e+00            9.97108665e-01            1.00295525e+00     9.925303859078937e+03     9.925666554735615e+03     9.926029551239590e+03     9.926392290497457e+03     9.926755103298165e+03     9.928206347517393e+03
   21600           -1.17165668e+05            3.20776028e+00            9.96822140e-01            1.00323783e+00     9.934639020127661e+03     9.935037716980607e+03     9.935436722300676e+03     9.935835490282969e+03     9.936234315747020e+03     9.937829611366380e+03
   21800           -1.17253923e+05            3.31668836e+00            9.96715419e-01            1.00334898e+00     9.910943898662221e+03     9.911355988184490e+03     9.911768393447219e+03     9.912180565094486e+03     9.912592789207312e+03     9.914241679752406e+03
   22000           -1.17019638e+05            4.22712695e+00            9.95813196e-01            1.00426774e+00     9.923623962233098e+03     9.924149280897869e+03     9.924674951335239e+03     9.925200357696733e+03     9.925725824924251e+03     9.927827687615407e+03
   22200           -1.16935578e+05            3.48329784e+00            9.96550138e-01            1.00351694e+00     9.928168545735831e+03     9.928601271325120e+03     9.929034322087804e+03     9.929467121717642e+03     9.929899982711588e+03     9.931631419687345e+03
   22400           -1.16841416e+05            4.41688638e+00            9.95623311e-01            1.00445738e+00     1.000530213773791e+04     1.000585142349081e+04     1.000640104374551e+04     1.000695040263875e+04     1.000749982667690e+04     1.000969751561590e+04
   22600           -1.16903164e+05            6.16257254e+00            9.93887211e-01            1.00621282e+00     9.939509081514991e+03     9.940276271709838e+03     9.941043828657068e+03     9.941811100316268e+03     9.942578442411832e+03     9.945647803308673e+03
   22800           -1.16893942e+05            4.58879039e+00            9.95455779e-01            1.00463371e+00     9.968053253637754e+03     9.968623669855837e+03     9.969194408815898e+03     9.969764894955693e+03     9.970335443916785e+03     9.972617634195818e+03
   23000           -1.17237909e+05            6.34047009e+00            9.93706293e-01            1.00638766e+00     1.000524921202499e+04     1.000603896657636e+04     1.000682900359903e+04     1.000761882512185e+04     1.000840869924269e+04     1.001156818646038e+04
   23200           -1.17073122e+05            6.71995794e+00            9.93329771e-01            1.00677016e+00     9.918934661096349e+03     9.919771575575103e+03     9.920608816033739e+03     9.921445807927970e+03     9.922282859209667e+03     9.925631057322984e+03
   23400           -1.17496756e+05            7.85694808e+00            9.92204509e-01            1.00791905e+00     9.932837592748128e+03     9.933816647007914e+03     9.934796016787121e+03     9.935775139183281e+03     9.936754323652216e+03     9.940671054556302e+03
   23600           -1.17288351e+05            2.56090243e+00            9.97472101e-01            1.00259406e+00     9.940158055127782e+03     9.940475331691008e+03     9.940792916276290e+03     9.941110263042423e+03     9.941427667754237e+03     9.942697280380691e+03
   23800           -1.17191943e+05            2.88540787e+00            9.97149459e-01            1.00292046e+00     9.955640758216879e+03     9.955998360804184e+03     9.956356285766065e+03     9.956713969367993e+03     9.957071709057127e+03     9.958502659897376e+03
   24000           -1.17199122e+05            3.33819039e+00            9.96692483e-01            1.00336904e+00     1.002862201203927e+04     1.002903659645350e+04     1.002945149885442e+04     1.002986615614969e+04     1.003028087348994e+04     1.003193973494061e+04
   24200           -1.17214521e+05            3.77083998e+00            9.96268603e-01            1.00381055e+00     1.003449135852460e+04     1.003495951088143e+04     1.003542797379927e+04     1.003589619167811e+04     1.003636447178056e+04     1.003823758503653e+04
   24400           -1.16891799e+05            4.77392731e+00            9.95269727e-01            1.00481793e+00     9.924487831792163e+03     9.925081216039318e+03     9.925674965631981e+03     9.926268436681254e+03     9.926861973862626e+03     9.929236115933087e+03
   24600           -1.17135746e+05            7.82003601e-01            9.99244079e-01            1.00080813e+00     9.905462213631383e+03     9.905557258473769e+03     9.905652592642606e+03     9.905747685395203e+03     9.905842845208295e+03     9.906223476785210e+03
   24800           -1.17167692e+05            2.68406730e+00            9.97347061e-01            1.00271535e+00     9.932631952275953e+03     9.932964738487839e+03     9.933297794610697e+03     9.933630605377188e+03     9.933963492231438e+03     9.935295032186921e+03
   25000           -1.17214032e+05            1.66328621e+00            9.98363565e-01            1.00169022e+00     1.001394428639049e+04     1.001414943610973e+04     1.001435493560923e+04     1.001456017559028e+04     1.001476547452418e+04     1.001558666265786e+04
   25200           -1.17123903e+05            3.30873455e+00            9.96726621e-01            1.00334430e+00     9.950559196916774e+03     9.950969822662209e+03     9.951380805296965e+03     9.951791520093724e+03     9.952202296790010e+03     9.953845396663244e+03
   25400           -1.17239962e+05            6.82789172e+00            9.93222470e-01            1.00687873e+00     9.816367043133478e+03     9.817217698501112e+03     9.818068730245230e+03     9.818919478972974e+03     9.819770293444422e+03     9.823173543755367e+03
   25600           -1.17244960e+05            2.12925717e+00            9.97900553e-01            1.00215919e+00     9.936241562216726e+03     9.936504954250657e+03     9.936768604011600e+03     9.937032045730017e+03     9.937295542540034e+03     9.938349522863344e+03
   25800           -1.17398400e+05            3.96547326e+00            9.96070934e-01            1.00400213e+00     1.001692903106687e+04     1.001742178367929e+04     1.001791486042264e+04     1.001840768173336e+04     1.001890056786116e+04     1.002087210465544e+04
   26000           -1.17179401e+05            3.28533723e+00            9.96748872e-01            1.00331975e+00     9.873805461130451e+03     9.874213051302297e+03     9.874621016434794e+03     9.875028709722255e+03     9.875436461363648e+03     9.877067461596844e+03
   26200           -1.17136524e+05            5.55456187e+00            9.94489671e-01            1.00559917e+00     1.007394464552780e+04     1.007463602764462e+04     1.007532778093459e+04     1.007601925840754e+04     1.007671079885684e+04     1.007947695218588e+04
   26400           -1.17298040e+05            5.37851105e+00            9.94662331e-01            1.00541969e+00     1.001334061320202e+04     1.001401012615150e+04     1.001467993335597e+04     1.001534950234861e+04     1.001601913484253e+04     1.001869765648305e+04
   26600           -1.17116870e+05            8.37524722e+00            9.91689299e-01            1.00844049e+00     9.978276816912787e+03     9.979320843685935e+03     9.980365220977141e+03     9.981409345135475e+03     9.982453523686734e+03     9.986630230460682e+03
   26800           -1.16895119e+05            8.41635681e+00            9.91646326e-01            1.00847970e+00     1.004982233532534e+04     1.005087164980526e+04     1.005192125592059e+04     1.005297063121725e+04     1.005402006528009e+04     1.005821779523484e+04
   27000           -1.17092569e+05            8.87006002e+00            9.91196148e-01            1.00893698e+00     9.902829278047546e+03     9.903935468874974e+03     9.905042011908112e+03     9.906148294666327e+03     9.907254635321497e+03     9.911679992595447e+03
   27200           -1.17019620e+05            8.15545960e+00            9.91903094e-01            1.00821461e+00     9.867218272825316e+03     9.868235017127472e+03     9.869252121464257e+03     9.870268973692568e+03     9.871285875965017e+03     9.875353479104719e+03
   27400           -1.17198096e+05            8.26387008e+00            9.91799093e-01            1.00832750e+00     9.932043730870553e+03     9.933073786893330e+03     9.934104211995360e+03     9.935134376828444e+03     9.936164594931621e+03     9.940285458992688e+03
   27600           -1.17275508e+05            7.27062105e+00            9.92784442e-01            1.00732623e+00     9.881551173718552e+03     9.882456960622181e+03     9.883363053185158e+03     9.884268905358394e+03     9.885174817927205e+03     9.888798462135859e+03
   27800           -1.17350635e+05            5.59770366e+00            9.94450463e-01            1.00564629e+00     9.922109698970853e+03     9.922806421882113e+03     9.923503459001500e+03     9.924200237390991e+03     9.924897085740420e+03     9.927684472509985e+03
   28000           -1.16999515e+05            1.17558462e+01            9.88338024e-01            1.01185085e+00     9.828262857127687e+03     9.829729665025196e+03     9.831196815372885e+03     9.832663690984295e+03     9.834130637351303e+03     9.839998417574921e+03
   28200           -1.16767715e+05            5.64100195e+00            9.94408233e-01            1.00569067e+00     1.003627808960288e+04     1.003697988214819e+04     1.003768200237896e+04     1.003838386698398e+04     1.003908579505389e+04     1.004189350050491e+04
   28400           -1.16662787e+05            3.08536616e+00            9.96952093e-01            1.00312304e+00     9.966751539760860e+03     9.967133942531264e+03     9.967516656006048e+03     9.967899135363039e+03     9.968281669629985e+03     9.969811799499108e+03
   28600           -1.16901206e+05            4.62187746e+00            9.95419271e-01            1.00466334e+00     9.939736722848202e+03     9.940311301387712e+03     9.940886191223030e+03     9.941460837530767e+03     9.942035544323689e+03     9.944334365799177e+03
   28800           -1.16828876e+05            4.96584746e+00            9.95073111e-01            1.00500511e+00     9.822653747531183e+03     9.823271872398487e+03     9.823890369762168e+03     9.824508591053451e+03     9.825126874448870e+03     9.827600001366554e+03
   29000           -1.17005600e+05            7.68359784e+00            9.92378512e-01            1.00774636e+00     1.000077090399624e+04     1.000172776143298e+04     1.000268495177048e+04     1.000364188848920e+04     1.000459888563262e+04     1.000842686726900e+04
   29200           -1.17246001e+05            6.56783059e+00            9.93485270e-01            1.00662144e+00     9.910964707062831e+03     9.911782613911111e+03     9.912600844436301e+03     9.913418819924640e+03     9.914236859964214e+03     9.917509012865597e+03
   29400           -1.17013428e+05            7.02777208e+00            9.93029028e-01            1.00708514e+00     9.964739947687909e+03     9.965615038194286e+03     9.966490486993873e+03     9.967365671529964e+03     9.968240914920714e+03     9.971741882153518e+03
   29600           -1.17113367e+05            3.90934870e+00            9.96125655e-01            1.00394459e+00     9.914043425779890e+03     9.914529230720087e+03     9.915015353679821e+03     9.915501226433891e+03     9.915987162111844e+03     9.917930898443796e+03
   29800           -1.16949714e+05            1.67871191e+00            9.98350034e-01            1.00170755e+00     9.936303471943456e+03     9.936510549827932e+03     9.936717920261828e+03     9.936925060449123e+03     9.937132259315869e+03     9.937961046688284e+03
   30000           -1.16922021e+05            3.85959516e+00            9.96176351e-01            1.00389578e+00     9.938302121093297e+03     9.938781581377089e+03     9.939261365176491e+03     9.939740902232812e+03     9.940220498442117e+03     9.942138875790937e+03
   30200           -1.16930207e+05            9.35825330e-01            9.99096098e-01            1.00096781e+00     1.000262377926835e+04     1.000273771472926e+04     1.000285186620976e+04     1.000296581469155e+04     1.000307982853367e+04     1.000353587779900e+04
   30400           -1.17079239e+05            4.60490979e+00            9.95437410e-01            1.00464756e+00     9.990074804977417e+03     9.990647331268916e+03     9.991220095334293e+03     9.991792658622728e+03     9.992365277860596e+03     9.994655750743772e+03
   30600           -1.16882426e+05            1.30964160e+00            9.98724052e-01            1.00134342e+00     1.002754934299763e+04     1.002770937854948e+04     1.002786980816980e+04     1.002802992929577e+04     1.002819012675214e+04     1.002883091050666e+04
   30800           -1.16951483e+05            1.53059055e+00            9.98501507e-01            1.00156278e+00     9.941313560896408e+03     9.941501756932041e+03     9.941690263059721e+03     9.941878509677152e+03     9.942066827988470e+03     9.942820095080531e+03
   31000           -1.17061361e+05            1.98225500e+00            9.98050847e-01            1.00201548e+00     1.000663632237277e+04     1.000688063793315e+04     1.000712535861090e+04     1.000736979361641e+04     1.000761428694676e+04     1.000859225152075e+04
   31200           -1.17077892e+05            3.39728275e+00            9.96637073e-01            1.00343185e+00     9.967364007937684e+03     9.967786008301453e+03     9.968208280541638e+03     9.968630337815157e+03     9.969052450153955e+03     9.970740892370226e+03
   31400           -1.17065725e+05            3.22495910e+00            9.96812522e-01            1.00326266e+00     9.996220297858305e+03     9.996620089691871e+03     9.997020228877280e+03     9.997420098510531e+03     9.997820034705263e+03     9.999419771552220e+03
   31600           -1.16974991e+05            3.02459759e+00            9.97011059e-01            1.00306045e+00     9.929431645326771e+03     9.929806556872716e+03     9.930181823778643e+03     9.930556824530864e+03     9.930931886430635e+03     9.932432127534501e+03
   31800           -1.17173973e+05            2.52550995e+00            9.97507711e-01            1.00255889e+00     9.992669105173634e+03     9.992982033645118e+03     9.993295192428961e+03     9.993608150123724e+03     9.993921167253742e+03     9.995173229333848e+03
   32000           -1.17039550e+05            2.36231788e+00            9.97669804e-01            1.00239458e+00     9.888308017207384e+03     9.888599932865811e+03     9.888892292514376e+03     9.889184342676026e+03     9.889476453670310e+03     9.890644890133237e+03
   32200           -1.16846152e+05            2.40787145e+00            9.97624198e-01            1.00244009e+00     9.998966004336093e+03     9.999264011194366e+03     9.999562294299030e+03     9.999860358345590e+03     1.000015847852229e+04     1.000135095270849e+04
   32400           -1.17127786e+05            5.45562001e+00            9.94588587e-01            1.00550020e+00     1.007236872444248e+04     1.007304762797466e+04     1.007372681734149e+04     1.007440577742165e+04     1.007508479706918e+04     1.007780086969588e+04
   32600           -1.16905170e+05            1.83254294e+00            9.98203914e-01            1.00186913e+00     9.932563181519017e+03     9.932788931434414e+03     9.933015017769247e+03     9.933240848765168e+03     9.933466740131276e+03     9.934370298743534e+03
   32800           -1.17099679e+05            1.43839355e+00            9.98589994e-01            1.00146686e+00     9.799460060069516e+03     9.799637094177200e+03     9.799814384622947e+03     9.799991457791772e+03     9.800168592671569e+03     9.800877125273622e+03
   33000           -1.17328816e+05            5.74884769e+00            9.94298191e-01            1.00579630e+00     9.932048637106327e+03     9.932764460717639e+03     9.933480628923795e+03     9.934196532970067e+03     9.934912500436994e+03     9.937776363767660e+03
   33200           -1.17353906e+05            2.65852421e+00            9.97372940e-01            1.00269014e+00     9.980995972771128e+03     9.981325596768342e+03     9.981655534731735e+03     9.981985223605110e+03     9.982314975527821e+03     9.983633978284512e+03
   33400           -1.17080495e+05            4.87306461e+00            9.95170436e-01            1.00491691e+00     9.994542887630312e+03     9.995148865402109e+03     9.995755194244557e+03     9.996361256378093e+03     9.996967381056349e+03     9.999391874482386e+03
   33600           -1.17094189e+05            1.89327259e+00            9.98136955e-01            1.00192361e+00     9.930893932630564e+03     9.931127951587812e+03     9.931362279122703e+03     9.931596361752145e+03     9.931830506947446e+03     9.932767081264328e+03
   33800           -1.16823443e+05            2.90658640e+00            9.97128419e-01            1.00294178e+00     9.991001582040952e+03     9.991361748345082e+03     9.991722218734409e+03     9.992082439920865e+03     9.992442728026494e+03     9.993883874012035e+03
   34000           -1.17030780e+05            2.32045593e+00            9.97707465e-01            1.00234850e+00     9.920981337694284e+03     9.921268730622558e+03     9.921556386797816e+03     9.921843825687751e+03     9.922131324486383e+03     9.923281311278484e+03
   34200           -1.16941415e+05            5.32348119e+00            9.94717465e-01            1.00536476e+00     1.000073110989403e+04     1.000139398889420e+04     1.000205721900685e+04     1.000272020527417e+04     1.000338323939392e+04     1.000603536889382e+04
   34400           -1.17058017e+05            1.98271492e+00            9.98051580e-01            1.00201714e+00     9.961965417445428e+03     9.962210329638183e+03     9.962455602289720e+03     9.962700593274960e+03     9.962945653937866e+03     9.963925890430306e+03
   34600           -1.17169933e+05            3.98341135e+00            9.96053183e-01            1.00402026e+00     9.990321031062707e+03     9.990816328710715e+03     9.991311977596644e+03     9.991807377350644e+03     9.992302828212152e+03     9.994284625361597e+03
   34800           -1.17238284e+05            8.54510839e-01            9.99180458e-01            1.00088954e+00     9.959664044284442e+03     9.959767327149213e+03     9.959870951699491e+03     9.959974324186103e+03     9.960077752992533e+03     9.960491461700625e+03
   35000           -1.17055395e+05            2.28274603e+00            9.97746537e-01            1.00231215e+00     9.925179980871730e+03     9.925462787601859e+03     9.925745899967436e+03     9.926028769228842e+03     9.926311700766137e+03     9.927443420660546e+03
   35200           -1.17151587e+05            8.74649096e-01            9.99153983e-01            1.00090333e+00     9.950627859131422e+03     9.950734129608136e+03     9.950840683741981e+03     9.950946993297008e+03     9.951053374021334e+03     9.951478888911246e+03
   35400           -1.16907759e+05            3.58885776e+00            9.96448025e-01            1.00362598e+00     9.989184961440138e+03     9.989630376613484e+03     9.990076135924663e+03     9.990521629784364e+03     9.990967188097658e+03     9.992749414755181e+03
   35600           -1.16937047e+05            1.96290545e+00            9.98068709e-01            1.00199464e+00     9.901360378022786e+03     9.901602861804986e+03     9.901845738840204e+03     9.902088338287869e+03     9.902330994121065e+03     9.903301610219345e+03
   35800           -1.17159299e+05            5.48604105e+00            9.94556671e-01            1.00552911e+00     9.903277219423999e+03     9.903960655341787e+03     9.904644381497059e+03     9.905327867914550e+03     9.906011420147426e+03     9.908745620870852e+03
   36000           -1.17220857e+05            1.71510492e+00            9.98313423e-01            1.00174373e+00     9.986563289371012e+03     9.986774857974478e+03     9.986986764171272e+03     9.987198414736427e+03     9.987410126122804e+03     9.988256962874599e+03
   36200           -1.16976995e+05            7.07979883e+00            9.92975087e-01            1.00713523e+00     1.006939745560581e+04     1.007027919215480e+04     1.007116130391535e+04     1.007204312873605e+04     1.007292502218301e+04     1.007645258876020e+04
   36400           -1.17082521e+05            1.85059396e+00            9.98180372e-01            1.00188167e+00     9.966065964600039e+03     9.966294343388174e+03     9.966523037955600e+03     9.966751473325288e+03     9.966979978138910e+03     9.967893991677782e+03
   36600           -1.16824927e+05            1.86195020e+00            9.98165437e-01            1.00188944e+00     1.003212384119815e+04     1.003235427782372e+04     1.003258509439224e+04     1.003281562886994e+04     1.003304622680414e+04     1.003396861241013e+04
   36800           -1.16737217e+05            6.51554671e+00            9.93536078e-01            1.00656766e+00     1.002264699875782e+04     1.002345859997776e+04     1.002427056430892e+04     1.002508224450532e+04     1.002589399484778e+04     1.002914099093773e+04
   37000           -1.16853207e+05            5.88499545e+00            9.94158918e-01            1.00592929e+00     1.000015231375636e+04     1.000088502488856e+04     1.000161811564710e+04     1.000235090542243e+04     1.000308377159319e+04     1.000601522943002e+04
   37200           -1.17012356e+05            5.20903200e+00            9.94830034e-01            1.00524841e+00     9.990471034230126e+03     9.991119611030248e+03     9.991768554555872e+03     9.992417228735812e+03     9.993065962678083e+03     9.995660891126041e+03
   37400           -1.17074642e+05            3.22637783e+00            9.96809944e-01            1.00326291e+00     9.889413858622993e+03     9.889814078616084e+03     9.890214581235789e+03     9.890614861193581e+03     9.891015197595148e+03     9.892616536567304e+03
   37600           -1.17110041e+05            5.10601567e+00            9.94939308e-01            1.00515172e+00     9.915783997262466e+03     9.916418976786603e+03     9.917054270100689e+03     9.917689323573150e+03     9.918324434283928e+03     9.920864871305390e+03
   37800           -1.17239438e+05            5.03459213e+00            9.95012773e-01            1.00508235e+00     1.000478965721321e+04     1.000541556405836e+04     1.000604177843571e+04     1.000666774759735e+04     1.000729377965263e+04     1.000979790209206e+04
   38000           -1.16801323e+05            3.70417671e+00            9.96332989e-01            1.00374158e+00     1.003959209452368e+04     1.004005198365245e+04     1.004051219323815e+04     1.004097215044356e+04     1.004143217163641e+04     1.004327224874913e+04
   38200           -1.17201790e+05            4.83035931e+00            9.95212572e-01            1.00487363e+00     1.000151144182826e+04     1.000211179665052e+04     1.000271246764337e+04     1.000331290094822e+04     1.000391338984555e+04     1.000631533786284e+04
   38400           -1.17134282e+05            6.03184418e+00            9.94013739e-01            1.00607783e+00     1.004263143750595e+04     1.004338262154343e+04     1.004413423613254e+04     1.004488554102333e+04     1.004563691140813e+04     1.004864238531031e+04
   38600           -1.16980981e+05            4.34382073e+00            9.95693415e-01            1.00438133e+00     1.005343674404789e+04     1.005397701142457e+04     1.005451760467062e+04     1.005505793972069e+04     1.005559834071169e+04     1.005775993737549e+04
   38800           -1.17194243e+05            5.08698710e+00            9.94950405e-01            1.00512467e+00     9.949477510897159e+03     9.950110985230107e+03     9.950744841334055e+03     9.951378422250129e+03     9.952012061957015e+03     9.954546613016872e+03
   39000           -1.17231532e+05            2.79813178e+00            9.97233464e-01            1.00282989e+00     9.922855684525657e+03     9.923202736782801e+03     9.923550122732255e+03     9.923897267079059e+03     9.924244463969000e+03     9.925633243412341e+03
   39200           -1.17328582e+05            3.45470759e+00            9.96580458e-01            1.00349009e+00     9.910730019650340e+03     9.911159350767319e+03     9.911589008945472e+03     9.912018423736437e+03     9.912447893982480e+03     9.914165768314620e+03
   39400           -1.17076264e+05            2.88583055e+00            9.97153547e-01            1.00292542e+00     9.980932360092862e+03     9.981289411696191e+03     9.981646858658367e+03     9.982004009822022e+03     9.982361228496275e+03     9.983790096899686e+03
   39600           -1.17544991e+05            2.38352230e+00            9.97651724e-01            1.00241893e+00     9.915695062537719e+03     9.915989707384879e+03     9.916284637573834e+03     9.916579347815277e+03     9.916874111577781e+03     9.918053160617841e+03
   39800           -1.17243228e+05            8.02819531e+00            9.92035834e-01            1.00809291e+00     9.989435299220811e+03     9.990435568968898e+03     9.991436148113064e+03     9.992436497593793e+03     9.993436899378325e+03     9.997438499535838e+03
   40000           -1.17282023e+05            3.70409323e+00            9.96332017e-01            1.00374044e+00     1.001971907252284e+04     1.002017918838592e+04     1.002063964065052e+04     1.002109982243662e+04     1.002156007476960e+04     1.002340107701635e+04
   40200           -1.17219431e+05            8.99373145e-01            9.99130197e-01            1.00092900e+00     9.943100792730629e+03     9.943210117945684e+03     9.943319831834689e+03     9.943429257433734e+03     9.943538747946184e+03     9.943976703161739e+03
   40400           -1.17397406e+05            2.37709725e+00            9.97653638e-01            1.00240797e+00     9.981984216023293e+03     9.982278728233465e+03     9.982573500303364e+03     9.982868073188256e+03     9.983162694686793e+03     9.984341173350293e+03
   40600           -1.17511065e+05            1.44175971e+00            9.98591349e-01            1.00147496e+00     1.005411741677000e+04     1.005429431563302e+04     1.005447158942682e+04     1.005464858608859e+04     1.005482564506507e+04     1.005553387336014e+04
   40800           -1.17406289e+05            2.14375595e+00            9.97888592e-01            1.00217624e+00     1.001105550081375e+04     1.001132012590193e+04     1.001158512969048e+04     1.001184985100102e+04     1.001211463641101e+04     1.001317377200827e+04
   41000           -1.17464833e+05            4.07074492e+00            9.95964142e-01            1.00410587e+00     9.972826762254013e+03     9.973333117193803e+03     9.973839803839544e+03     9.974346248039747e+03     9.974852745539914e+03     9.976878728825815e+03
   41200           -1.17281188e+05            4.95624664e+00            9.95086939e-01            1.00499978e+00     9.962381091761257e+03     9.962997559573152e+03     9.963614294019284e+03     9.964230805081488e+03     9.964847378482120e+03     9.967313665202984e+03
   41400           -1.17233853e+05            1.46465157e+00            9.98565662e-01            1.00149505e+00     1.002066540691953e+04     1.002084551380925e+04     1.002102597630091e+04     1.002120616778890e+04     1.002138642383672e+04     1.002210744075392e+04
   41600           -1.17277896e+05            2.65580420e+00            9.97375883e-01            1.00268765e+00     1.000460677648172e+04     1.000493579936112e+04     1.000526518218254e+04     1.000559429270116e+04     1.000592346748351e+04     1.000724015848530e+04
   41800           -1.17206133e+05            2.30729332e+00            9.97725672e-01            1.00234040e+00     1.006307626797476e+04     1.006336140031852e+04     1.006364688295033e+04     1.006393209186574e+04     1.006421736882791e+04     1.006535846968106e+04
   42000           -1.16964792e+05            3.52779027e+00            9.96508563e-01            1.00356437e+00     9.963412458857090e+03     9.963850239003292e+03     9.964288304222458e+03     9.964726138767839e+03     9.965164034540672e+03     9.966915610224252e+03
   42200           -1.17206603e+05            3.53902490e+00            9.96497854e-01            1.00357614e+00     1.001876013177978e+04     1.001919954611771e+04     1.001963926918561e+04     1.002007876441737e+04     1.002051831035041e+04     1.002227648892104e+04
   42400           -1.17181399e+05            3.04856287e+00            9.96988377e-01            1.00308571e+00     9.965935626900524e+03     9.966313561445546e+03     9.966691826441986e+03     9.967069843923951e+03     9.967447918296251e+03     9.968960209691981e+03
   42600           -1.17017176e+05            2.70003522e+00            9.97332021e-01            1.00273225e+00     1.005075762031824e+04     1.005109203509136e+04     1.005142680901197e+04     1.005176131275596e+04     1.005209587897857e+04     1.005343413763890e+04
   42800           -1.17547261e+05            1.59729059e+00            9.98432313e-01            1.00162699e+00     9.991863338727140e+03     9.992060270944754e+03     9.992257556201450e+03     9.992454580921863e+03     9.992651663969355e+03     9.993439989211569e+03
   43000           -1.17073817e+05            1.77304442e+00            9.98257425e-01            1.00180362e+00     1.004287189423639e+04     1.004309047428979e+04     1.004330936656496e+04     1.004352800791404e+04     1.004374671490928e+04     1.004462153558216e+04
   43200           -1.17304330e+05            1.93384595e+00            9.98096675e-01            1.00196448e+00     9.939023677873776e+03     9.939262680546111e+03     9.939502022472539e+03     9.939741110384794e+03     9.939980256827241e+03     9.940936835780705e+03
   43400           -1.17072335e+05            1.64218973e+00            9.98390449e-01            1.00167493e+00     1.001254558248850e+04     1.001274767982940e+04     1.001295011855413e+04     1.001315230092203e+04     1.001335454297778e+04     1.001416350346706e+04
   43600           -1.17421568e+05            7.56982059e+00            9.92487741e-01            1.00762797e+00     9.907090321099899e+03     9.908033542260935e+03     9.908977139021839e+03     9.909920457889397e+03     9.910863838921578e+03     9.914637356743258e+03
   43800           -1.17289038e+05            1.63260609e+00            9.98398360e-01            1.00166367e+00     1.009343655368179e+04     1.009363805533113e+04     1.009383988242269e+04     1.009404146619912e+04     1.009424310603327e+04     1.009504965838474e+04
   44000           -1.17267293e+05            6.80933648e+00            9.93242940e-01            1.00686212e+00     9.929937626283780e+03     9.930785852288036e+03     9.931634396604553e+03     9.932482694111530e+03     9.933331051806485e+03     9.936724477329188e+03
   44200           -1.17285640e+05            1.99837954e+00            9.98032607e-01            1.00202948e+00     1.000979537017661e+04     1.001004258161981e+04     1.001029010207377e+04     1.001053738396748e+04     1.001078472431232e+04     1.001177407844802e+04
   44400           -1.17235656e+05            2.08171286e+00            9.97951926e-01            1.00211549e+00     9.959251913541344e+03     9.959508798816398e+03     9.959766074408251e+03     9.960023069903287e+03     9.960280124433695e+03     9.961308335326046e+03
   44600           -1.17140297e+05            2.87747260e+00            9.97158684e-01            1.00291382e+00     1.002950160524729e+04     1.002985772661998e+04     1.003021417222217e+04     1.003057036904485e+04     1.003092662607352e+04     1.003235164689976e+04
   44800           -1.17108759e+05            6.64098271e+00            9.93414460e-01            1.00669697e+00     9.960768599145047e+03     9.961595487928131e+03     9.962422673932295e+03     9.963249628735444e+03     9.964076640877025e+03     9.967384682609003e+03
   45000           -1.17130478e+05            2.26024144e+00            9.97772472e-01            1.00229310e+00     9.934173890817094e+03     9.934453183695581e+03     9.934732731564995e+03     9.935012058962146e+03     9.935291450539024e+03     9.936409010260953e+03
   45200           -1.17452693e+05            4.13212609e+00            9.95905753e-01            1.00417027e+00     9.999140137997472e+03     9.999653621585667e+03     1.000016747002652e+04     1.000068104524265e+04     1.000119468330453e+04     1.000324922861159e+04
   45400           -1.17296991e+05            2.69401568e+00            9.97338004e-01            1.00272620e+00     9.987463972742034e+03     9.987797925760697e+03     9.988132188928161e+03     9.988466202616548e+03     9.988800281153935e+03     9.990136589565838e+03
   45600           -1.17250396e+05            3.47512213e+00            9.96558185e-01            1.00350863e+00     1.000485795595079e+04     1.000528967008567e+04     1.000572170412190e+04     1.000615348838604e+04     1.000658533464119e+04     1.000831271333160e+04
   45800           -1.17209240e+05            2.32457856e+00            9.97706582e-01            1.00235588e+00     9.963729259742735e+03     9.964017127445470e+03     9.964305324031448e+03     9.964593266395652e+03     9.964881270811720e+03     9.966033281880704e+03
   46000           -1.17226250e+05            3.23964359e+00            9.96793683e-01            1.00327316e+00     9.993076787605296e+03     9.993479098589141e+03     9.993881728091352e+03     9.994284113992055e+03     9.994686558321395e+03     9.996296329037494e+03
   46200           -1.17020707e+05            4.88256295e+00            9.95160731e-01            1.00492620e+00     9.961644074035257e+03     9.962251642833729e+03     9.962859505316675e+03     9.963467144445378e+03     9.964074836438131e+03     9.966505598841002e+03
   46400           -1.17066050e+05            4.23350608e+00            9.95802782e-01            1.00427005e+00     1.005117842187038e+04     1.005170488138260e+04     1.005223164563417e+04     1.005275816855285e+04     1.005328475297678e+04     1.005539108408317e+04
   46600           -1.17115760e+05            4.55375952e+00            9.95481817e-01            1.00458960e+00     9.951646196831911e+03     9.952212819322714e+03     9.952779707184256e+03     9.953346376772524e+03     9.953913105727348e+03     9.956180014622787e+03
   46800           -1.17056080e+05            1.37569990e+00            9.98652838e-01            1.00140431e+00     9.936343992063645e+03     9.936513138371105e+03     9.936682553962268e+03     9.936851747430390e+03     9.937021001482824e+03     9.937698010902004e+03
   47000           -1.17255727e+05            2.33226911e+00            9.97700993e-01            1.00236568e+00     1.002284852611086e+04     1.002313727095751e+04     1.002342630303673e+04     1.002371510713093e+04     1.002400396937204e+04     1.002515941263323e+04
   47200           -1.17432597e+05            1.45589828e+00            9.98572530e-01            1.00148441e+00     9.998827105552145e+03     9.999006591033572e+03     9.999186411452885e+03     9.999365959786597e+03     9.999545579903996e+03     1.000026405425585e+04
   47400           -1.17073283e+05            2.98330649e+00            9.97054732e-01            1.00302156e+00     9.833289816260340e+03     9.833659256947743e+03     9.834028974631274e+03     9.834398458485255e+03     9.834768008145757e+03     9.836246200031172e+03
   47600           -1.17261365e+05            2.44452300e+00            9.97585256e-01            1.00247444e+00     9.920826018233469e+03     9.921129050766451e+03     9.921432481388396e+03     9.921735621897751e+03     9.922038825015672e+03     9.923251631797875e+03
   47800           -1.17110250e+05            2.79145437e+00            9.97241270e-01            1.00282435e+00     1.003981152019011e+04     1.004015746127842e+04     1.004050376980613e+04     1.004084981091327e+04     1.004119591067157e+04     1.004258030115304e+04
   48000           -1.17204358e+05            1.40698547e+00            9.98623732e-01            1.00143779e+00     1.000561327381826e+04     1.000578628030288e+04     1.000595960689795e+04     1.000613267615039e+04     1.000630581270770e+04     1.000699835159714e+04
   48200           -1.17282223e+05            5.84028726e+00            9.94206420e-01            1.00588741e+00     9.932552653985471e+03     9.933279883569247e+03     9.934007429541658e+03     9.934734730262993e+03     9.935462091651720e+03     9.938371529317968e+03
   48400           -1.17282070e+05            9.45128176e+00            9.90621142e-01            1.00952452e+00     9.968451740856543e+03     9.969630479309297e+03     9.970809522797113e+03     9.971988327717540e+03     9.973167192438568e+03     9.977882644020594e+03
   48600           -1.17057524e+05            3.20701531e+00            9.96826270e-01            1.00324049e+00     9.948009539942377e+03     9.948407377294207e+03     9.948805528949750e+03     9.949203439648771e+03     9.949601408179031e+03     9.951193276415685e+03
   48800           -1.17048612e+05            4.75875854e+00            9.95283350e-01            1.00480120e+00     1.009373635834998e+04     1.009432810221785e+04     1.009492023390240e+04     1.009551209535786e+04     1.009610401053744e+04     1.009847166272491e+04
   49000           -1.17068448e+05            3.57154154e+00            9.96461756e-01            1.00360505e+00     9.917267797833012e+03     9.917711365073470e+03     9.918155319969312e+03     9.918598978095204e+03     9.919042706926102e+03     9.920817616019194e+03
   49200           -1.16922870e+05            5.11593203e+00            9.94928679e-01            1.00516091e+00     9.926346325278684e+03     9.926982783599788e+03     9.927619596635681e+03     9.928256143144121e+03     9.928892751404232e+03     9.931439177529779e+03
   49400           -1.17255506e+05            2.35108650e+00            9.97681820e-01            1.00238414e+00     1.001573967029887e+04     1.001603065237253e+04     1.001632201349603e+04     1.001661309095196e+04     1.001690423331830e+04     1.001806879633773e+04
   49600           -1.17197077e+05            5.08546042e+00            9.94954429e-01            1.00512567e+00     1.013013286700590e+04     1.013076560077058e+04     1.013139863295114e+04     1.013203143093064e+04     1.013266428763673e+04     1.013519570826757e+04
   49800           -1.17345706e+05            2.87994958e+00            9.97154363e-01            1.00291444e+00     9.996385863948179e+03     9.996742772749916e+03     9.997100038823311e+03     9.997457039746247e+03     9.997814100216474e+03     9.999242336484771e+03
   50000           -1.17378113e+05            2.32809248e+00            9.97703323e-01            1.00235965e+00     9.981549687457607e+03     9.981837670535529e+03     9.982125985244733e+03     9.982414046194421e+03     9.982702167936910e+03     9.983854648416211e+03
