#This file was generated on Sun Sep  3 11:59:00 2023
#Using the somd command, of the molecular library Sire version <2023.1.3> 
#For more information visit: https://github.com/openbiosim/sire
#
#General information on simulation parameters:
#Simulation used 25000 moves, 2 cycles and 200 ps of simulation time
#Generating lambda is		 0.12500
#Alchemical array is		 (0.0, 0.125, 0.25, 0.375, 0.5, 1.0)
#Generating temperature is 	25°C
#Energy was saved every 200 steps 
#
#
#   [step]      [potential kcal/mol]       [gradient kcal/mol]      [forward Metropolis]     [backward Metropolis]                   [u_kl]
     200           -1.27642638e+05            9.56950536e+00            9.89806779e-01            1.00893315e+00     9.999998005756021e+03     1.000105824881357e+04     1.000211887327771e+04     1.000317920014814e+04     1.000423960074511e+04     1.000848119573420e+04
     400           -1.23842426e+05            6.33181412e+00            9.92975673e-01            1.00563031e+00     9.981662781119619e+03     9.982316378177253e+03     9.982970338579107e+03     9.983624028582735e+03     9.984277780334300e+03     9.986892779548980e+03
     600           -1.21408169e+05            6.25914395e+00            9.93058060e-01            1.00556758e+00     1.007482338384553e+04     1.007546549697504e+04     1.007610792667539e+04     1.007675011227019e+04     1.007739235751679e+04     1.007996133118805e+04
     800           -1.19905634e+05            1.09074039e+01            9.88510431e-01            1.01031152e+00     9.970421060194780e+03     9.971644232490211e+03     9.972867651042587e+03     9.974090854996353e+03     9.975314122541964e+03     9.980207184889150e+03
    1000           -1.18999419e+05            6.23763951e+00            9.93070592e-01            1.00553702e+00     9.963354251587623e+03     9.963990366753149e+03     9.964626837156187e+03     9.965263041907525e+03     9.965899307880713e+03     9.968444364173802e+03
    1200           -1.18214474e+05            8.13007448e+00            9.91199069e-01            1.00744786e+00     9.983246083800675e+03     9.984121896591254e+03     9.984998031807190e+03     9.985873904206264e+03     9.986749846928207e+03     9.990253610055739e+03
    1400           -1.18083789e+05            8.03563624e+00            9.91360304e-01            1.00742144e+00     9.960870429737675e+03     9.961739479961983e+03     9.962608879163057e+03     9.963478000162659e+03     9.964347192978803e+03     9.967823956219929e+03
    1600           -1.17625153e+05            1.03747132e+01            9.88987583e-01            1.00972289e+00     9.953826153261414e+03     9.954983782432570e+03     9.956141791597462e+03     9.957299522583427e+03     9.958457314731029e+03     9.963088476200643e+03
    1800           -1.17144663e+05            6.49242822e+00            9.92829925e-01            1.00580574e+00     1.001044714905871e+04     1.001112031284058e+04     1.001179374702927e+04     1.001246695686240e+04     1.001314022848306e+04     1.001583330790741e+04
    2000           -1.17042871e+05            1.32010764e+01            9.86211419e-01            1.01259630e+00     9.893686378412920e+03     9.895192403374171e+03     9.896698770940926e+03     9.898204882958282e+03     9.899711052973962e+03     9.905735727535004e+03
    2200           -1.16978532e+05            9.85280724e+00            9.89500806e-01            1.00919291e+00     1.007122071963424e+04     1.007230973990682e+04     1.007339906502030e+04     1.007448816200491e+04     1.007557731242092e+04     1.007993390520759e+04
    2400           -1.17004294e+05            1.02590726e+01            9.89117316e-01            1.00962181e+00     9.942987127664055e+03     9.944126374062895e+03     9.945265921562923e+03     9.946405230404174e+03     9.947544600832814e+03     9.952102074001572e+03
    2600           -1.17078769e+05            8.47197406e+00            9.90900932e-01            1.00783376e+00     9.989537885123569e+03     9.990458958236602e+03     9.991380288825740e+03     9.992301414188061e+03     9.993222593299890e+03     9.996907301476211e+03
    2800           -1.17075904e+05            1.02613088e+01            9.89135515e-01            1.00964490e+00     9.927097935448613e+03     9.928244249968157e+03     9.929390904763348e+03     9.930537299883255e+03     9.931683756306786e+03     9.936269577164958e+03
    3000           -1.16748042e+05            8.98484290e+00            9.90401045e-01            1.00835911e+00     1.003802535221851e+04     1.003901088611571e+04     1.003999671109272e+04     1.004098231180549e+04     1.004196796624648e+04     1.004591058027445e+04
    3200           -1.17002203e+05            1.02209666e+01            9.89160025e-01            1.00958846e+00     9.964986516309513e+03     9.966129151227122e+03     9.967272054329218e+03     9.968414748001800e+03     9.969557494184273e+03     9.974128472059034e+03
    3400           -1.16866022e+05            9.47095969e+00            9.89898102e-01            1.00882738e+00     1.000465511500057e+04     1.000570428090282e+04     1.000675379251405e+04     1.000780304243453e+04     1.000885235391701e+04     1.001304959283344e+04
    3600           -1.16828814e+05            5.98771867e+00            9.93329526e-01            1.00529659e+00     1.004469173820065e+04     1.004530277678684e+04     1.004591415314857e+04     1.004652525859652e+04     1.004713643441047e+04     1.004958113062028e+04
    3800           -1.16928135e+05            1.08621176e+01            9.88490706e-01            1.01019986e+00     9.883386713668433e+03     9.884604214224302e+03     9.885822072272866e+03     9.887039666185068e+03     9.888257319032204e+03     9.893127924395974e+03
    4000           -1.16887521e+05            9.12092976e+00            9.90217335e-01            1.00844650e+00     9.887139958900489e+03     9.888139886508015e+03     9.889140141173732e+03     9.890140140045674e+03     9.891140202999331e+03     9.895140447098172e+03
    4200           -1.17005919e+05            7.24952330e+00            9.92123194e-01            1.00661282e+00     9.929573354987648e+03     9.930344219380537e+03     9.931115374895062e+03     9.931886281135725e+03     9.932657258308687e+03     9.935741161629727e+03
    4400           -1.17053746e+05            7.33193155e+00            9.92008109e-01            1.00666196e+00     9.949135932509867e+03     9.949916784963369e+03     9.950697892351041e+03     9.951478799130353e+03     9.952259757600012e+03     9.955383582690154e+03
    4600           -1.17072682e+05            8.18374417e+00            9.91141262e-01            1.00749724e+00     9.901517218650599e+03     9.902397904308807e+03     9.903278914363793e+03     9.904159666953965e+03     9.905040485375859e+03     9.908563752101121e+03
    4800           -1.16952603e+05            1.26632660e+01            9.86725457e-01            1.01203494e+00     1.001055051163855e+04     1.001199417207762e+04     1.001343813678709e+04     1.001488186424393e+04     1.001632565079546e+04     1.002210078995236e+04
    5000           -1.17081426e+05            8.33141399e+00            9.91067317e-01            1.00771965e+00     1.006988454884414e+04     1.007078422044657e+04     1.007168418806334e+04     1.007258392713008e+04     1.007348372163845e+04     1.007708289443276e+04
    5200           -1.17344075e+05            1.37063207e+01            9.85754231e-01            1.01315014e+00     9.968961556934786e+03     9.970537910209709e+03     9.972114587062970e+03     9.973691003975478e+03     9.975267488750305e+03     9.981573420565826e+03
    5400           -1.17240093e+05            1.02487270e+01            9.89134324e-01            1.00961828e+00     9.911806747097047e+03     9.912950943282776e+03     9.914095446256937e+03     9.915239715918298e+03     9.916384041756100e+03     9.920961336415156e+03
    5600           -1.17447732e+05            1.78964541e+01            9.81587422e-01            1.01735763e+00     9.876263600390817e+03     9.878364071387314e+03     9.880464851812743e+03     9.882565390202601e+03     9.884665988665436e+03     9.893068376940055e+03
    5800           -1.17149263e+05            1.38023165e+01            9.85622143e-01            1.01320889e+00     1.007792818483063e+04     1.007951697412582e+04     1.008110611395101e+04     1.008269498593148e+04     1.008428392222946e+04     1.009063965962828e+04
    6000           -1.17109318e+05            1.05449498e+01            9.88817628e-01            1.00989315e+00     1.000058360443808e+04     1.000176624287365e+04     1.000294925365625e+04     1.000413199981038e+04     1.000531480058771e+04     1.001004599673735e+04
    6200           -1.17200782e+05            9.79681772e+00            9.89569993e-01            1.00915047e+00     9.945821829677547e+03     9.946905563551893e+03     9.947989651552585e+03     9.949073473725917e+03     9.950157357376838e+03     9.954492885076128e+03
    6400           -1.17179655e+05            7.71593806e+00            9.91602511e-01            1.00702348e+00     9.941261395697869e+03     9.942086424142237e+03     9.942911824622983e+03     9.943736952028059e+03     9.944562140113920e+03     9.947862884529970e+03
    6600           -1.17111733e+05            1.26430246e+01            9.86729943e-01            1.01199857e+00     9.974567039533673e+03     9.976000358184994e+03     9.977434038997688e+03     9.978867447664761e+03     9.980300919328336e+03     9.986034799122996e+03
    6800           -1.16794858e+05            1.50048772e+01            9.84429390e-01            1.01441962e+00     1.005977467078359e+04     1.006150965471307e+04     1.006324499520031e+04     1.006498006584379e+04     1.006671519940835e+04     1.007365572803311e+04
    7000           -1.17002650e+05            5.05086345e+00            9.94311666e-01            1.00440683e+00     9.906550075166278e+03     9.907044154225458e+03     9.907538589131495e+03     9.908032748103289e+03     9.908526974978460e+03     9.910503874790642e+03
    7200           -1.16845823e+05            1.06894949e+01            9.88700738e-01            1.01006573e+00     1.006437802241065e+04     1.006557596605541e+04     1.006677419834409e+04     1.006797220337237e+04     1.006917026588539e+04     1.007396250936014e+04
    7400           -1.16749437e+05            5.09906971e+00            9.94279141e-01            1.00447082e+00     9.973986898697443e+03     9.974490622102940e+03     9.974994674881547e+03     9.975498464924740e+03     9.976002322780127e+03     9.978017746862808e+03
    7600           -1.16988509e+05            7.94715173e+00            9.91399338e-01            1.00728283e+00     9.981641804706651e+03     9.982492505628621e+03     9.983343560094476e+03     9.984194334583181e+03     9.985045180135519e+03     9.988448555564388e+03
    7800           -1.17097573e+05            2.25632112e+00            9.97058403e-01            1.00156794e+00     9.965686199903706e+03     9.965830613465952e+03     9.965975394793173e+03     9.966119907186174e+03     9.966264478578320e+03     9.966842757252933e+03
    8000           -1.17050158e+05            6.76899663e+00            9.92539683e-01            1.00606805e+00     1.007883195750406e+04     1.007953877806057e+04     1.008024594692774e+04     1.008095284904866e+04     1.008165981493599e+04     1.008448767236793e+04
    8200           -1.17121965e+05            9.41833854e+00            9.89933202e-01            1.00875699e+00     9.910382568196508e+03     9.911422534917388e+03     9.912462813492644e+03     9.913502833504526e+03     9.914542924027448e+03     9.918703279858386e+03
    8400           -1.16846395e+05            4.16877345e+00            9.95138706e-01            1.00347041e+00     9.874491742228425e+03     9.874872716661375e+03     9.875254147172840e+03     9.875635261436242e+03     9.876016436305428e+03     9.877541130382431e+03
    8600           -1.17075032e+05            4.71960682e+00            9.94576854e-01            1.00400933e+00     1.002699447651592e+04     1.002744312247324e+04     1.002789213716632e+04     1.002834087419940e+04     1.002878967563661e+04     1.003058487475730e+04
    8800           -1.17080155e+05            9.78262098e+00            9.89557993e-01            1.00910958e+00     9.927901804238583e+03     9.928990342131336e+03     9.930079286476639e+03     9.931167945415928e+03     9.932256661206720e+03     9.936611518174857e+03
    9000           -1.17049163e+05            3.41913161e+00            9.95915784e-01            1.00274946e+00     1.003358224227756e+04     1.003386992555835e+04     1.003415792924230e+04     1.003444568952980e+04     1.003473350757596e+04     1.003588477287435e+04
    9200           -1.17282681e+05            6.15048348e+00            9.93148028e-01            1.00544016e+00     9.899904756206972e+03     9.900535629184606e+03     9.901166824515909e+03     9.901797766100277e+03     9.902428771875386e+03     9.904952787543798e+03
    9400           -1.17417222e+05            7.77774448e+00            9.91553815e-01            1.00709851e+00     1.000107327506353e+04     1.000190548583237e+04     1.000273806762500e+04     1.000357037181813e+04     1.000440273961935e+04     1.000773220417518e+04
    9600           -1.17348979e+05            7.54062340e+00            9.91783344e-01            1.00685403e+00     9.968065804347811e+03     9.968870354539469e+03     9.969675205906993e+03     9.970479817342535e+03     9.971284490495396e+03     9.974503176642984e+03
    9800           -1.17378437e+05            5.12474555e+00            9.94192089e-01            1.00443445e+00     9.928236594024214e+03     9.928740700424096e+03     9.929245129025310e+03     9.929749301583453e+03     9.930253539349176e+03     9.932270484674140e+03
   10000           -1.17122305e+05            3.57842563e+00            9.95766083e-01            1.00291820e+00     9.979494645785957e+03     9.979802475471353e+03     9.980110672637958e+03     9.980418596575037e+03     9.980726582328012e+03     9.981958518870068e+03
   10200           -1.16932087e+05            1.13261225e+01            9.88020642e-01            1.01065694e+00     9.969773309081042e+03     9.971045716203638e+03     9.972318496620141e+03     9.973591007001711e+03     9.974863574715691e+03     9.979953840350339e+03
   10400           -1.17231597e+05            4.16554169e+00            9.95195843e-01            1.00352154e+00     9.935031263692961e+03     9.935416698109608e+03     9.935802432964330e+03     9.936187924020403e+03     9.936573479123654e+03     9.938115694554348e+03
   10600           -1.17215822e+05            6.11620275e+00            9.93253501e-01            1.00547800e+00     9.887646550053309e+03     9.888276350080820e+03     9.888906423773959e+03     9.889536258753809e+03     9.890166164250671e+03     9.892685778448036e+03
   10800           -1.16997519e+05            9.19915682e+00            9.90131189e-01            1.00851654e+00     9.945794067203638e+03     9.946805425690442e+03     9.947817140667057e+03     9.948828603618484e+03     9.949840118044774e+03     9.953886168885911e+03
   11000           -1.17127873e+05            5.06193333e+00            9.94273919e-01            1.00439094e+00     9.999650316857404e+03     1.000014774475211e+04     1.000064548833949e+04     1.000114298765515e+04     1.000164054696090e+04     1.000363077706439e+04
   11200           -1.17077761e+05            6.06961697e+00            9.93307834e-01            1.00543931e+00     9.918667496187360e+03     9.919286334326262e+03     9.919905448221689e+03     9.920524355460273e+03     9.921143310347426e+03     9.923619124507493e+03
   11400           -1.17074314e+05            5.88801092e+00            9.93476326e-01            1.00524468e+00     9.875062721100034e+03     9.875667038197340e+03     9.876271622054335e+03     9.876875981170839e+03     9.877480403791633e+03     9.879898086483232e+03
   11600           -1.17105803e+05            6.16977826e+00            9.93168401e-01            1.00549958e+00     9.945434253779404e+03     9.946067419136087e+03     9.946700886502005e+03     9.947334120499820e+03     9.947967412003381e+03     9.950500570227361e+03
   11800           -1.17101822e+05            5.96403763e+00            9.93412899e-01            1.00533336e+00     9.942977424381192e+03     9.943584822452935e+03     9.944192550348822e+03     9.944800032707630e+03     9.945407570887428e+03     9.947837717393662e+03
   12000           -1.16755177e+05            4.80489930e+00            9.94543201e-01            1.00414663e+00     9.940300182907238e+03     9.940764446204894e+03     9.941229066338106e+03     9.941693424375078e+03     9.942157840277632e+03     9.944015497648026e+03
   12200           -1.16848929e+05            7.42041207e+00            9.91959220e-01            1.00679049e+00     9.921723642913554e+03     9.922516432426364e+03     9.923309589498045e+03     9.924102483649262e+03     9.924895432708565e+03     9.928067222503578e+03
   12400           -1.16720725e+05            2.45752634e+00            9.96882713e-01            1.00179450e+00     1.001463878876022e+04     1.001480905663042e+04     1.001497964809091e+04     1.001514997631450e+04     1.001532037409403e+04     1.001600195942784e+04
   12600           -1.17030378e+05            5.00422709e+00            9.94327547e-01            1.00432920e+00     9.899754077966374e+03     9.900245964113479e+03     9.900738153055399e+03     9.901230101364887e+03     9.901722111460396e+03     9.903690144954418e+03
   12800           -1.17041151e+05            4.83967592e+00            9.94459490e-01            1.00413195e+00     1.004860763031560e+04     1.004906808730413e+04     1.004952890456027e+04     1.004998946753043e+04     1.005045008177536e+04     1.005229253323512e+04
   13000           -1.17189097e+05            2.57075122e+00            9.96723400e-01            1.00186125e+00     1.005593825946690e+04     1.005612063833803e+04     1.005630336081233e+04     1.005648584329943e+04     1.005666837380241e+04     1.005739848813792e+04
   13200           -1.16962455e+05            3.95723641e+00            9.95349716e-01            1.00325864e+00     9.962162863137959e+03     9.962517024409539e+03     9.962871519663164e+03     9.963225761344685e+03     9.963580062825877e+03     9.964997262513793e+03
   13400           -1.16900084e+05            3.52687792e+00            9.95784931e-01            1.00283379e+00     9.999448085965991e+03     9.999752629540451e+03     1.000005750502995e+04     1.000036213164476e+04     1.000066681582127e+04     1.000188554567655e+04
   13600           -1.16825034e+05            3.59970449e+00            9.95746257e-01            1.00294091e+00     9.975193371287614e+03     9.975509981300998e+03     9.975826939395052e+03     9.976143634475842e+03     9.976460391105211e+03     9.977727410922809e+03
   13800           -1.16943550e+05            6.30746124e+00            9.93026474e-01            1.00563277e+00     1.002844508444613e+04     1.002909760090647e+04     1.002975038409961e+04     1.003040294885220e+04     1.003105557254123e+04     1.003366606063633e+04
   14000           -1.16851414e+05            4.82416170e+00            9.94510013e-01            1.00415181e+00     9.970143598856846e+03     9.970607779482927e+03     9.971072258533846e+03     9.971536486355964e+03     9.972000784488991e+03     9.973857970121137e+03
   14200           -1.16888914e+05            2.97624042e+00            9.96343413e-01            1.00229181e+00     9.965490305780204e+03     9.965724086100638e+03     9.965958246552211e+03     9.966192120956030e+03     9.966426061284916e+03     9.967361816789626e+03
   14400           -1.17084340e+05            3.53239318e+00            9.95822275e-01            1.00288246e+00     1.004629859907368e+04     1.004660334299395e+04     1.004690842149664e+04     1.004721325500496e+04     1.004751814188381e+04     1.004873768469395e+04
   14600           -1.17127439e+05            2.78821677e+00            9.96498635e-01            1.00207107e+00     9.963883617627609e+03     9.964091075820907e+03     9.964298888334708e+03     9.964506429494819e+03     9.964714036120929e+03     9.965544454614250e+03
   14800           -1.17141156e+05            2.94697255e+00            9.96363505e-01            1.00225336e+00     1.000181470067320e+04     1.000204668220300e+04     1.000227897569770e+04     1.000251101537237e+04     1.000274312230525e+04     1.000367154393730e+04
   15000           -1.17163830e+05            1.91648325e+00            9.97414373e-01            1.00124476e+00     9.834722234964071e+03     9.834831143131485e+03     9.834940400206968e+03     9.835049409311785e+03     9.835158469710657e+03     9.835594704457244e+03
   15200           -1.17177158e+05            7.62599227e+00            9.91700474e-01            1.00694181e+00     1.001188983125450e+04     1.001270091254224e+04     1.001351231303237e+04     1.001432347640875e+04     1.001513469401704e+04     1.001837955677958e+04
   15400           -1.17329977e+05            3.64101561e+00            9.95655631e-01            1.00293249e+00     1.002196459750319e+04     1.002228574127256e+04     1.002260725190483e+04     1.002292847975031e+04     1.002324977596589e+04     1.002453495442860e+04
   15600           -1.17244308e+05            6.99390839e+00            9.92337475e-01            1.00631564e+00     9.970220668991247e+03     9.970958604770016e+03     9.971696896736161e+03     9.972434917823548e+03     9.973173003077593e+03     9.976125337163938e+03
   15800           -1.17201166e+05            4.35907665e+00            9.94980901e-01            1.00369322e+00     1.006454806378050e+04     1.006495405936671e+04     1.006536036871896e+04     1.006576643080355e+04     1.006617255514536e+04     1.006779704651021e+04
   16000           -1.17143052e+05            1.77863475e+00            9.97542102e-01            1.00109695e+00     9.900168145657708e+03     9.900252111671789e+03     9.900336399319673e+03     9.900420432922016e+03     9.900504531482569e+03     9.900840917307432e+03
   16200           -1.17038283e+05            7.27319910e+00            9.92065090e-01            1.00660153e+00     1.001179878200424e+04     1.001256628609246e+04     1.001333407266094e+04     1.001410162285083e+04     1.001486923872404e+04     1.001793969544383e+04
   16400           -1.17023770e+05            3.14346044e+00            9.96176681e-01            1.00245929e+00     9.912584942586644e+03     9.912842186523900e+03     9.913099833171000e+03     9.913357195013401e+03     9.913614614909202e+03     9.914644287231760e+03
   16600           -1.17334301e+05            4.41497790e+00            9.94886801e-01            1.00371051e+00     9.992939532918321e+03     9.993347672738631e+03     9.993756191602817e+03     9.994164432979185e+03     9.994572735156522e+03     9.996205937394723e+03
   16800           -1.17294443e+05            4.28395528e+00            9.95070143e-01            1.00363244e+00     9.939887319107740e+03     9.940283736027752e+03     9.940680476122856e+03     9.941076967307814e+03     9.941473518783801e+03     9.943059718459863e+03
   17000           -1.17289263e+05            4.51474796e+00            9.94839136e-01            1.00386271e+00     9.921754357427202e+03     9.922180756231341e+03     9.922607512118953e+03     9.923034016399908e+03     9.923460571967593e+03     9.925166786507982e+03
   17200           -1.16990161e+05            9.37157302e+00            9.90015746e-01            1.00874675e+00     9.884793446768635e+03     9.885830487918049e+03     9.886867862837429e+03     9.887904993556784e+03     9.888942178160805e+03     9.893090909552975e+03
   17400           -1.17189373e+05            8.69595997e+00            9.90672184e-01            1.00805258e+00     9.960392648930712e+03     9.961340464302477e+03     9.962288619367424e+03     9.963236526144268e+03     9.964184487039513e+03     9.967976325148313e+03
   17600           -1.17255359e+05            6.41841954e+00            9.92912953e-01            1.00574098e+00     9.988631164812799e+03     9.989293255171893e+03     9.989955685388453e+03     9.990617851080997e+03     9.991280081932067e+03     9.993928999051335e+03
   17800           -1.17355482e+05            9.08770437e+00            9.90254889e-01            1.00841773e+00     9.932464558000162e+03     9.933459063589637e+03     9.934453909502552e+03     9.935448515931534e+03     9.936443170964922e+03     9.940421783929680e+03
   18000           -1.17158032e+05            3.47545079e+00            9.95854365e-01            1.00280056e+00     1.003453041847355e+04     1.003482755175560e+04     1.003512497031969e+04     1.003542215107855e+04     1.003571939795457e+04     1.003690837743559e+04
   18200           -1.17139814e+05            9.32799445e+00            9.90033638e-01            1.00867706e+00     9.993055586259263e+03     9.994082212492087e+03     9.995109174974084e+03     9.996135884226880e+03     9.997162652190304e+03     1.000126971812134e+04
   18400           -1.17010421e+05            4.32044833e+00            9.94978969e-01            1.00361373e+00     9.947170426449187e+03     9.947569694527399e+03     9.947969345147256e+03     9.948368711673416e+03     9.948768142465737e+03     9.950365858482286e+03
   18600           -1.17080922e+05            4.82038382e+00            9.94516760e-01            1.00415103e+00     1.000388233170410e+04     1.000434564781556e+04     1.000480932387204e+04     1.000527272471470e+04     1.000573619182873e+04     1.000759005195336e+04
   18800           -1.17149972e+05            9.42364425e+00            9.89913627e-01            1.00874774e+00     9.945617491692747e+03     9.946655523320844e+03     9.947693935976178e+03     9.948732067142942e+03     9.949770261054555e+03     9.953923030416363e+03
   19000           -1.17143034e+05            4.42386027e+00            9.94863897e-01            1.00370523e+00     9.950075996694393e+03     9.950486756334183e+03     9.950897900298856e+03     9.951308763998883e+03     9.951719688844218e+03     9.953363380994040e+03
   19200           -1.17267940e+05            4.01615551e+00            9.95289559e-01            1.00331623e+00     9.897761460029074e+03     9.898125595314799e+03     9.898490110519588e+03     9.898854342875602e+03     9.899218639331812e+03     9.900675818634551e+03
   19400           -1.17368011e+05            4.05533651e+00            9.95255538e-01            1.00336055e+00     9.948881397167004e+03     9.949248225506686e+03     9.949615408259468e+03     9.949982337477486e+03     9.950349320040275e+03     9.951817242913545e+03
   19600           -1.17332241e+05            5.25072120e+00            9.94104498e-01            1.00459904e+00     9.988594095983961e+03     9.989112874360168e+03     9.989631992680466e+03     9.990150843158288e+03     9.990669761318461e+03     9.992745426652962e+03
   19800           -1.17235847e+05            7.80829730e+00            9.91528544e-01            1.00713438e+00     9.852327134958034e+03     9.853162626761577e+03     9.853998443057480e+03     9.854834033316911e+03     9.855669668417127e+03     9.859012201876221e+03
   20000           -1.17262797e+05            4.85329976e+00            9.94432123e-01            1.00413168e+00     9.998979537175925e+03     9.999441456294544e+03     9.999903741194774e+03     1.000036575526422e+04     1.000082783044127e+04     1.000267612370662e+04
   20200           -1.17303050e+05            7.14322482e+00            9.92185010e-01            1.00646155e+00     9.968432574906747e+03     9.969182653459269e+03     9.969933058789202e+03     9.970683219920227e+03     9.971433437135098e+03     9.974434299363449e+03
   20400           -1.17035138e+05            6.91119328e+00            9.92400710e-01            1.00621330e+00     9.881269839588913e+03     9.881996251100825e+03     9.882723011198208e+03     9.883449503417271e+03     9.884176060376494e+03     9.887082281164074e+03
   20600           -1.17254635e+05            8.78885767e+00            9.90594244e-01            1.00816056e+00     9.948362933201681e+03     9.949322733158762e+03     9.950282835253520e+03     9.951242708138119e+03     9.952202635687741e+03     9.956042338173800e+03
   20800           -1.17165422e+05            7.04181701e+00            9.92324844e-01            1.00639926e+00     1.002602805229501e+04     1.002677268097845e+04     1.002751759236616e+04     1.002826226837408e+04     1.002900700924163e+04     1.003198596618825e+04
   21000           -1.17351917e+05            4.22415776e+00            9.95054275e-01            1.00349642e+00     1.003767189124687e+04     1.003805970828901e+04     1.003844785261934e+04     1.003883573818767e+04     1.003922368961329e+04     1.004077548797971e+04
   21200           -1.17164656e+05            4.49531687e+00            9.94796471e-01            1.00378065e+00     9.882735856359204e+03     9.883154557461823e+03     9.883573663801290e+03     9.883992476905447e+03     9.884411352970261e+03     9.886086849581319e+03
   21400           -1.16911822e+05            9.09697675e+00            9.90236879e-01            1.00841810e+00     1.004951821423172e+04     1.005051196286701e+04     1.005150609174098e+04     1.005249993001305e+04     1.005349383810915e+04     1.005746946198657e+04
   21600           -1.17045293e+05            4.99157442e+00            9.94309942e-01            1.00428600e+00     9.904704670473046e+03     9.905189526520269e+03     9.905674712558914e+03     9.906159641237849e+03     9.906644633850645e+03     9.908584597228246e+03
   21800           -1.17177015e+05            1.00431250e+01            9.89337444e-01            1.00941044e+00     9.955912148886933e+03     9.957028535571975e+03     9.958145205498955e+03     9.959261643478192e+03     9.960378144160461e+03     9.964844139433988e+03
   22000           -1.17085212e+05            6.99580248e+00            9.92319932e-01            1.00630167e+00     9.983674916154909e+03     9.984412124151249e+03     9.985149686981857e+03     9.985886985691039e+03     9.986624344792808e+03     9.989573773430708e+03
   22200           -1.16860359e+05            9.73805773e+00            9.89636703e-01            1.00909990e+00     9.932185372656810e+03     9.933262584030143e+03     9.934340127270725e+03     9.935417418145955e+03     9.936494769095656e+03     9.940804165534502e+03
   22400           -1.17114636e+05            3.72421579e+00            9.95601924e-01            1.00304528e+00     9.977888373217957e+03     9.978217175337406e+03     9.978546315277192e+03     9.978875202363155e+03     9.979204147594177e+03     9.980519921970397e+03
   22600           -1.16973854e+05            6.00538773e+00            9.93344540e-01            1.00534732e+00     9.889659426262191e+03     9.890277627490230e+03     9.890896163297713e+03     9.891514449856399e+03     9.892132793339022e+03     9.894606160415851e+03
   22800           -1.17082728e+05            7.82527848e+00            9.91484136e-01            1.00712348e+00     9.960591425957504e+03     9.961425796306848e+03     9.962260528017046e+03     9.963094991411330e+03     9.963929515734366e+03     9.967267605511226e+03
   23000           -1.17221294e+05            7.29533276e+00            9.92087794e-01            1.00666913e+00     9.952546628132353e+03     9.953323776841888e+03     9.954101188861134e+03     9.954878379711214e+03     9.955655632571341e+03     9.958764637010328e+03
   23200           -1.17098634e+05            4.18968916e+00            9.95134664e-01            1.00350831e+00     9.858336746993094e+03     9.858723340228451e+03     9.859110257048118e+03     9.859496917270602e+03     9.859883642294481e+03     9.861430537595867e+03
   23400           -1.17105062e+05            3.47716390e+00            9.95876863e-01            1.00282666e+00     9.932147686076953e+03     9.932446984921686e+03     9.932746629768137e+03     9.933046011886228e+03     9.933345455879193e+03     9.934543225681435e+03
   23600           -1.16954455e+05            5.38484030e+00            9.93962529e-01            1.00472504e+00     9.951187074145535e+03     9.951724865860177e+03     9.952262981553415e+03     9.952800846417545e+03     9.953338772552068e+03     9.955490470958601e+03
   23800           -1.17296367e+05            4.87584994e+00            9.94478310e-01            1.00422360e+00     9.892247367504538e+03     9.892721501399021e+03     9.893195969266588e+03     9.893670180800204e+03     9.894144454033962e+03     9.896041540563387e+03
   24000           -1.17283824e+05            4.24501053e+00            9.95094075e-01            1.00357841e+00     9.930607168100529e+03     9.931002858539159e+03     9.931398927445172e+03     9.931794720295427e+03     9.932190573236161e+03     9.933773978371793e+03
   24200           -1.17360925e+05            4.61092294e+00            9.94700478e-01            1.00391588e+00     1.001631112708443e+04     1.001674736780435e+04     1.001718399077320e+04     1.001762033384107e+04     1.001805673818418e+04     1.001980234928392e+04
   24400           -1.17326629e+05            7.81847912e+00            9.91540495e-01            1.00716703e+00     9.998489779748332e+03     9.999329754763372e+03     1.000017006114982e+04     1.000101011132666e+04     1.000185022427821e+04     1.000521066880808e+04
   24600           -1.17208911e+05            4.91345745e+00            9.94404758e-01            1.00422486e+00     9.974209835952970e+03     9.974686661643067e+03     9.975163837848237e+03     9.975640746222805e+03     9.976117718567031e+03     9.978025601181092e+03
   24800           -1.17409581e+05            6.10761746e+00            9.93215024e-01            1.00542178e+00     9.918239600657615e+03     9.918865799817611e+03     9.919492347984245e+03     9.920118616054251e+03     9.920744956546972e+03     9.923250312436330e+03
   25000           -1.17268950e+05            5.10136220e+00            9.94204771e-01            1.00440029e+00     9.933744477702960e+03     9.934241224045545e+03     9.934738347266431e+03     9.935235196694555e+03     9.935732105307403e+03     9.937719732911844e+03
   25200           -1.17482577e+05            3.78622668e+00            9.95542267e-01            1.00310958e+00     9.921301177136806e+03     9.921635023553545e+03     9.921969224021959e+03     9.922303147224102e+03     9.922637139550956e+03     9.923973101965106e+03
   25400           -1.17223029e+05            4.43136475e+00            9.94907803e-01            1.00376459e+00     9.978033849567861e+03     9.978454619258855e+03     9.978875721023205e+03     9.979296562590294e+03     9.979717469438192e+03     9.981401089308521e+03
   25600           -1.17061295e+05            3.57396339e+00            9.95750627e-01            1.00289368e+00     9.970254672309959e+03     9.970565890516065e+03     9.970877454198178e+03     9.971188744588786e+03     9.971500104431541e+03     9.972745536553124e+03
   25800           -1.16987337e+05            5.35001068e+00            9.93966502e-01            1.00465907e+00     9.942828304044742e+03     9.943353525387571e+03     9.943879028505720e+03     9.944404300421384e+03     9.944929634574106e+03     9.947030965103469e+03
   26000           -1.17016130e+05            4.27634768e+00            9.95067338e-01            1.00361434e+00     1.002959702623662e+04     1.002999194470598e+04     1.003038717325543e+04     1.003078216574853e+04     1.003117721440314e+04     1.003275740256965e+04
   26200           -1.17182339e+05            2.56394272e+00            9.96765986e-01            1.00189042e+00     1.001026851188847e+04     1.001045218112050e+04     1.001063614712258e+04     1.001081986966433e+04     1.001100365785868e+04     1.001173880382889e+04
   26400           -1.17294082e+05            1.66338853e+00            9.97671237e-01            1.00099579e+00     9.919498639140351e+03     9.919574762001308e+03     9.919651211308121e+03     9.919727416475393e+03     9.919803677628686e+03     9.920108716117022e+03
   26600           -1.16974158e+05            9.77202551e+00            9.89610284e-01            1.00914152e+00     9.913015573389535e+03     9.914098009841058e+03     9.915180788435098e+03     9.916263306431250e+03     9.917345886270923e+03     9.921676199152309e+03
   26800           -1.17148394e+05            3.57075145e+00            9.95783295e-01            1.00292014e+00     9.932472190535387e+03     9.932781707905446e+03     9.933091565354007e+03     9.933401163365548e+03     9.933710823249639e+03     9.934949455963890e+03
   27000           -1.17051051e+05            2.11667120e+00            9.97203477e-01            1.00143393e+00     9.973445838223841e+03     9.973572643082542e+03     9.973699778565904e+03     9.973826657027557e+03     9.973953599165254e+03     9.974461360106667e+03
   27200           -1.16998851e+05            1.90153117e+00            9.97406810e-01            1.00120723e+00     1.000890270891581e+04     1.000899901862732e+04     1.000909563475090e+04     1.000919201274720e+04     1.000928844966089e+04     1.000967419040597e+04
   27400           -1.16680606e+05            3.75450424e+00            9.95567211e-01            1.00307107e+00     9.977221320642846e+03     9.977550716397594e+03     9.977880440608444e+03     9.978209911513035e+03     9.978539443937805e+03     9.979857567232762e+03
   27600           -1.16923547e+05            2.04268747e+00            9.97261416e-01            1.00134394e+00     9.851627586164810e+03     9.851742143346630e+03     9.851857061139566e+03     9.851971716814793e+03     9.852086429203748e+03     9.852545272242683e+03
   27800           -1.16781098e+05            4.71716043e+00            9.94591763e-01            1.00401946e+00     9.982726355149915e+03     9.983175630531794e+03     9.983625257510035e+03     9.984074613930808e+03     9.984524036089026e+03     9.986321717028137e+03
   28000           -1.17067469e+05            3.56681470e+00            9.95742149e-01            1.00287080e+00     9.870338384085228e+03     9.870646243021052e+03     9.870954515887375e+03     9.871262496986872e+03     9.871570537457404e+03     9.872802690829580e+03
   28200           -1.16948575e+05            4.44046959e+00            9.94883527e-01            1.00375838e+00     9.983518198867332e+03     9.983942549293364e+03     9.984367227001612e+03     9.984791628223014e+03     9.985216106741911e+03     9.986914014616486e+03
   28400           -1.17130513e+05            6.77996249e+00            9.92566406e-01            1.00611720e+00     9.879537851741936e+03     9.880247233379430e+03     9.880956946400283e+03     9.881666423135905e+03     9.882375948903818e+03     9.885214046065701e+03
   28600           -1.17113428e+05            3.75130813e+00            9.95532359e-01            1.00302955e+00     9.977300864578910e+03     9.977631436800570e+03     9.977962370153084e+03     9.978293033454167e+03     9.978623758398035e+03     9.979946652217159e+03
   28800           -1.17257930e+05            3.06073428e+00            9.96282021e-01            1.00239943e+00     9.884549107367824e+03     9.884796697106331e+03     9.885044687165087e+03     9.885292386103611e+03     9.885540147828984e+03     9.886531188290144e+03
   29000           -1.17104233e+05            2.79397504e+00            9.96513266e-01            1.00209732e+00     9.912457989264845e+03     9.912670835826370e+03     9.912884046281722e+03     9.913096980371212e+03     9.913309979708636e+03     9.914161970152427e+03
   29200           -1.17007592e+05            4.66904418e+00            9.94640685e-01            1.00397223e+00     9.884045196287669e+03     9.884486653678468e+03     9.884928506009934e+03     9.885370086211091e+03     9.885811718571180e+03     9.887578240854693e+03
   29400           -1.17010182e+05            4.86084889e+00            9.94491045e-01            1.00420633e+00     9.804112379429325e+03     9.804583608578427e+03     9.805055114362229e+03     9.805526402084837e+03     9.805997745072853e+03     9.807883110716381e+03
   29600           -1.16976962e+05            3.02682768e+00            9.96305732e-01            1.00235532e+00     9.877375050289378e+03     9.877614721787553e+03     9.877854700256365e+03     9.878094443945762e+03     9.878334243981861e+03     9.879293437674343e+03
   29800           -1.16836066e+05            5.72387692e+00            9.93579686e-01            1.00501930e+00     9.947243780872015e+03     9.947817581208597e+03     9.948391741051109e+03     9.948965641117527e+03     9.949539596601691e+03     9.951835412331367e+03
   30000           -1.16955203e+05            1.06673021e+01            9.88703638e-01            1.01002386e+00     9.946430601387832e+03     9.947625282358038e+03     9.948820235461541e+03     9.950014969893009e+03     9.951209761226759e+03     9.955988921065686e+03
   30200           -1.17218536e+05            2.18447134e+00            9.97116258e-01            1.00148213e+00     9.952036069719294e+03     9.952168368347668e+03     9.952300969651378e+03     9.952433337725879e+03     9.952565762577302e+03     9.953095455435312e+03
   30400           -1.17051496e+05            7.67074748e+00            9.91651459e-01            1.00698217e+00     9.923525596674903e+03     9.924342993583246e+03     9.925160728500106e+03     9.925978200713897e+03     9.926795738169105e+03     9.930065879663305e+03
   30600           -1.17152196e+05            4.72029819e+00            9.94588685e-01            1.00402266e+00     9.925076860778558e+03     9.925527429862523e+03     9.925978358031252e+03     9.926429012483855e+03     9.926879732339174e+03     9.928682603899790e+03
   30800           -1.16843982e+05            3.53409745e+00            9.95770247e-01            1.00283348e+00     9.925134183428268e+03     9.925435470171296e+03     9.925737045162467e+03     9.926038403051263e+03     9.926339811527843e+03     9.927545439627418e+03
   31000           -1.16922879e+05            4.52390255e+00            9.94814147e-01            1.00385587e+00     9.883825052722290e+03     9.884250697954923e+03     9.884676747895706e+03     9.885102515422695e+03     9.885528338978271e+03     9.887231625234253e+03
   31200           -1.16888721e+05            6.98449158e+00            9.92365070e-01            1.00632468e+00     1.009380585474469e+04     1.009453612638365e+04     1.009526675568257e+04     1.009599712229961e+04     1.009672754733222e+04     1.009964923991975e+04
   31400           -1.17060464e+05            8.25978929e+00            9.91069653e-01            1.00757768e+00     9.881178415877603e+03     9.882073641819896e+03     9.882969220165041e+03     9.883864529950833e+03     9.884759903371592e+03     9.888341390865584e+03
   31600           -1.17037732e+05            3.98380394e+00            9.95330635e-01            1.00329272e+00     9.966028652458968e+03     9.966387479614188e+03     9.966746600289598e+03     9.967105476335228e+03     9.967464419727172e+03     9.968900186995375e+03
   31800           -1.17149502e+05            6.72545329e+00            9.92645702e-01            1.00608789e+00     9.919584315983748e+03     9.920287532534901e+03     9.920991068575193e+03     9.921694361922026e+03     9.922397712882044e+03     9.925211109780341e+03
   32000           -1.17016023e+05            3.23624542e+00            9.96070674e-01            1.00253864e+00     9.902098150371614e+03     9.902363690843522e+03     9.902629612790719e+03     9.902895269601659e+03     9.903160978682048e+03     9.904223806992481e+03
   32200           -1.17172308e+05            2.41488827e+00            9.96912614e-01            1.00173913e+00     9.797717413998460e+03     9.797885194139068e+03     9.798053274568400e+03     9.798221118633717e+03     9.798389021835592e+03     9.799060629672722e+03
   32400           -1.17266313e+05            6.63887038e+00            9.92717412e-01            1.00598635e+00     9.881097167971471e+03     9.881790863961354e+03     9.882484838590211e+03     9.883178589218232e+03     9.883872398355541e+03     9.886647628739609e+03
   32600           -1.17232352e+05            3.45687042e+00            9.95875087e-01            1.00278417e+00     9.945101452637329e+03     9.945396848367116e+03     9.945692558959185e+03     9.945988032852694e+03     9.946283562098235e+03     9.947465671559141e+03
   32800           -1.17462638e+05            5.62779721e+00            9.93666481e-01            1.00491397e+00     9.787028238149132e+03     9.787589757481794e+03     9.788151617839836e+03     9.788713202496428e+03     9.789274859196761e+03     9.791521480244390e+03
   33000           -1.17309681e+05            8.49130888e+00            9.90899427e-01            1.00787120e+00     1.003266756259037e+04     1.003358971145822e+04     1.003451224461810e+04     1.003543451686458e+04     1.003635683703593e+04     1.004004611148150e+04
   33200           -1.17086597e+05            6.11385762e+00            9.93227838e-01            1.00544730e+00     9.884789647400101e+03     9.885420357094146e+03     9.886051402807369e+03     9.886682188992245e+03     9.887313038376340e+03     9.889836429352579e+03
   33400           -1.17314233e+05            5.53784321e+00            9.93803346e-01            1.00487158e+00     9.863793033223277e+03     9.864346909202259e+03     9.864901140983297e+03     9.865455105534564e+03     9.866009131676952e+03     9.868225230130627e+03
   33600           -1.17206065e+05            4.29662717e+00            9.95070108e-01            1.00365784e+00     9.898196068708519e+03     9.898600089836415e+03     9.899004460858083e+03     9.899408567956967e+03     9.899812736658161e+03     9.901429404607801e+03
   33800           -1.17079640e+05            6.40493186e+00            9.92958210e-01            1.00575969e+00     9.842257790890586e+03     9.842922885960217e+03     9.843588328232341e+03     9.844253523128140e+03     9.844918769548132e+03     9.847579748205679e+03
   34000           -1.17026852e+05            3.68722845e+00            9.95612161e-01            1.00298140e+00     9.854250162180251e+03     9.854573239343083e+03     9.854896650956920e+03     9.855219808919779e+03     9.855543026681746e+03     9.856835891183242e+03
   34200           -1.16838313e+05            4.92719417e+00            9.94398315e-01            1.00424594e+00     9.932596002971222e+03     9.933070185598390e+03     9.933544737988832e+03     9.934019019090551e+03     9.934493359930702e+03     9.936390716890184e+03
   34400           -1.16964980e+05            5.43522874e+00            9.93907835e-01            1.00477100e+00     9.786439356532788e+03     9.786984073428966e+03     9.787529173120687e+03     9.788073991305917e+03     9.788618871650540e+03     9.790798386768294e+03
   34600           -1.17174237e+05            5.62197019e+00            9.93713348e-01            1.00494965e+00     9.904108205358061e+03     9.904674279848794e+03     9.905240665037933e+03     9.905806823441644e+03     9.906373031595203e+03     9.908637857832346e+03
   34800           -1.17052897e+05            3.90903479e+00            9.95418459e-01            1.00323121e+00     9.962536812796274e+03     9.962886149267677e+03     9.963235832454691e+03     9.963585242675805e+03     9.963934721664999e+03     9.965332630533725e+03
   35000           -1.17054623e+05            4.45704220e+00            9.94846606e-01            1.00375440e+00     9.934555727061143e+03     9.934972188138219e+03     9.935389061017560e+03     9.935805648278809e+03     9.936222291002607e+03     9.937888854944069e+03
   35200           -1.16821374e+05            1.48608750e+01            9.84560068e-01            1.01426213e+00     9.944383343687190e+03     9.946100107045946e+03     9.947817195975364e+03     9.949534029093928e+03     9.951250926680834e+03     9.958118509674478e+03
   35400           -1.17056455e+05            6.45386599e+00            9.92863176e-01            1.00576186e+00     9.940235821833425e+03     9.940905480102412e+03     9.941575443224257e+03     9.942245167065286e+03     9.942914951168967e+03     9.945594080504508e+03
   35600           -1.17178627e+05            7.59855574e+00            9.91711313e-01            1.00689756e+00     9.941653719377409e+03     9.942463176406312e+03     9.943272948204900e+03     9.944082488917493e+03     9.944892080886946e+03     9.948130442396483e+03
   35800           -1.17087507e+05            3.31819582e+00            9.95966193e-01            1.00259780e+00     9.957871623824203e+03     9.958147093363868e+03     9.958422931879737e+03     9.958698501434870e+03     9.958974129225235e+03     9.960076634626264e+03
   36000           -1.17283773e+05            3.60374482e+00            9.95721589e-01            1.00292417e+00     9.837830732028340e+03     9.838142214012367e+03     9.838454035949446e+03     9.838765594409542e+03     9.839077217475384e+03     9.840323702922429e+03
   36200           -1.17181584e+05            3.21425778e+00            9.96133985e-01            1.00255827e+00     9.842877701791276e+03     9.843141045880624e+03     9.843404652649424e+03     9.843668052755433e+03     9.843931505498247e+03     9.844985309205216e+03
   36400           -1.17195311e+05            2.45931280e+00            9.96892374e-01            1.00180779e+00     9.880344239682203e+03     9.880521203044051e+03     9.880698502111441e+03     9.880875548635382e+03     9.881052653818695e+03     9.881761067955185e+03
   36600           -1.17311715e+05            1.89309834e+00            9.97431078e-01            1.00121471e+00     9.872226407751690e+03     9.872325444757471e+03     9.872424777066681e+03     9.872523875037434e+03     9.872623032708536e+03     9.873019657665383e+03
   36800           -1.16995055e+05            7.75188180e+00            9.91570502e-01            1.00706337e+00     9.960206767481950e+03     9.961032625427617e+03     9.961858865807400e+03     9.962684829918389e+03     9.963510852897105e+03     9.966814938312258e+03
   37000           -1.16781602e+05            5.40760563e+00            9.93919803e-01            1.00472759e+00     9.862225113236427e+03     9.862759656511609e+03     9.863294569099033e+03     9.863829208889298e+03     9.864363910141494e+03     9.866502707046562e+03
   37200           -1.16837574e+05            4.20085303e+00            9.95120325e-01            1.00351625e+00     9.991455700474338e+03     9.991841180590911e+03     9.992227022564181e+03     9.992612586266247e+03     9.992998217145117e+03     9.994540733815895e+03
   37400           -1.17017297e+05            3.16309458e+00            9.96143964e-01            1.00246573e+00     9.880163374772823e+03     9.880416069637669e+03     9.880669107140879e+03     9.880921884872521e+03     9.881174724115288e+03     9.882186073457751e+03
   37600           -1.17335998e+05            2.56020811e+00            9.96753154e-01            1.00187003e+00     9.928538543366745e+03     9.928719745629882e+03     9.928901289847356e+03     9.929082570077073e+03     9.929263914733318e+03     9.929989286099888e+03
   37800           -1.17295304e+05            3.18199664e+00            9.96168182e-01            1.00252800e+00     9.983506099077315e+03     9.983767212504774e+03     9.984028617089711e+03     9.984289785846053e+03     9.984551016817046e+03     9.985595934556777e+03
   38000           -1.17293355e+05            2.64154356e+00            9.96687351e-01            1.00196687e+00     9.830377663708559e+03     9.830569803885737e+03     9.830762317482275e+03     9.830954559314969e+03     9.831146860534007e+03     9.831916057359456e+03
   38200           -1.17121259e+05            9.70634156e+00            9.89667701e-01            1.00906750e+00     9.856842999350045e+03     9.857912504829732e+03     9.858982320727051e+03     9.860051879311057e+03     9.861121507820644e+03     9.865400016291245e+03
   38400           -1.17074447e+05            5.11200511e+00            9.94234750e-01            1.00445196e+00     9.904756356078884e+03     9.905258794225880e+03     9.905761567914133e+03     9.906264093675332e+03     9.906766675288140e+03     9.908776994497397e+03
   38600           -1.17079072e+05            2.56766283e+00            9.96777924e-01            1.00190987e+00     9.814736576034989e+03     9.814918780343207e+03     9.815101351197703e+03     9.815283649769928e+03     9.815466009963142e+03     9.816195443891293e+03
   38800           -1.17346591e+05            3.63441224e+00            9.95674017e-01            1.00293776e+00     1.003893713791352e+04     1.003924990456462e+04     1.003956308732822e+04     1.003987598133365e+04     1.004018893174401e+04     1.004144072557450e+04
   39000           -1.17386371e+05            3.45914871e+00            9.95875444e-01            1.00278909e+00     9.938298380548773e+03     9.938592966839200e+03     9.938887900839911e+03     9.939182578242740e+03     9.939477312930088e+03     9.940656245311406e+03
   39200           -1.17410236e+05            2.91210813e+00            9.96420014e-01            1.00224031e+00     9.979381260821618e+03     9.979606839101400e+03     9.979832678770252e+03     9.980058310336930e+03     9.980283995925680e+03     9.981186731029742e+03
   39400           -1.17200801e+05            2.45544240e+00            9.96877636e-01            1.00178523e+00     9.948057204778148e+03     9.948229679878561e+03     9.948402514422180e+03     9.948575093168965e+03     9.948747724276634e+03     9.949438243775121e+03
   39600           -1.17317384e+05            5.17087455e+00            9.94179198e-01            1.00451410e+00     9.909837208155352e+03     9.910348230060512e+03     9.910859574450771e+03     9.911370665077759e+03     9.911881818888683e+03     9.913926429622015e+03
   39800           -1.17306258e+05            1.15558570e+01            9.87885631e-01            1.01098325e+00     9.866973084400794e+03     9.868284122459558e+03     9.869595437102244e+03     9.870906522336136e+03     9.872217670347733e+03     9.877462256294670e+03
   40000           -1.17131748e+05            4.26696584e+00            9.95076443e-01            1.00360470e+00     9.885049095546483e+03     9.885446916290692e+03     9.885845062955044e+03     9.886242985562647e+03     9.886640951244044e+03     9.888232806941605e+03
   40200           -1.17155924e+05            7.79696329e+00            9.91542126e-01            1.00712535e+00     9.869857781348781e+03     9.870697340745995e+03     9.871537203275559e+03     9.872376824540332e+03     9.873216508566100e+03     9.876575235783417e+03
   40400           -1.16871856e+05            9.96536356e+00            9.89415655e-01            1.00933325e+00     9.964436212111959e+03     9.965545734552696e+03     9.966655553996461e+03     9.967765134050756e+03     9.968874777117984e+03     9.973313342124007e+03
   40600           -1.17045814e+05            3.84762736e+00            9.95499965e-01            1.00319014e+00     9.915343626576483e+03     9.915688932259711e+03     9.916034575249510e+03     9.916379974728907e+03     9.916725426259703e+03     9.918107225942924e+03
   40800           -1.17075125e+05            7.70477787e+00            9.91644372e-01            1.00704351e+00     9.946380130049594e+03     9.947207418445452e+03     9.948035007112116e+03     9.948862378194010e+03     9.949689796356941e+03     9.952999462664289e+03
   41000           -1.16928034e+05            3.84758602e+00            9.95490992e-01            1.00318102e+00     9.870040036902166e+03     9.870386890474576e+03     9.870734050043862e+03     9.871080956146339e+03     9.871427931913040e+03     9.872815826923914e+03
   41200           -1.16754007e+05            2.14670395e+00            9.97169295e-01            1.00145975e+00     9.944196623624832e+03     9.944327373591304e+03     9.944458481477612e+03     9.944589333417533e+03     9.944720238728352e+03     9.945243853831875e+03
   41400           -1.16975925e+05            4.26233652e+00            9.95009546e-01            1.00352793e+00     9.866327674444052e+03     9.866721210691259e+03     9.867115197183375e+03     9.867508872533514e+03     9.867902607587737e+03     9.869477540731423e+03
   41600           -1.16810123e+05            2.71674282e+00            9.96591443e-01            1.00202115e+00     9.988311120458613e+03     9.988513599156096e+03     9.988716376281407e+03     9.988918934536443e+03     9.989121541490676e+03     9.989931962522740e+03
   41800           -1.16902094e+05            3.20486152e+00            9.96159853e-01            1.00256547e+00     9.915773757347484e+03     9.916036562023384e+03     9.916299678087687e+03     9.916562564437030e+03     9.916825502443487e+03     9.917877247539491e+03
   42000           -1.17017891e+05            4.65940219e+00            9.94637948e-01            1.00395011e+00     9.889921016985578e+03     9.890368413993068e+03     9.890816239231302e+03     9.891263771435479e+03     9.891711358413702e+03     9.893501699841827e+03
   42200           -1.16930210e+05            4.84015465e+00            9.94463462e-01            1.00413692e+00     9.918036799873351e+03     9.918501770497822e+03     9.918967018315561e+03     9.919432048102164e+03     9.919897133085100e+03     9.921757466296849e+03
   42400           -1.17176237e+05            4.82984879e+00            9.94522601e-01            1.00417594e+00     9.997687731930037e+03     9.998150313501308e+03     9.998613288083647e+03     9.999075984127810e+03     9.999538737350576e+03     1.000138974277112e+04
   42600           -1.17037529e+05            6.34277931e+00            9.92998450e-01            1.00567543e+00     9.839726717381878e+03     9.840379333759949e+03     9.841032245295086e+03     9.841684915140395e+03     9.842337649952875e+03     9.844948582523872e+03
   42800           -1.17122386e+05            4.33383171e+00            9.94963969e-01            1.00362547e+00     9.893335125425658e+03     9.893736263852104e+03     9.894137758961770e+03     9.894538973716430e+03     9.894940258955245e+03     9.896545392484832e+03
   43000           -1.17081317e+05            4.56157531e+00            9.94769854e-01            1.00388681e+00     9.989048283940019e+03     9.989480267831037e+03     9.989912550505334e+03     9.990344590619266e+03     9.990776695368466e+03     9.992505106796913e+03
   43200           -1.17064408e+05            1.25507019e+01            9.86833100e-01            1.01191751e+00     9.899636971815476e+03     9.901069339111091e+03     9.902502017878745e+03     9.903934449015434e+03     9.905366943685538e+03     9.911096915555598e+03
   43400           -1.17175889e+05            3.68965281e+00            9.95650168e-01            1.00302455e+00     9.858105633510451e+03     9.858426375189963e+03     9.858747481480181e+03     9.859068305443045e+03     9.859389198356612e+03     9.860672763202771e+03
   43600           -1.17058681e+05            3.94997668e+00            9.95400996e-01            1.00329576e+00     9.977711114051208e+03     9.978068655126175e+03     9.978426571579970e+03     9.978784216993898e+03     9.979141920011676e+03     9.980572725972143e+03
   43800           -1.16977354e+05            4.02127838e+00            9.95298029e-01            1.00333505e+00     9.948617099111128e+03     9.948978523075708e+03     9.949340273802763e+03     9.949701780702046e+03     9.950063343304333e+03     9.951509587497538e+03
   44000           -1.17307736e+05            3.31362947e+00            9.95980038e-01            1.00260258e+00     9.899047509003831e+03     9.899322981616837e+03     9.899598799448968e+03     9.899874349179967e+03     9.900149964476097e+03     9.901252419948361e+03
   44200           -1.17188391e+05            2.01647975e+00            9.97319270e-01            1.00134954e+00     1.001215847066938e+04     1.001226818177418e+04     1.001237817781454e+04     1.001248792951336e+04     1.001259775156043e+04     1.001303703245148e+04
   44400           -1.17357572e+05            3.95804076e+00            9.95337520e-01            1.00324796e+00     9.892137672516215e+03     9.892495735108625e+03     9.892854178716325e+03     9.893212340689093e+03     9.893570565317099e+03     9.895003458117983e+03
   44600           -1.16971633e+05            3.56795603e+00            9.95764079e-01            1.00289518e+00     9.934199823050552e+03     9.934507530116485e+03     9.934815574883276e+03     9.935123364947362e+03     9.935431214392986e+03     9.936662605735417e+03
   44800           -1.17003297e+05            4.42924723e+00            9.94900207e-01            1.00375268e+00     9.942033310094119e+03     9.942451352187931e+03     9.942869740411903e+03     9.943287857670961e+03     9.943706042491956e+03     9.945378774889794e+03
   45000           -1.17251115e+05            4.19922730e+00            9.95144591e-01            1.00353746e+00     9.904865471489233e+03     9.905253675546799e+03     9.905642266330795e+03     9.906030557908849e+03     9.906418921715465e+03     9.907972371941698e+03
   45200           -1.17146074e+05            4.50648529e+00            9.94859177e-01            1.00386634e+00     9.955145717087757e+03     9.955568467024545e+03     9.955991554016999e+03     9.956414395724023e+03     9.956837290917705e+03     9.958528864747652e+03
   45400           -1.17120110e+05            4.43375631e+00            9.94892833e-01            1.00375429e+00     9.969866028706962e+03     9.970281954678188e+03     9.970698281071222e+03     9.971114332927920e+03     9.971530436298361e+03     9.973194843889760e+03
   45600           -1.17083413e+05            2.07070804e+00            9.97264885e-01            1.00140354e+00     9.925190333782271e+03     9.925309406019973e+03     9.925428835583096e+03     9.925547987194626e+03     9.925667207413731e+03     9.926144081045193e+03
   45800           -1.17214386e+05            6.38256268e+00            9.92929730e-01            1.00568585e+00     9.926080618843920e+03     9.926736564040779e+03     9.927392799678235e+03     9.928048803055810e+03     9.928704866743828e+03     9.931329114643739e+03
   46000           -1.16870813e+05            5.16682131e+00            9.94138258e-01            1.00446459e+00     9.916745200401092e+03     9.917249083566980e+03     9.917753260312798e+03     9.918257218546387e+03     9.918761226385024e+03     9.920777252368958e+03
   46200           -1.17104981e+05            5.82989832e+00            9.93483316e-01            1.00513492e+00     9.937258465892291e+03     9.937845556850518e+03     9.938433009360766e+03     9.939020199019809e+03     9.939607445333213e+03     9.941956424774136e+03
   46400           -1.16838645e+05            4.00958710e+00            9.95325953e-01            1.00333973e+00     9.906310219435240e+03     9.906670584321986e+03     9.907031283272174e+03     9.907391743499740e+03     9.907752253926767e+03     9.909194288418294e+03
   46600           -1.16957690e+05            5.55711976e+00            9.93777043e-01            1.00488373e+00     9.908228004148836e+03     9.908780789744000e+03     9.909333920011668e+03     9.909886788057080e+03     9.910439718139047e+03     9.912651432129256e+03
   46800           -1.16801192e+05            1.89562959e+00            9.97392094e-01            1.00118064e+00     9.925457245307354e+03     9.925554918011101e+03     9.925652959381896e+03     9.925750726952276e+03     9.925848556210854e+03     9.926239867114355e+03
   47000           -1.17148014e+05            6.58123275e+00            9.92815839e-01            1.00597012e+00     9.785311427778666e+03     9.786004018061623e+03     9.786696891634308e+03     9.787389537133389e+03     9.788082242485903e+03     9.790853057193142e+03
   47200           -1.17015283e+05            4.87160699e+00            9.94459966e-01            1.00419656e+00     9.943931723161179e+03     9.944400340995106e+03     9.944869346627795e+03     9.945338077105092e+03     9.945806864271102e+03     9.947682005381026e+03
   47400           -1.16891326e+05            4.36758762e+00            9.94974595e-01            1.00370394e+00     9.987129364159180e+03     9.987536039586146e+03     9.987943038630281e+03     9.988349788125051e+03     9.988756598149810e+03     9.990383832140442e+03
   47600           -1.16812061e+05            5.48790719e+00            9.93848875e-01            1.00481726e+00     9.957567136798885e+03     9.958116329022962e+03     9.958665857006345e+03     9.959215142740211e+03     9.959764480494860e+03     9.961961824190836e+03
   47800           -1.17091900e+05            2.99601802e+00            9.96332958e-01            1.00232094e+00     9.952044423954072e+03     9.952280254336501e+03     9.952516421460961e+03     9.952752342033134e+03     9.952988317027635e+03     9.953932210101200e+03
   48000           -1.17085675e+05            3.39196511e+00            9.95931627e-01            1.00271093e+00     9.940984301654977e+03     9.941269164084404e+03     9.941554421535151e+03     9.941839385712692e+03     9.942124415877839e+03     9.943264530100700e+03
   48200           -1.17326780e+05            2.48370317e+00            9.96805600e-01            1.00176946e+00     9.801456981090694e+03     9.801630414254336e+03     9.801804225589647e+03     9.801977763484163e+03     9.802151359772848e+03     9.802845738455000e+03
   48400           -1.17306366e+05            6.79296192e+00            9.92560445e-01            1.00613731e+00     9.937257909191267e+03     9.937965811692677e+03     9.938674062065664e+03     9.939382052520770e+03     9.940090102306400e+03     9.942922295421535e+03
   48600           -1.17000112e+05            5.99337965e+00            9.93349888e-01            1.00532858e+00     1.001212467151833e+04     1.001273089709204e+04     1.001333737984017e+04     1.001394365194046e+04     1.001454998035534e+04     1.001697528919234e+04
   48800           -1.16928002e+05            3.88107008e+00            9.95435551e-01            1.00319233e+00     9.861301386431827e+03     9.861649984216865e+03     9.861998927896089e+03     9.862347601550860e+03     9.862696342329367e+03     9.864091298226907e+03
   49000           -1.16973038e+05            4.12693930e+00            9.95218875e-01            1.00346728e+00     9.837420399791068e+03     9.837798552989576e+03     9.838177075061232e+03     9.838555312125614e+03     9.838933618318100e+03     9.840446836845133e+03
   49200           -1.16792809e+05            8.70789089e+00            9.90660373e-01            1.00806461e+00     9.936658615368122e+03     9.937608083288196e+03     9.938557885297851e+03     9.939507430605028e+03     9.940457038137318e+03     9.944255460906516e+03
   49400           -1.16820761e+05            7.94698888e+00            9.91376612e-01            1.00725942e+00     9.877138977004463e+03     9.877997254254793e+03     9.878855922670227e+03     9.879714315192332e+03     9.880572763647742e+03     9.884006550291022e+03
   49600           -1.16825619e+05            6.28920565e+00            9.92998259e-01            1.00556748e+00     9.912485978416069e+03     9.913129212087795e+03     9.913772853144017e+03     9.914416209524357e+03     9.915059622287616e+03     9.917633266159164e+03
   49800           -1.17003469e+05            9.83834426e+00            9.89538974e-01            1.00920265e+00     9.976373902982767e+03     9.977467859939768e+03     9.978562203139307e+03     9.979656259322092e+03     9.980750380398867e+03     9.985126857814968e+03
   50000           -1.17285361e+05            3.82080237e+00            9.95509325e-01            1.00314575e+00     9.895562472522219e+03     9.895897381178773e+03     9.896232601534377e+03     9.896567585280289e+03     9.896902625236991e+03     9.898242777951762e+03
