#This file was generated on Sun Sep  3 12:04:05 2023
#Using the somd command, of the molecular library Sire version <2023.1.3> 
#For more information visit: https://github.com/openbiosim/sire
#
#General information on simulation parameters:
#Simulation used 25000 moves, 2 cycles and 200 ps of simulation time
#Generating lambda is		 1.00000
#Alchemical array is		 (0.0, 0.125, 0.25, 0.375, 0.5, 1.0)
#Generating temperature is 	25°C
#Energy was saved every 200 steps 
#
#
#   [step]      [potential kcal/mol]       [gradient kcal/mol]      [forward Metropolis]     [backward Metropolis]                   [u_kl]
     200           -1.27777400e+05            1.66482645e+00            9.98336559e-01            1.00166621e+00     9.928100253016148e+03     9.928341468450588e+03     9.928582988113603e+03     9.928824272524138e+03     9.929065614508285e+03     9.930030976000420e+03
     400           -1.23992156e+05            1.51262676e+00            9.98488517e-01            1.00151377e+00     9.934507983977439e+03     9.934726088154976e+03     9.934944525755989e+03     9.935162709639659e+03     9.935380953431275e+03     9.936253922885111e+03
     600           -1.21466846e+05            8.26583683e-01            9.99173758e-01            1.00082693e+00     9.950671649281763e+03     9.950809808820224e+03     9.950948301994238e+03     9.951086545019623e+03     9.951224845645502e+03     9.951778042009240e+03
     800           -1.20032992e+05            1.42807553e+00            9.98572944e-01            1.00142910e+00     1.007707856131693e+04     1.007729653405728e+04     1.007751483174403e+04     1.007773287334660e+04     1.007795097976401e+04     1.007882339821109e+04
    1000           -1.19265656e+05            3.01727300e+00            9.96987274e-01            1.00302183e+00     9.916985473575560e+03     9.917402094863737e+03     9.917819027160971e+03     9.918235718309395e+03     9.918652468984925e+03     9.920319464394290e+03
    1200           -1.18305967e+05            1.00465273e+00            9.98995852e-01            1.00100516e+00     9.882132058666079e+03     9.882289354427356e+03     9.882447009315212e+03     9.882604386792404e+03     9.882761831905835e+03     9.883391605145589e+03
    1400           -1.17694289e+05            3.70658619e+00            9.96300275e-01            1.00371346e+00     9.971472563762265e+03     9.971973481721856e+03     9.972474745273948e+03     9.972975728901161e+03     9.973476786133942e+03     9.975481008505618e+03
    1600           -1.17601426e+05            1.09106952e+00            9.98909525e-01            1.00109166e+00     9.977790567384260e+03     9.977961769317464e+03     9.978133296364322e+03     9.978304558429965e+03     9.978475891228243e+03     9.979161215072229e+03
    1800           -1.17500857e+05            1.08998601e+00            9.98910608e-01            1.00109058e+00     1.002536401860370e+04     1.002553715749665e+04     1.002571060267921e+04     1.002588381323189e+04     1.002605707991583e+04     1.002675014122796e+04
    2000           -1.17292927e+05            1.45507238e+00            9.98545986e-01            1.00145613e+00     9.935062683686387e+03     9.935274055973354e+03     9.935485775235798e+03     9.935697240108453e+03     9.935908760938004e+03     9.936754838189621e+03
    2200           -1.17119579e+05            1.55077705e+00            9.98450425e-01            1.00155198e+00     9.951166209487363e+03     9.951390641233042e+03     9.951615460756573e+03     9.951840000917458e+03     9.952064600742244e+03     9.952962991997125e+03
    2400           -1.17165166e+05            2.26448979e+00            9.97738072e-01            1.00226706e+00     9.978621565599768e+03     9.978936894841669e+03     9.979252554902385e+03     9.979567962617184e+03     9.979883430077842e+03     9.981145294555914e+03
    2600           -1.17444206e+05            1.44782891e-01            9.99855228e-01            1.00014479e+00     9.936879618096073e+03     9.936931632754036e+03     9.936984045244080e+03     9.937036179686202e+03     9.937088369304867e+03     9.937297120513662e+03
    2800           -1.17307886e+05            1.49254051e-01            9.99850757e-01            1.00014927e+00     1.002898720503779e+04     1.002903423923334e+04     1.002908161185858e+04     1.002912872616780e+04     1.002917590204313e+04     1.002936459904847e+04
    3000           -1.17273032e+05           -5.52218399e-02            1.00005522e+00            9.99944780e-01     1.002795676202115e+04     1.002799116102998e+04     1.002802585191018e+04     1.002806031503345e+04     1.002809483474526e+04     1.002823290746938e+04
    3200           -1.17103347e+05            1.15315088e+00            9.98847514e-01            1.00115382e+00     1.000418334672427e+04     1.000436871700116e+04     1.000455440889991e+04     1.000473984031912e+04     1.000492534035263e+04     1.000566733398099e+04
    3400           -1.16964985e+05            1.63752152e+00            9.98363818e-01            1.00163886e+00     1.000618136957026e+04     1.000641625506993e+04     1.000665154316296e+04     1.000688655496367e+04     1.000712161903309e+04     1.000806186849592e+04
    3600           -1.17186112e+05            1.46524142e+00            9.98535832e-01            1.00146632e+00     9.961342231398352e+03     9.961558123588396e+03     9.961774334114596e+03     9.961990303557563e+03     9.962206329633513e+03     9.963070427868674e+03
    3800           -1.16942537e+05            1.78614845e+00            9.98215446e-01            1.00178774e+00     9.957643799657237e+03     9.957899197776775e+03     9.958154868241685e+03     9.958410323847836e+03     9.958665833977873e+03     9.959687868298508e+03
    4000           -1.17083228e+05            1.74245709e+00            9.98259060e-01            1.00174398e+00     9.943309877783195e+03     9.943557811251156e+03     9.943805996391489e+03     9.944053971175959e+03     9.944302004839357e+03     9.945294131895518e+03
    4200           -1.17184727e+05            2.09344773e+00            9.97908742e-01            1.00209564e+00     9.962457003823925e+03     9.962750322299678e+03     9.963043886835236e+03     9.963337243215970e+03     9.963630658754175e+03     9.964804313684423e+03
    4400           -1.17003094e+05            2.01921335e+00            9.97982824e-01            1.00202125e+00     1.003165373560953e+04     1.003194181847327e+04     1.003223021649799e+04     1.003251835670311e+04     1.003280656628121e+04     1.003395939695288e+04
    4600           -1.17143862e+05            8.27924844e-01            9.99172418e-01            1.00082827e+00     9.961264895022432e+03     9.961400970846369e+03     9.961537378095481e+03     9.961673535426336e+03     9.961809751318749e+03     9.962354607615065e+03
    4800           -1.17033750e+05            3.19617206e-01            9.99680434e-01            1.00031967e+00     1.007881235551165e+04     1.007888731569265e+04     1.007896264681081e+04     1.007903770455159e+04     1.007911282281190e+04     1.007941329011216e+04
    5000           -1.17035074e+05            3.21751135e-01            9.99678301e-01            1.00032180e+00     9.931220286558239e+03     9.931294060198159e+03     9.931368162073146e+03     9.931442020907813e+03     9.931515934907064e+03     9.931811583255891e+03
    5200           -1.16939554e+05            9.81034174e-01            9.99019447e-01            1.00098152e+00     1.000529095147383e+04     1.000543851825065e+04     1.000558641508162e+04     1.000573407165128e+04     1.000588178016631e+04     1.000647260885880e+04
    5400           -1.16897184e+05            6.68108587e-01            9.99332115e-01            1.00066833e+00     1.007768685750201e+04     1.007780700873699e+04     1.007792748235849e+04     1.007804770715049e+04     1.007816799239482e+04     1.007864912728762e+04
    5600           -1.16897191e+05            4.64408871e-01            9.99535699e-01            1.00046452e+00     9.998770017653696e+03     9.998856343792233e+03     9.998942986695767e+03     9.999029381759992e+03     9.999115838504200e+03     9.999461659354703e+03
    5800           -1.16848416e+05            1.05385103e+00            9.98946704e-01            1.00105441e+00     9.952009927284827e+03     9.952170997761612e+03     9.952332466351256e+03     9.952493638158481e+03     9.952654877251640e+03     9.953299827218450e+03
    6000           -1.16801563e+05            1.26520703e+00            9.98735593e-01            1.00126601e+00     9.969962286974182e+03     9.970153819610508e+03     9.970345712161983e+03     9.970537348177919e+03     9.970729037285404e+03     9.971495787596627e+03
    6200           -1.16921721e+05            6.73368314e-01            9.99326858e-01            1.00067360e+00     9.926617493845632e+03     9.926731584277568e+03     9.926845966736197e+03     9.926960122183144e+03     9.927074333791503e+03     9.927531173737374e+03
    6400           -1.16816932e+05            2.79706691e-01            9.99720332e-01            1.00027975e+00     1.001722772639605e+04     1.001729718217563e+04     1.001736693300775e+04     1.001743646068968e+04     1.001750604109635e+04     1.001778435579666e+04
    6600           -1.16955859e+05            1.70766586e-01            9.99829248e-01            1.00017078e+00     9.950133736433363e+03     9.950190415239216e+03     9.950247416595877e+03     9.950304153745612e+03     9.950360961172650e+03     9.950588185911938e+03
    6800           -1.17110303e+05            1.20404034e+00            9.98796684e-01            1.00120477e+00     1.004841214456788e+04     1.004859989533046e+04     1.004878802769677e+04     1.004897585934834e+04     1.004916376655374e+04     1.004991538853959e+04
    7000           -1.16898745e+05            2.27809236e+00            9.97724501e-01            1.00228069e+00     1.005306695116048e+04     1.005338471797991e+04     1.005370278722078e+04     1.005402061536250e+04     1.005433850545005e+04     1.005561005973961e+04
    7200           -1.17049212e+05            2.11395096e+00            9.97888282e-01            1.00211619e+00     9.922143044442268e+03     9.922439808115612e+03     9.922736854054145e+03     9.923033683247628e+03     9.923330565059294e+03     9.924518085676320e+03
    7400           -1.17039475e+05            4.53781698e-01            9.99546321e-01            1.00045388e+00     1.001782329861578e+04     1.001791234901548e+04     1.001800168820994e+04     1.001809081889413e+04     1.001817999499261e+04     1.001853669136945e+04
    7600           -1.17206762e+05            1.07119197e+00            9.98929382e-01            1.00107177e+00     9.874037355038541e+03     9.874205688132359e+03     9.874374333373280e+03     9.874542732500629e+03     9.874711194199581e+03     9.875385033360621e+03
    7800           -1.17149156e+05            4.89144282e-01            9.99510975e-01            1.00048926e+00     1.003472622243291e+04     1.003481767938851e+04     1.003490950447050e+04     1.003500106115520e+04     1.003509267622819e+04     1.003545913002346e+04
    8000           -1.17196542e+05            1.61354000e-01            9.99838659e-01            1.00016137e+00     9.843059390145601e+03     9.843119007379140e+03     9.843178949771138e+03     9.843238642215940e+03     9.843298395197826e+03     9.843537400250050e+03
    8200           -1.16986713e+05            9.31583375e-01            9.99068850e-01            1.00093202e+00     9.944914385001912e+03     9.945063879784466e+03     9.945213640385806e+03     9.945363176013851e+03     9.945512774915824e+03     9.946111164829736e+03
    8400           -1.17125680e+05            7.70224474e-01            9.99230072e-01            1.00077052e+00     1.011869807257187e+04     1.011882738651212e+04     1.011895696815296e+04     1.011908631625250e+04     1.011921573284386e+04     1.011973339311584e+04
    8600           -1.17172566e+05            3.39786526e-01            9.99660271e-01            1.00033984e+00     1.002780325802440e+04     1.002787232980379e+04     1.002794172327075e+04     1.002801087454008e+04     1.002808008234729e+04     1.002835690667018e+04
    8800           -1.17340714e+05            4.41545304e-01            9.99558552e-01            1.00044164e+00     1.001564526735874e+04     1.001573505697163e+04     1.001582519744310e+04     1.001591507986301e+04     1.001600501978054e+04     1.001636477220233e+04
    9000           -1.17031945e+05            8.37980194e-01            9.99162371e-01            1.00083833e+00     1.001883092261840e+04     1.001897049098419e+04     1.001911038111221e+04     1.001925001193908e+04     1.001938971068726e+04     1.001994849875612e+04
    9200           -1.17048940e+05            1.58360470e+00            9.98417649e-01            1.00158486e+00     1.002898264870208e+04     1.002921448874650e+04     1.002944663723414e+04     1.002967855111445e+04     1.002991052128107e+04     1.003083839386005e+04
    9400           -1.17001888e+05            2.59411959e-01            9.99740622e-01            1.00025945e+00     1.004342542750182e+04     1.004348724922790e+04     1.004354935128659e+04     1.004361123372200e+04     1.004367317130310e+04     1.004392091510439e+04
    9600           -1.17355195e+05            6.52731156e-01            9.99347482e-01            1.00065294e+00     9.992349595113024e+03     9.992469088056152e+03     9.992588957575894e+03     9.992708534282103e+03     9.992828183090951e+03     9.993306771068877e+03
    9800           -1.17237404e+05            2.45236216e+00            9.97550642e-01            1.00245537e+00     9.904717814157051e+03     9.905059170936902e+03     9.905400815776713e+03     9.905742232501101e+03     9.906083707534644e+03     9.907449600912239e+03
   10000           -1.17166521e+05            1.34053357e+00            9.98660365e-01            1.00134143e+00     9.897421478858127e+03     9.897621989045687e+03     9.897822790250335e+03     9.898023367987700e+03     9.898223999893498e+03     9.899026520928870e+03
   10200           -1.17007466e+05            7.83795706e-01            9.99216511e-01            1.00078410e+00     9.975171243828088e+03     9.975304537288368e+03     9.975438204415927e+03     9.975571585389600e+03     9.975705034997731e+03     9.976238826167373e+03
   10400           -1.17043144e+05            9.74484438e-01            9.99025990e-01            1.00097496e+00     1.002175266843336e+04     1.002190476176149e+04     1.002205714857697e+04     1.002220930753989e+04     1.002236152275388e+04     1.002297037707441e+04
   10600           -1.17080560e+05            1.91848919e+00            9.98083350e-01            1.00192033e+00     1.000274313066115e+04     1.000301304054691e+04     1.000328328281071e+04     1.000355326556910e+04     1.000382331294744e+04     1.000490349523372e+04
   10800           -1.17017568e+05            9.21622068e-01            9.99078802e-01            1.00092205e+00     1.002388071537382e+04     1.002402590289261e+04     1.002417145625574e+04     1.002431673128642e+04     1.002446207260379e+04     1.002504342983376e+04
   11000           -1.16919759e+05            1.20840775e+00            9.98792322e-01            1.00120914e+00     1.010320827821146e+04     1.010339517971813e+04     1.010358234529319e+04     1.010376929186019e+04     1.010395629880932e+04     1.010470431940717e+04
   11200           -1.17098648e+05            5.79994246e-01            9.99420174e-01            1.00058016e+00     1.004765169784820e+04     1.004775879138807e+04     1.004786618695511e+04     1.004797335011813e+04     1.004808057008337e+04     1.004850944231854e+04
   11400           -1.17116469e+05            3.58498939e-01            9.99641565e-01            1.00035856e+00     9.900231345112616e+03     9.900308722985610e+03     9.900386406980933e+03     9.900463845809096e+03     9.900541348198491e+03     9.900851351284366e+03
   11600           -1.17102651e+05            1.33327965e+00            9.98667609e-01            1.00133417e+00     9.926371185044760e+03     9.926574941428638e+03     9.926779074810298e+03     9.926982936019829e+03     9.927186855538519e+03     9.928002526032276e+03
   11800           -1.17026338e+05            5.29907543e-01            9.99470233e-01            1.00053005e+00     9.946220878422480e+03     9.946317094623826e+03     9.946413643991769e+03     9.946509922499994e+03     9.946606272804414e+03     9.946991667186347e+03
   12000           -1.16970104e+05            2.83200425e-01            9.99716840e-01            1.00028324e+00     1.001902744775576e+04     1.001909325581899e+04     1.001915945954276e+04     1.001922537954000e+04     1.001929135897091e+04     1.001955527018605e+04
   12200           -1.16868182e+05            2.55837337e+00            9.97444896e-01            1.00256165e+00     9.999237535521481e+03     9.999590025656602e+03     9.999942847255732e+03     1.000029542148824e+04     1.000064805253343e+04     1.000205856954538e+04
   12400           -1.16838257e+05            2.55877013e+00            9.97444501e-01            1.00256205e+00     9.962032310832037e+03     9.962389265269678e+03     9.962746471902416e+03     9.963103463761146e+03     9.963460516886164e+03     9.964888722940290e+03
   12600           -1.16813903e+05            2.45187994e+00            9.97551123e-01            1.00245489e+00     1.003240123501695e+04     1.003274428576677e+04     1.003308766299530e+04     1.003343080173704e+04     1.003377399282095e+04     1.003514675062494e+04
   12800           -1.16922839e+05            1.91205637e+00            9.98089770e-01            1.00191389e+00     1.000646446054961e+04     1.000673553365561e+04     1.000700692877476e+04     1.000727807098865e+04     1.000754927687486e+04     1.000863409320011e+04
   13000           -1.16785180e+05            1.62493063e+00            9.98376389e-01            1.00162625e+00     1.001383623256839e+04     1.001408264580832e+04     1.001432945338555e+04     1.001457596176013e+04     1.001482254094682e+04     1.001580884932524e+04
   13200           -1.16920343e+05            5.19421505e-01            9.99480713e-01            1.00051956e+00     9.986668809128996e+03     9.986763726568099e+03     9.986858883662884e+03     9.986953821605337e+03     9.987048827665029e+03     9.987428846201061e+03
   13400           -1.17010004e+05            1.64072204e+00            9.98360623e-01            1.00164207e+00     1.007978504863942e+04     1.008002305387925e+04     1.008026131597090e+04     1.008049936257569e+04     1.008073746961730e+04     1.008168989059519e+04
   13600           -1.16852153e+05            6.11807442e-01            9.99388380e-01            1.00061199e+00     9.981638017994404e+03     9.981743971734473e+03     9.981850241806422e+03     9.981956277603014e+03     9.982062366438209e+03     9.982486714882012e+03
   13800           -1.17056649e+05            1.07575080e+00            9.98924828e-01            1.00107633e+00     1.005317644735148e+04     1.005334759192894e+04     1.005351903100632e+04     1.005369023205629e+04     1.005386149580259e+04     1.005454654425369e+04
   14000           -1.17069572e+05            1.67036705e+00            9.98331027e-01            1.00167176e+00     1.013365011371172e+04     1.013389127375117e+04     1.013413281774213e+04     1.013437408812624e+04     1.013461541536377e+04     1.013558071701582e+04
   14200           -1.17203133e+05            3.41957727e+00            9.96586263e-01            1.00342543e+00     9.912845839001948e+03     9.913307902341903e+03     9.913770319969506e+03     9.914232483915983e+03     9.914694701111644e+03     9.916543563221341e+03
   14400           -1.17050273e+05            1.84877531e-01            9.99815140e-01            1.00018489e+00     9.862703121703224e+03     9.862765511051959e+03     9.862828254410551e+03     9.862890724238625e+03     9.862953260194427e+03     9.863203398685630e+03
   14600           -1.17046754e+05            1.93602398e+00            9.98065849e-01            1.00193790e+00     1.002449780382789e+04     1.002477502588130e+04     1.002505258748452e+04     1.002532988841629e+04     1.002560725247376e+04     1.002671670111963e+04
   14800           -1.17186942e+05            1.15236316e+00            9.98848301e-01            1.00115303e+00     9.967226776558071e+03     9.967406745696109e+03     9.967587056561473e+03     9.967767117435025e+03     9.967947233848043e+03     9.968667691138013e+03
   15000           -1.16963434e+05            1.65631030e+00            9.98345061e-01            1.00165768e+00     1.011152062331883e+04     1.011176161719708e+04     1.011200296984646e+04     1.011224403783358e+04     1.011248517843458e+04     1.011344973355033e+04
   15200           -1.16895987e+05            7.45991100e-01            9.99254287e-01            1.00074627e+00     1.000594030177741e+04     1.000607101661381e+04     1.000620206178215e+04     1.000633286124120e+04     1.000646371681190e+04     1.000698713184638e+04
   15400           -1.16916102e+05            1.54440709e+00            9.98456785e-01            1.00154560e+00     1.006890020635973e+04     1.006912611179459e+04     1.006935237849771e+04     1.006957836848958e+04     1.006980442479950e+04     1.007070864323927e+04
   15600           -1.16922112e+05            2.45814293e+00            9.97544876e-01            1.00246117e+00     1.000106847557468e+04     1.000140302450800e+04     1.000173789034073e+04     1.000207251586736e+04     1.000240719823205e+04     1.000374592088942e+04
   15800           -1.16798940e+05            9.55313148e-01            9.99045143e-01            1.00095577e+00     1.002566549555968e+04     1.002582141859419e+04     1.002597763631680e+04     1.002613362018598e+04     1.002628966416547e+04     1.002691383277126e+04
   16000           -1.16773255e+05            5.84254636e-01            9.99415916e-01            1.00058443e+00     9.953534788152236e+03     9.953636702286003e+03     9.953738943241986e+03     9.953840952787514e+03     9.953943009964432e+03     9.954351231776629e+03
   16200           -1.16991898e+05            1.59427126e+00            9.98406999e-01            1.00159554e+00     1.004314477320330e+04     1.004337604725805e+04     1.004360765604757e+04     1.004383901629444e+04     1.004407043357034e+04     1.004499609393739e+04
   16400           -1.16993717e+05            7.07299100e-01            9.99292951e-01            1.00070755e+00     9.967303538164429e+03     9.967423363118536e+03     9.967543527986862e+03     9.967663430594077e+03     9.967783397051000e+03     9.968263255937572e+03
   16600           -1.17125651e+05            6.26679133e-01            9.99373517e-01            1.00062688e+00     9.984045635052697e+03     9.984165051631999e+03     9.984284806876958e+03     9.984404303528583e+03     9.984523861861870e+03     9.985002088671043e+03
   16800           -1.17208353e+05            1.64917562e+00            9.98352184e-01            1.00165054e+00     9.989762232342395e+03     9.989997536163279e+03     9.990233187076134e+03     9.990468582933845e+03     9.990704035197996e+03     9.991645838053597e+03
   17000           -1.17164507e+05            4.96576209e-01            9.99503547e-01            1.00049670e+00     9.949653601188542e+03     9.949748418334899e+03     9.949843523347061e+03     9.949938415935239e+03     9.950033356612566e+03     9.950413112036591e+03
   17200           -1.17122047e+05            2.58541686e+00            9.97417922e-01            1.00258876e+00     9.977026210322047e+03     9.977388439400363e+03     9.977751123156289e+03     9.978113499857196e+03     9.978475931481500e+03     9.979925652640955e+03
   17400           -1.17241535e+05            4.46691698e+00            9.95543045e-01            1.00447691e+00     1.007485139141237e+04     1.007544736872935e+04     1.007604362417155e+04     1.007663966216342e+04     1.007723575488298e+04     1.007962011835360e+04
   17600           -1.17045090e+05            3.35093301e+00            9.96654675e-01            1.00335655e+00     9.925376902067077e+03     9.925834034549929e+03     9.926291458500906e+03     9.926748643935854e+03     9.927205893614888e+03     9.929034885162697e+03
   17800           -1.17270766e+05            2.30701939e+00            9.97695640e-01            1.00230968e+00     1.000328144044692e+04     1.000359747182441e+04     1.000391381910365e+04     1.000422990492288e+04     1.000454606198347e+04     1.000581068352002e+04
   18000           -1.17035253e+05            4.17597415e+00            9.95832733e-01            1.00418471e+00     1.003958040700616e+04     1.004013362166227e+04     1.004068712348224e+04     1.004124038779417e+04     1.004179371708522e+04     1.004400702716428e+04
   18200           -1.16839223e+05            1.22615409e+00            9.98774597e-01            1.00122691e+00     1.007159599324854e+04     1.007178784816344e+04     1.007198003453636e+04     1.007217196823310e+04     1.007236396222274e+04     1.007313193119693e+04
   18400           -1.16863676e+05            3.13162699e+00            9.96873271e-01            1.00313654e+00     1.005915049901392e+04     1.005958005841390e+04     1.006000996409338e+04     1.006043960609877e+04     1.006086931103116e+04     1.006258812304839e+04
   18600           -1.17002143e+05            2.77996921e+00            9.97223891e-01            1.00278384e+00     1.004158723752177e+04     1.004196646812389e+04     1.004234605620079e+04     1.004272538416658e+04     1.004310476872195e+04     1.004462229992214e+04
   18800           -1.17149798e+05            1.46250337e+00            9.98538566e-01            1.00146357e+00     9.990746955276461e+03     9.990964655360705e+03     9.991182669342432e+03     9.991400448623992e+03     9.991618281515977e+03     9.992489607755495e+03
   19000           -1.17276484e+05            1.76814661e+00            9.98233416e-01            1.00176971e+00     1.000808053484062e+04     1.000833817646693e+04     1.000859612555673e+04     1.000885383969245e+04     1.000911161017472e+04     1.001014268550882e+04
   19200           -1.17105523e+05            1.15852150e+00            9.98842149e-01            1.00115919e+00     9.967420080745536e+03     9.967599387246419e+03     9.967779074233891e+03     9.967958489184399e+03     9.968137961086475e+03     9.968855841427412e+03
   19400           -1.17102319e+05            1.65559318e+00            9.98345777e-01            1.00165696e+00     9.921599289249072e+03     9.921838127018436e+03     9.922077287786658e+03     9.922316208878799e+03     9.922555184204810e+03     9.923511079160546e+03
   19600           -1.17201640e+05            3.18907515e-01            9.99681143e-01            1.00031896e+00     1.001523257441322e+04     1.001530244001908e+04     1.001537258357691e+04     1.001544251528837e+04     1.001551249763464e+04     1.001579242085606e+04
   19800           -1.17101648e+05            7.63590997e-01            9.99236700e-01            1.00076388e+00     9.962102583314550e+03     9.962229101052279e+03     9.962355946093132e+03     9.962482543009792e+03     9.962609198042199e+03     9.963115812769847e+03
   20000           -1.17162908e+05            1.73913760e+00            9.98262374e-01            1.00174065e+00     1.011415827436584e+04     1.011440959351922e+04     1.011466122999018e+04     1.011491261892278e+04     1.011516406926504e+04     1.011616986416423e+04
   20200           -1.17240400e+05            3.47129684e-01            9.99652931e-01            1.00034719e+00     1.008153280379613e+04     1.008161297953128e+04     1.008169349440701e+04     1.008177375637152e+04     1.008185407631512e+04     1.008217534883412e+04
   20400           -1.17250982e+05            4.54795363e-01            9.99545308e-01            1.00045490e+00     9.912249423357789e+03     9.912335122604403e+03     9.912421132567348e+03     9.912506897507710e+03     9.912592724519374e+03     9.912936025680960e+03
   20600           -1.17155245e+05            1.21199023e+00            9.98788744e-01            1.00121272e+00     1.006534807075768e+04     1.006553273724370e+04     1.006571780157076e+04     1.006590258667339e+04     1.006608742750442e+04     1.006682678425116e+04
   20800           -1.17315909e+05            2.42046925e+00            9.97582458e-01            1.00242340e+00     1.000134752211825e+04     1.000168530657600e+04     1.000202344200285e+04     1.000236130795912e+04     1.000269923871566e+04     1.000405095531308e+04
   21000           -1.17213149e+05            2.25056217e+00            9.97751968e-01            1.00225310e+00     1.007944342721360e+04     1.007976149017804e+04     1.008007992507731e+04     1.008039808624971e+04     1.008071630792971e+04     1.008198918864582e+04
   21200           -1.17100418e+05            4.84988530e-01            9.99515129e-01            1.00048511e+00     9.966049093223750e+03     9.966146223217222e+03     9.966243692004789e+03     9.966340891423617e+03     9.966438159907591e+03     9.966827226591433e+03
   21400           -1.16989285e+05            1.74945334e+00            9.98252076e-01            1.00175098e+00     9.980505292891938e+03     9.980753084709362e+03     9.981001206879633e+03     9.981249081686085e+03     9.981497013204025e+03     9.982488733516113e+03
   21600           -1.17256559e+05            1.07457439e+00            9.98926003e-01            1.00107515e+00     1.003940898002554e+04     1.003957413000670e+04     1.003973964452389e+04     1.003990489800909e+04     1.004007020593503e+04     1.004073143184452e+04
   21800           -1.17031556e+05            3.56722236e-01            9.99643341e-01            1.00035679e+00     9.975437505194943e+03     9.975515358425131e+03     9.975593540652066e+03     9.975671464062529e+03     9.975749452411692e+03     9.976061399628443e+03
   22000           -1.17111025e+05            7.01770730e-01            9.99298475e-01            1.00070202e+00     9.963766494426030e+03     9.963888224386141e+03     9.964010228152267e+03     9.964132007283613e+03     9.964253847321217e+03     9.964741200216404e+03
   22200           -1.17129433e+05            1.85959776e+00            9.98142130e-01            1.00186133e+00     1.004369781154936e+04     1.004396340915430e+04     1.004422931456623e+04     1.004449497995283e+04     1.004476070512865e+04     1.004582359870795e+04
   22400           -1.17123290e+05            1.79516852e+00            9.98206442e-01            1.00179678e+00     1.008786785604690e+04     1.008812117009739e+04     1.008837477957976e+04     1.008862816667071e+04     1.008888160595159e+04     1.008989535585628e+04
   22600           -1.17196897e+05            3.27840407e-01            9.99672213e-01            1.00032789e+00     9.955279829278517e+03     9.955356797660528e+03     9.955434058959359e+03     9.955511092543022e+03     9.955588181956637e+03     9.955896534634758e+03
   22800           -1.17231901e+05            5.05661906e-01            9.99494466e-01            1.00050579e+00     1.001519394968120e+04     1.001529269414307e+04     1.001539181297715e+04     1.001549065749510e+04     1.001558956263581e+04     1.001598517559043e+04
   23000           -1.17183348e+05            7.89635890e-01            9.99210676e-01            1.00078995e+00     9.929068972572055e+03     9.929198181121048e+03     9.929327719694318e+03     9.929457011641378e+03     9.929586360144966e+03     9.930103747717876e+03
   23200           -1.16924207e+05            2.81174935e-01            9.99718865e-01            1.00028121e+00     1.002902028995294e+04     1.002909477264533e+04     1.002916956464121e+04     1.002924411476538e+04     1.002931872532180e+04     1.002961716069066e+04
   23400           -1.17025718e+05            1.88642938e+00            9.98115349e-01            1.00188821e+00     9.930246253303116e+03     9.930517633866446e+03     9.930789331768277e+03     9.931060783907134e+03     9.931332296273549e+03     9.932418339243983e+03
   23600           -1.17005286e+05            8.98150437e-01            9.99102253e-01            1.00089855e+00     9.992847877871351e+03     9.992992877365059e+03     9.993138227308125e+03     9.993283324366847e+03     9.993428475736629e+03     9.994009073601908e+03
   23800           -1.17014301e+05            1.34185812e+00            9.98659042e-01            1.00134276e+00     9.998115028622746e+03     9.998316985628864e+03     9.998519320973923e+03     9.998721388940985e+03     9.998923511313200e+03     9.999731994003652e+03
   24000           -1.16796225e+05            2.08489663e+00            9.97917275e-01            1.00208707e+00     1.005287441068625e+04     1.005316903276253e+04     1.005346399706498e+04     1.005375871416663e+04     1.005405348406036e+04     1.005523255743448e+04
   24200           -1.17189651e+05            2.18148713e+00            9.97820891e-01            1.00218387e+00     9.967622920999180e+03     9.967922640926792e+03     9.968222719416442e+03     9.968522545562395e+03     9.968822422942801e+03     9.970021924886423e+03
   24400           -1.17145636e+05            1.91973477e+00            9.98082107e-01            1.00192158e+00     9.912937151155071e+03     9.913210443727488e+03     9.913484052799064e+03     9.913757398569702e+03     9.914030816563300e+03     9.915124481971528e+03
   24600           -1.17274995e+05            2.02928473e+00            9.97972773e-01            1.00203135e+00     9.935834563311142e+03     9.936123721822358e+03     9.936413186363307e+03     9.936702407389743e+03     9.936991690939243e+03     9.938148818567342e+03
   24800           -1.17295763e+05            3.75098238e-01            9.99624972e-01            1.00037517e+00     9.862842078266220e+03     9.862924529540804e+03     9.863007331267732e+03     9.863089869410149e+03     9.863172469007028e+03     9.863502859747838e+03
   25000           -1.17087443e+05            2.53647859e+00            9.97466736e-01            1.00253970e+00     1.001555390152093e+04     1.001591199060636e+04     1.001627043940980e+04     1.001662862949637e+04     1.001698687436678e+04     1.001841984721263e+04
   25200           -1.16975733e+05            5.33119182e-02            9.99946690e-01            1.00005331e+00     1.004801983788763e+04     1.004806491228909e+04     1.004811024799599e+04     1.004815536756836e+04     1.004820054654601e+04     1.004838125520440e+04
   25400           -1.16860094e+05            1.06448787e+00            9.98936078e-01            1.00106505e+00     1.009663181638104e+04     1.009680739096680e+04     1.009698327157632e+04     1.009715890687395e+04     1.009733460598941e+04     1.009803739559777e+04
   25600           -1.16905883e+05            6.69486479e-02            9.99933054e-01            1.00006695e+00     1.002948489404919e+04     1.002953320555382e+04     1.002958186455367e+04     1.002963027140042e+04     1.002967873318963e+04     1.002987257233007e+04
   25800           -1.17126322e+05            9.06288602e-01            9.99094122e-01            1.00090670e+00     9.922432119066605e+03     9.922580184442895e+03     9.922728549650899e+03     9.922876661196433e+03     9.923024844087895e+03     9.923617569109183e+03
   26000           -1.17042730e+05            8.58423198e-01            9.99141945e-01            1.00085879e+00     1.010886783041394e+04     1.010901161976301e+04     1.010915574508048e+04     1.010929962584321e+04     1.010944355981406e+04     1.011001928921417e+04
   26200           -1.17061942e+05            1.64433108e+00            9.98357020e-01            1.00164568e+00     1.007046102459759e+04     1.007069341976871e+04     1.007092618545882e+04     1.007115868514569e+04     1.007139124065206e+04     1.007232145670655e+04
   26400           -1.17087807e+05            9.35741041e-01            9.99064697e-01            1.00093618e+00     1.003941635605964e+04     1.003957566405064e+04     1.003973535362745e+04     1.003989478962759e+04     1.004005427014013e+04     1.004069218422062e+04
   26600           -1.17011033e+05            3.23079135e-01            9.99676973e-01            1.00032313e+00     9.932090080073522e+03     9.932162308051586e+03     9.932234880887350e+03     9.932307197329234e+03     9.932379572293472e+03     9.932669064513422e+03
   26800           -1.17060987e+05            1.42903953e+00            9.98571981e-01            1.00143006e+00     9.905424198261009e+03     9.905645059011729e+03     9.905866246079862e+03     9.906087180539200e+03     9.906308177178840e+03     9.907192156096673e+03
   27000           -1.17077612e+05            3.45407781e+00            9.96551881e-01            1.00346005e+00     1.005983706454508e+04     1.006030314455771e+04     1.006076953676225e+04     1.006123569310607e+04     1.006170190419558e+04     1.006356674384607e+04
   27200           -1.17113062e+05            9.32639792e-01            9.99067795e-01            1.00093307e+00     1.004473740448207e+04     1.004489137885098e+04     1.004504567893094e+04     1.004519971594696e+04     1.004535382232235e+04     1.004597024016264e+04
   27400           -1.17335140e+05            1.22160911e+00            9.98779137e-01            1.00122236e+00     1.002497692938646e+04     1.002516840918745e+04     1.002536016238225e+04     1.002555169929312e+04     1.002574329128719e+04     1.002650965318793e+04
   27600           -1.17047392e+05            1.30995251e+00            9.98690905e-01            1.00131081e+00     1.005380882872122e+04     1.005400915826065e+04     1.005420984806470e+04     1.005441026027841e+04     1.005461073987539e+04     1.005541265102956e+04
   27800           -1.17235978e+05            4.04943746e-01            9.99595138e-01            1.00040503e+00     9.975902801831153e+03     9.975985628498194e+03     9.976068725966334e+03     9.976151603174289e+03     9.976234538985247e+03     9.976566276139343e+03
   28000           -1.16957952e+05            1.96189268e+00            9.98040031e-01            1.00196382e+00     1.008343757624190e+04     1.008372251719825e+04     1.008400775977553e+04     1.008429276800847e+04     1.008457783347132e+04     1.008571809070075e+04
   28200           -1.17023860e+05            7.84586886e-01            9.99215721e-01            1.00078489e+00     1.012164532178699e+04     1.012177793460665e+04     1.012191089024986e+04     1.012204359572605e+04     1.012217635560161e+04     1.012270738941622e+04
   28400           -1.16863069e+05            2.28758590e+00            9.97715029e-01            1.00229020e+00     1.007597416032273e+04     1.007630464423803e+04     1.007663543454152e+04     1.007696596792037e+04     1.007729657260106e+04     1.007861898487939e+04
   28600           -1.16901183e+05            1.26591863e+00            9.98734882e-01            1.00126672e+00     1.000546761703277e+04     1.000566043803549e+04     1.000585356016926e+04     1.000604644235164e+04     1.000623938678899e+04     1.000701115654522e+04
   28800           -1.17106333e+05            2.07880848e+00            9.97923351e-01            1.00208097e+00     9.981281662907313e+03     9.981575275407837e+03     9.981869213380451e+03     9.982162895350997e+03     9.982456641530111e+03     9.983631620152908e+03
   29000           -1.17180728e+05            2.52786185e+00            9.97475330e-01            1.00253106e+00     1.000100635682290e+04     1.000135645806692e+04     1.000170688765354e+04     1.000205706595088e+04     1.000240730444067e+04     1.000380825205843e+04
   29200           -1.17031581e+05            6.00418674e-01            9.99399762e-01            1.00060060e+00     1.000885452271474e+04     1.000896153224811e+04     1.000906886033868e+04     1.000917594537212e+04     1.000928308790973e+04     1.000971165310472e+04
   29400           -1.17116624e+05            8.97351976e-01            9.99103051e-01            1.00089775e+00     9.899135364249563e+03     9.899278537334221e+03     9.899421983272043e+03     9.899565204970813e+03     9.899708487115939e+03     9.900281609982314e+03
   29600           -1.17369261e+05            1.57588985e+00            9.98425351e-01            1.00157713e+00     9.928777242878472e+03     9.929008880270629e+03     9.929240863897490e+03     9.929472587240471e+03     9.929704371267269e+03     9.930631499656067e+03
   29800           -1.17541333e+05            1.29982828e+00            9.98701016e-01            1.00130067e+00     1.003030941548603e+04     1.003050817425052e+04     1.003070724622548e+04     1.003090607499097e+04     1.003110496384139e+04     1.003190051219676e+04
   30000           -1.17498136e+05            2.53796406e-01            9.99746236e-01            1.00025383e+00     9.964393994134016e+03     9.964464774379408e+03     9.964535849886412e+03     9.964606680730029e+03     9.964677578679510e+03     9.964961163225003e+03
   30200           -1.17591513e+05            1.40806340e+00            9.98592927e-01            1.00140906e+00     1.001410856310004e+04     1.001432171098146e+04     1.001453520728108e+04     1.001474845809281e+04     1.001496175859043e+04     1.001581495408082e+04
   30400           -1.17363149e+05            1.56044150e+00            9.98440775e-01            1.00156166e+00     9.905194294258450e+03     9.905419508168678e+03     9.905645105179119e+03     9.905870441088924e+03     9.906095825569902e+03     9.906997356881355e+03
   30600           -1.17260432e+05            3.64532211e-01            9.99635534e-01            1.00036460e+00     9.995986139051460e+03     9.996065911810481e+03     9.996146075824219e+03     9.996225942083696e+03     9.996305878217981e+03     9.996625617384501e+03
   30800           -1.17138803e+05            2.19581743e+00            9.97806592e-01            1.00219823e+00     1.002291809839409e+04     1.002322354614947e+04     1.002352935049249e+04     1.002383488952153e+04     1.002414048937179e+04     1.002536288034948e+04
   31000           -1.17193290e+05            1.77016055e+00            9.98231405e-01            1.00177173e+00     9.956372775194794e+03     9.956625796756727e+03     9.956879153839011e+03     9.957132267081388e+03     9.957385433052094e+03     9.958398090909393e+03
   31200           -1.17084815e+05            1.15362171e+00            9.98847043e-01            1.00115429e+00     1.011636302076783e+04     1.011654963680015e+04     1.011673657216927e+04     1.011692324987877e+04     1.011710999510596e+04     1.011785696944410e+04
   31400           -1.17088030e+05            3.65323703e+00            9.96353428e-01            1.00365992e+00     1.000062342300929e+04     1.000111249728728e+04     1.000160193305456e+04     1.000209111322867e+04     1.000258034555649e+04     1.000453726810368e+04
   31600           -1.17042859e+05            2.09103604e+00            9.97911149e-01            1.00209322e+00     1.005871820246655e+04     1.005901907203787e+04     1.005932036287425e+04     1.005962136030395e+04     1.005992241510488e+04     1.006112662774322e+04
   31800           -1.17007559e+05            1.47658883e+00            9.98524501e-01            1.00147768e+00     1.004177299368676e+04     1.004198665011833e+04     1.004220071184050e+04     1.004241448994251e+04     1.004262832435015e+04     1.004348365501355e+04
   32000           -1.16908844e+05            5.71205755e-01            9.99428957e-01            1.00057137e+00     9.996866410006796e+03     9.996970109658032e+03     9.997074101536087e+03     9.997177862980858e+03     9.997281682701834e+03     9.997696955396872e+03
   32200           -1.16886821e+05            2.00647098e-01            9.99799373e-01            1.00020067e+00     1.003730403188929e+04     1.003736988727378e+04     1.003743604387596e+04     1.003750196948239e+04     1.003756795072036e+04     1.003783186955144e+04
   32400           -1.16908977e+05            5.83209187e-02            9.99941681e-01            1.00005832e+00     9.952450333447954e+03     9.952488111761577e+03     9.952526209857064e+03     9.952564087478517e+03     9.952602007146612e+03     9.952753680845270e+03
   32600           -1.17093018e+05            1.67658990e+00            9.98324815e-01            1.00167800e+00     1.003112897225768e+04     1.003137275035052e+04     1.003161690753503e+04     1.003186078361358e+04     1.003210472223330e+04     1.003308047220893e+04
   32800           -1.17375286e+05            2.39216071e+00            9.97610698e-01            1.00239502e+00     9.991877075225313e+03     9.992218956307173e+03     9.992561159034785e+03     9.992903102036336e+03     9.993245112957706e+03     9.994613150690100e+03
   33000           -1.17146907e+05            3.46060909e+00            9.96545372e-01            1.00346660e+00     9.898785427135650e+03     9.899253754108200e+03     9.899722368970455e+03     9.900190752391823e+03     9.900659196821478e+03     9.902532966507306e+03
   33200           -1.17055942e+05            3.84856678e+00            9.96158829e-01            1.00385598e+00     9.907498587460104e+03     9.908007674228797e+03     9.908517045090721e+03     9.909026193538277e+03     9.909535397853868e+03     9.911572208247630e+03
   33400           -1.17111311e+05            3.29367696e+00            9.96711741e-01            1.00329911e+00     1.000112826542885e+04     1.000157034646254e+04     1.000201272018903e+04     1.000245488328690e+04     1.000289709113409e+04     1.000466591683932e+04
   33600           -1.17000914e+05            1.63247495e+00            9.98368857e-01            1.00163381e+00     1.006043479962914e+04     1.006067275923504e+04     1.006091106121943e+04     1.006114910661429e+04     1.006138721113190e+04     1.006233962263466e+04
   33800           -1.17060523e+05            4.84388331e-01            9.99515729e-01            1.00048451e+00     9.966242816718877e+03     9.966336274642143e+03     9.966430087247340e+03     9.966523628899871e+03     9.966617235261156e+03     9.966991653803434e+03
   34000           -1.16914811e+05            2.49725171e-01            9.99750306e-01            1.00024976e+00     1.007795653393898e+04     1.007802246281593e+04     1.007808878456058e+04     1.007815483073203e+04     1.007822093183210e+04     1.007848532972522e+04
   34200           -1.17388595e+05            8.33452234e-01            9.99166895e-01            1.00083380e+00     1.011412956596188e+04     1.011426892001366e+04     1.011440864100898e+04     1.011454808193671e+04     1.011468758929991e+04     1.011524561263794e+04
   34400           -1.16957082e+05            1.30972966e+00            9.98691128e-01            1.00131059e+00     9.976174230251485e+03     9.976367782955633e+03     9.976561598784296e+03     9.976755199662588e+03     9.976948858423166e+03     9.977723486594845e+03
   34600           -1.17434760e+05            1.03643953e+00            9.98964097e-01            1.00103698e+00     1.005110454205564e+04     1.005126242741553e+04     1.005142060474536e+04     1.005157856312088e+04     1.005173657243664e+04     1.005236860281764e+04
   34800           -1.17354038e+05            7.93081910e-01            9.99207232e-01            1.00079340e+00     9.968311489537398e+03     9.968445130603823e+03     9.968579092841061e+03     9.968712814614635e+03     9.968846591946340e+03     9.969381694355281e+03
   35000           -1.17471583e+05            2.85875655e+00            9.97145326e-01            1.00286285e+00     1.007946832459351e+04     1.007986080769943e+04     1.008025359872585e+04     1.008064614381045e+04     1.008103875175341e+04     1.008260917891330e+04
   35200           -1.17342942e+05            1.48074454e+00            9.98520351e-01            1.00148184e+00     9.954068927746494e+03     9.954288678232120e+03     9.954508768174956e+03     9.954728605600112e+03     9.954948500390512e+03     9.955828073034530e+03
   35400           -1.17124761e+05            3.80005332e+00            9.96207158e-01            1.00380728e+00     1.002937700627143e+04     1.002988874751329e+04     1.003040084974263e+04     1.003091269677569e+04     1.003142459607670e+04     1.003347218588197e+04
   35600           -1.17239165e+05            3.91056080e+00            9.96097075e-01            1.00391822e+00     1.010518673412492e+04     1.010571663512598e+04     1.010624686119889e+04     1.010677683647909e+04     1.010730687278363e+04     1.010942701144235e+04
   35800           -1.17165356e+05            1.98189799e+00            9.98020065e-01            1.00198386e+00     1.003281934934358e+04     1.003309765995578e+04     1.003337633007093e+04     1.003365473481720e+04     1.003393319906071e+04     1.003504704877783e+04
   36000           -1.17085078e+05            5.04747400e+00            9.94965243e-01            1.00506023e+00     9.932026994186755e+03     9.932690989560046e+03     9.933355340621883e+03     9.934019422232748e+03     9.934683567601051e+03     9.937340141015346e+03
   36200           -1.17372006e+05            5.23782006e+00            9.94775873e-01            1.00525156e+00     9.961519855673221e+03     9.962207533133043e+03     9.962895581449380e+03     9.963583361287150e+03     9.964271198331597e+03     9.967022540989972e+03
   36400           -1.17189197e+05            2.98869678e+00            9.97015765e-01            1.00299317e+00     1.006241730840676e+04     1.006282615761217e+04     1.006323542393371e+04     1.006364438958120e+04     1.006405341859483e+04     1.006568952878290e+04
   36600           -1.17267754e+05            4.50390169e+00            9.95506226e-01            1.00451406e+00     1.001528828427433e+04     1.001588180809338e+04     1.001647560953881e+04     1.001706918656671e+04     1.001766282288650e+04     1.002003736149866e+04
   36800           -1.17331766e+05            5.36896087e-01            9.99463248e-01            1.00053704e+00     1.005348230137566e+04     1.005357880412389e+04     1.005367559396430e+04     1.005377215961338e+04     1.005386878118365e+04     1.005425526099164e+04
   37000           -1.17112749e+05            1.02167599e+00            9.98978846e-01            1.00102220e+00     9.940385287462945e+03     9.940546601691105e+03     9.940708275541689e+03     9.940869688059582e+03     9.941031157486475e+03     9.941677027510006e+03
   37200           -1.17273919e+05            4.91302088e+00            9.95099028e-01            1.00492511e+00     9.966339098726532e+03     9.966987330111600e+03     9.967635858371257e+03     9.968284154785197e+03     9.968932509145936e+03     9.971525919565340e+03
   37400           -1.17261632e+05            3.91182114e+00            9.96095820e-01            1.00391948e+00     9.949802110238834e+03     9.950327319145488e+03     9.950852891969867e+03     9.951378181516278e+03     9.951903540994623e+03     9.954004971750412e+03
   37600           -1.17136919e+05            4.66272552e+00            9.95348128e-01            1.00467361e+00     1.002934685254600e+04     1.002996925148224e+04     1.003059195085356e+04     1.003121441351139e+04     1.003183693603759e+04     1.003432701952917e+04
   37800           -1.17285664e+05            2.34936156e+00            9.97653396e-01            1.00235212e+00     1.010695566971059e+04     1.010728036721734e+04     1.010760537237874e+04     1.010793015630508e+04     1.010825498738452e+04     1.010955430505846e+04
   38000           -1.17138821e+05            2.79095239e+00            9.97212939e-01            1.00279485e+00     1.006612500305811e+04     1.006650824421289e+04     1.006689181528739e+04     1.006727513782326e+04     1.006765851808507e+04     1.006919203311203e+04
   38200           -1.17389828e+05            4.21422693e+00            9.95794640e-01            1.00422312e+00     1.004624326531259e+04     1.004680658484328e+04     1.004737025916045e+04     1.004793366867291e+04     1.004849713892893e+04     1.005075101254528e+04
   38400           -1.17428361e+05            1.96813372e+00            9.98033802e-01            1.00197007e+00     9.925554408597589e+03     9.925839197401476e+03     9.926124302008546e+03     9.926409168333952e+03     9.926694090540086e+03     9.927833772482583e+03
   38600           -1.17380967e+05            2.50114709e+00            9.97501978e-01            1.00250428e+00     9.931805932348052e+03     9.932150524400588e+03     9.932495507725760e+03     9.932840200835572e+03     9.933184959071428e+03     9.934563985794803e+03
   38800           -1.17402908e+05            1.82593617e+00            9.98175730e-01            1.00182760e+00     1.000510919836682e+04     1.000536826424569e+04     1.000562763522833e+04     1.000588676838361e+04     1.000614596045982e+04     1.000718272255282e+04
   39000           -1.17306049e+05            1.08147025e+00            9.98919114e-01            1.00108206e+00     1.004888323837251e+04     1.004905418963921e+04     1.004922548589206e+04     1.004939653223887e+04     1.004956763175814e+04     1.005025202514378e+04
   39200           -1.17249193e+05            2.54708887e-02            9.99974529e-01            1.00002547e+00     9.972752967767297e+03     9.972792345562882e+03     9.972832140062392e+03     9.972871640552752e+03     9.972911200189796e+03     9.973069432612294e+03
   39400           -1.17411761e+05            6.86792343e-01            9.99313443e-01            1.00068703e+00     1.000688765800399e+04     1.000700621618483e+04     1.000712511129887e+04     1.000724375719435e+04     1.000736245859122e+04     1.000783725917845e+04
   39600           -1.17386998e+05            1.07927275e+00            9.98921309e-01            1.00107986e+00     9.945731937230405e+03     9.945905285159530e+03     9.946078975831562e+03     9.946252413449736e+03     9.946425907557987e+03     9.947119877885571e+03
   39800           -1.17122213e+05            3.56837512e-01            9.99643226e-01            1.00035690e+00     9.934543675184425e+03     9.934616793155652e+03     9.934690214925329e+03     9.934763410406873e+03     9.934836658150403e+03     9.935129641116382e+03
   40000           -1.17244523e+05            1.74994213e+00            9.98251588e-01            1.00175147e+00     9.933063767965838e+03     9.933308816675881e+03     9.933554162831029e+03     9.933799271355745e+03     9.934044441239204e+03     9.935025114512571e+03
   40200           -1.17389472e+05            6.96427460e-01            9.99303815e-01            1.00069667e+00     9.973165665641171e+03     9.973283779687301e+03     9.973402304968165e+03     9.973520538562110e+03     9.973638831709290e+03     9.974111997777409e+03
   40400           -1.17006059e+05            6.94193653e-01            9.99306047e-01            1.00069443e+00     9.955609585133992e+03     9.955737023037676e+03     9.955864819156906e+03     9.955992349457350e+03     9.956119939984605e+03     9.956630294835215e+03
   40600           -1.17019740e+05            7.00443838e-01            9.99299801e-01            1.00070069e+00     1.011239072233064e+04     1.011251456557502e+04     1.011263874017289e+04     1.011276267261195e+04     1.011288665858401e+04     1.011338259483739e+04
   40800           -1.17136125e+05            1.59451937e+00            9.98406751e-01            1.00159579e+00     9.983921468410379e+03     9.984152322544491e+03     9.984383488308951e+03     9.984614413911433e+03     9.984845398166577e+03     9.985769327922773e+03
   41000           -1.17057635e+05            1.90169067e+00            9.98100116e-01            1.00190350e+00     9.995430093988674e+03     9.995704339724405e+03     9.995978857160319e+03     9.996253148803487e+03     9.996527502823525e+03     9.997624911658375e+03
   41200           -1.16608290e+05            4.39098931e-01            9.99560997e-01            1.00043920e+00     9.923382324258817e+03     9.923469101841867e+03     9.923556164990736e+03     9.923643010197471e+03     9.923729907546056e+03     9.924077490833295e+03
   41400           -1.17098412e+05            2.49469424e+00            9.97508415e-01            1.00249781e+00     9.998754018646721e+03     9.999094179062438e+03     9.999434659080798e+03     9.999774908834217e+03     1.000011520763486e+04     1.000147639662301e+04
   41600           -1.16833591e+05            2.43014544e+00            9.97572805e-01            1.00243310e+00     1.008438426141794e+04     1.008472000953214e+04     1.008505603170922e+04     1.008539182507753e+04     1.008572768192324e+04     1.008707110242855e+04
   41800           -1.17400125e+05            5.32063370e+00            9.94693496e-01            1.00533481e+00     1.005738132449858e+04     1.005808726335198e+04     1.005879352672463e+04     1.005949953099176e+04     1.006020560230203e+04     1.006302988010549e+04
   42000           -1.17057860e+05            3.38879189e+00            9.96616944e-01            1.00339454e+00     1.010601429996108e+04     1.010647127656885e+04     1.010692855732155e+04     1.010738559539802e+04     1.010784269661203e+04     1.010967109326297e+04
   42200           -1.17305870e+05            2.02249454e+00            9.97979549e-01            1.00202454e+00     9.922004924383900e+03     9.922294964550425e+03     9.922585367747535e+03     9.922875498401383e+03     9.923165691834429e+03     9.924326459284957e+03
   42400           -1.17230438e+05            3.91409516e+00            9.96093555e-01            1.00392177e+00     1.000729289923705e+04     1.000782337263625e+04     1.000835414944558e+04     1.000888470131541e+04     1.000941530408217e+04     1.001153770892729e+04
   42600           -1.17255305e+05            3.90027498e+00            9.96107321e-01            1.00390789e+00     9.966342181169202e+03     9.966866280687460e+03     9.967390756842071e+03     9.967914933591173e+03     9.968439186391073e+03     9.970536191612942e+03
   42800           -1.17167483e+05            1.13555738e+00            9.98865087e-01            1.00113620e+00     1.004561153420618e+04     1.004579030246645e+04     1.004596938667925e+04     1.004614822940758e+04     1.004632713034201e+04     1.004704272647784e+04
   43000           -1.17198052e+05            5.55841952e-01            9.99444312e-01            1.00055600e+00     9.916676569900957e+03     9.916773648596778e+03     9.916871116611741e+03     9.916968309111753e+03     9.917065557558955e+03     9.917454545216951e+03
   43200           -1.17217526e+05            1.23008106e+00            9.98770675e-01            1.00123084e+00     1.003165363477050e+04     1.003184534044587e+04     1.003203735545460e+04     1.003222913683503e+04     1.003242097300369e+04     1.003318831123688e+04
   43400           -1.17119350e+05            1.79747290e+00            9.98204142e-01            1.00179909e+00     9.958008386155760e+03     9.958271214599563e+03     9.958534321004292e+03     9.958797206633770e+03     9.959060148966146e+03     9.960111911776530e+03
   43600           -1.17296712e+05            9.62807522e-01            9.99037656e-01            1.00096327e+00     1.000200033865574e+04     1.000215032521867e+04     1.000230063749863e+04     1.000245071038292e+04     1.000260083634884e+04     1.000320133404194e+04
   43800           -1.17120253e+05            6.39765724e-01            9.99360439e-01            1.00063997e+00     1.001464227279934e+04     1.001475252174192e+04     1.001486310056541e+04     1.001497341683078e+04     1.001508379996231e+04     1.001552532712528e+04
   44000           -1.17348162e+05            4.25527512e-01            9.99574563e-01            1.00042562e+00     1.001207007985152e+04     1.001216231957648e+04     1.001225493736558e+04     1.001234726744919e+04     1.001243966549490e+04     1.001280925113827e+04
   44200           -1.17243804e+05            1.09113043e-01            9.99890893e-01            1.00010912e+00     9.976536560237795e+03     9.976585154488756e+03     9.976634107020978e+03     9.976682795889536e+03     9.976731543404774e+03     9.976926526571755e+03
   44400           -1.17096512e+05            1.08911058e+00            9.98911482e-01            1.00108970e+00     9.913498655230555e+03     9.913664747180484e+03     9.913831126589988e+03     9.913997268056855e+03     9.914163474753743e+03     9.914828294276931e+03
   44600           -1.16900157e+05            4.41159728e-01            9.99558938e-01            1.00044126e+00     9.932758012645092e+03     9.932841728763964e+03     9.932925802160467e+03     9.933009598394157e+03     9.933093462757079e+03     9.933428912869067e+03
   44800           -1.17153552e+05            1.55243390e+00            9.98448771e-01            1.00155364e+00     1.002511270470165e+04     1.002533524095277e+04     1.002555809288758e+04     1.002578071421880e+04     1.002600338620650e+04     1.002689406771135e+04
   45000           -1.17360894e+05            3.68619361e-01            9.99631449e-01            1.00036869e+00     9.999368525928665e+03     9.999447382551574e+03     9.999526554950786e+03     9.999605483396403e+03     9.999684471530412e+03     1.000000041713216e+04
   45200           -1.17032655e+05            3.09048429e+00            9.96914286e-01            1.00309526e+00     9.980637140996580e+03     9.981055839246990e+03     9.981474882665749e+03     9.981893660500946e+03     9.982312502023387e+03     9.983987863050197e+03
   45400           -1.16942228e+05            1.62402958e+00            9.98377288e-01            1.00162535e+00     9.944919225510128e+03     9.945158045945327e+03     9.945397192303657e+03     9.945636086145789e+03     9.945875041600693e+03     9.946830857691259e+03
   45600           -1.16914429e+05            1.99537635e+00            9.98006613e-01            1.00199737e+00     1.005769644949887e+04     1.005798102523059e+04     1.005826594759728e+04     1.005855059851394e+04     1.005883531701588e+04     1.005997418453289e+04
   45800           -1.17028489e+05            2.87906356e+00            9.97125077e-01            1.00288321e+00     1.002441612764115e+04     1.002481018512371e+04     1.002520456320060e+04     1.002559869671119e+04     1.002599288844431e+04     1.002756964924748e+04
   46000           -1.17033932e+05            3.35403464e+00            9.96651584e-01            1.00335967e+00     9.947329940422611e+03     9.947784520534487e+03     9.948239454686089e+03     9.948694112291108e+03     9.949148838250552e+03     9.950967736078494e+03
   46200           -1.16969822e+05            2.38767352e+00            9.97615175e-01            1.00239053e+00     9.984574013187192e+03     9.984906929363291e+03     9.985240113819464e+03     9.985573076555373e+03     9.985906100085618e+03     9.987238186984046e+03
   46400           -1.17036998e+05           -3.61209545e-02            1.00003612e+00            9.99963880e-01     1.003280025182409e+04     1.003283403160679e+04     1.003286811879922e+04     1.003290197476974e+04     1.003293588432399e+04     1.003307151682389e+04
   46600           -1.16761177e+05            1.41811202e+00            9.98582893e-01            1.00141912e+00     1.002525337367653e+04     1.002546604748148e+04     1.002567907398798e+04     1.002589184109400e+04     1.002610466545328e+04     1.002695595723003e+04
   46800           -1.16720734e+05            1.62462027e+00            9.98376699e-01            1.00162594e+00     9.954126779608729e+03     9.954355284033854e+03     9.954584100253616e+03     9.954812695008315e+03     9.955041335888587e+03     9.955955892168444e+03
   47000           -1.16730554e+05            1.15959393e+00            9.98841078e-01            1.00116027e+00     1.002161974407635e+04     1.002180058291686e+04     1.002198174246819e+04     1.002216267273543e+04     1.002234365111870e+04     1.002306755816105e+04
   47200           -1.16774186e+05            1.58395139e+00            9.98417302e-01            1.00158521e+00     9.984078853396903e+03     9.984309959243670e+03     9.984541344449279e+03     9.984772512011685e+03     9.985003733836242e+03     9.985928614275583e+03
   47400           -1.16861681e+05            3.24973246e+00            9.96755542e-01            1.00325502e+00     9.947425930023875e+03     9.947866911011824e+03     9.948308240325374e+03     9.948749316271438e+03     9.949190447061732e+03     9.950954964099588e+03
   47600           -1.16969499e+05            1.80946447e+00            9.98192172e-01            1.00181110e+00     9.985687718161809e+03     9.985947750742223e+03     9.986208061250709e+03     9.986468145577852e+03     9.986728290487254e+03     9.987768862812700e+03
   47800           -1.17265425e+05            1.51881465e+00            9.98482338e-01            1.00151997e+00     1.000227658004205e+04     1.000249726045999e+04     1.000271823644721e+04     1.000293898697340e+04     1.000315979084046e+04     1.000404300163886e+04
   48000           -1.17056242e+05            2.56317039e+00            9.97440112e-01            1.00256646e+00     9.978677291839580e+03     9.979029054027616e+03     9.979381166267738e+03     9.979733005626320e+03     9.980084912494009e+03     9.981492533148436e+03
   48200           -1.17134020e+05            2.33565125e+00            9.97667074e-01            1.00233838e+00     9.935997738937804e+03     9.936325884338363e+03     9.936654400583491e+03     9.936982647621366e+03     9.937310952439140e+03     9.938624165940475e+03
   48400           -1.17119610e+05            2.07474794e+00            9.97927403e-01            1.00207690e+00     9.981993220095874e+03     9.982285724609599e+03     9.982578587559910e+03     9.982871174548249e+03     9.983163827909326e+03     9.984334435722780e+03
   48600           -1.17287706e+05            7.41329391e-01            9.99258945e-01            1.00074160e+00     9.984656250512766e+03     9.984782636535072e+03     9.984909375695030e+03     9.985035870108728e+03     9.985162412271033e+03     9.985668574029300e+03
   48800           -1.17127336e+05            1.70830984e+00            9.98293148e-01            1.00170977e+00     9.969517633474099e+03     9.969769047145186e+03     9.970020791993531e+03     9.970272280980053e+03     9.970523832048684e+03     9.971530030623269e+03
   49000           -1.16842560e+05            1.23875783e+00            9.98762009e-01            1.00123953e+00     9.968645394380988e+03     9.968840139078548e+03     9.969035233392091e+03     9.969230060858756e+03     9.969424951848017e+03     9.970204509315046e+03
   49200           -1.16875317e+05            1.37692970e+00            9.98624018e-01            1.00137788e+00     9.977563504612657e+03     9.977769178978684e+03     9.977975202473815e+03     9.978180966472137e+03     9.978386789385977e+03     9.979210074159297e+03
   49400           -1.17096248e+05            2.13059935e-01            9.99786963e-01            1.00021308e+00     1.004067046491386e+04     1.004073449889635e+04     1.004079883114836e+04     1.004086291843587e+04     1.004092707202459e+04     1.004118367913532e+04
   49600           -1.17108077e+05            4.68910462e-01            9.99531199e-01            1.00046902e+00     9.973079625562412e+03     9.973175940925996e+03     9.973272522905896e+03     9.973368880825241e+03     9.973465301151857e+03     9.973850976741303e+03
   49800           -1.17167715e+05            8.80493368e-01            9.99119894e-01            1.00088088e+00     9.904234600366790e+03     9.904375207336250e+03     9.904516119956097e+03     9.904656800446555e+03     9.904797535836888e+03     9.905360471306985e+03
   50000           -1.16985687e+05            1.59018188e+00            9.98411082e-01            1.00159145e+00     1.009711147671889e+04     1.009733796473054e+04     1.009756478834318e+04     1.009779135495456e+04     1.009801798318785e+04     1.009892448965681e+04
