#This file was generated on Sun Feb 23 13:08:01 2025
#Using the somd command, of the molecular library Sire version <2024.4.0.dev> 
#For more information visit: https://github.com/openbiosim/sire
#
#General information on simulation parameters:
#Simulation used 50000 moves, 1 cycles and 200 ps of simulation time
#Generating lambda is		 1.00000
#Alchemical array is		 (0.0, 0.125, 0.25, 0.375, 0.5, 1.0)
#Generating temperature is 	25°C
#Energy was saved every 200 steps 
#
#
#   [step]               [potential]                [gradient]      [forward Metropolis]     [backward Metropolis]                   [u_kl]
#   [step]               [potential]                [gradient]      [forward Metropolis]     [backward Metropolis]                   [u_kl]
     200           -1.27596716e+05            2.51178920e+00            9.97491363e-01            1.00251495e+00     9.989591226280263e+03     9.989942487840555e+03     9.990294083795099e+03     9.990645425726831e+03     9.990996827947445e+03     9.992402429614627e+03
     400           -1.24024119e+05            2.24382783e+00            9.97758688e-01            1.00224635e+00     1.007638563663753e+04     1.007670396312755e+04     1.007702265602647e+04     1.007734106807826e+04     1.007765954721352e+04     1.007893345778951e+04
     600           -1.21610587e+05            2.35435918e+00            9.97648410e-01            1.00235713e+00     9.950777163694296e+03     9.951105622106064e+03     9.951434447476317e+03     9.951763016805598e+03     9.952091636486914e+03     9.953406109279531e+03
     800           -1.20443434e+05            3.65817229e+00            9.96348511e-01            1.00366487e+00     9.996011962157552e+03     9.996504774606228e+03     9.996997885575329e+03     9.997490766483350e+03     9.997983703301225e+03     9.999955444444899e+03
    1000           -1.19381985e+05            2.59384908e+00            9.97409512e-01            1.00259722e+00     1.004547832692720e+04     1.004583000469301e+04     1.004618191586571e+04     1.004653361952654e+04     1.004688538562306e+04     1.004829244431891e+04
    1200           -1.18853792e+05            2.41013732e+00            9.97592765e-01            1.00241304e+00     1.012686497579014e+04     1.012720505143737e+04     1.012754544993113e+04     1.012788559550246e+04     1.012822580432940e+04     1.012958663286865e+04
    1400           -1.18585717e+05            1.67491886e+00            9.98326483e-01            1.00167632e+00     1.003678599853848e+04     1.003703280867003e+04     1.003727990137145e+04     1.003752676587590e+04     1.003777369004141e+04     1.003876138154433e+04
    1600           -1.18155171e+05            3.41219837e+00            9.96593617e-01            1.00341803e+00     1.001636129090218e+04     1.001682742332135e+04     1.001729382925081e+04     1.001776001086431e+04     1.001822625344838e+04     1.002009121599457e+04
    1800           -1.18198870e+05            2.38900059e+00            9.97613851e-01            1.00239186e+00     9.868514165911010e+03     9.868847223333958e+03     9.869180597097751e+03     9.869513710084108e+03     9.869846893296150e+03     9.871179620681287e+03
    2000           -1.17829622e+05            6.11693335e+00            9.93901737e-01            1.00613568e+00     9.985057113102621e+03     9.985851594172795e+03     9.986646423216105e+03     9.987440989082068e+03     9.988235615880891e+03     9.991414118659161e+03
    2200           -1.17647653e+05            3.32644282e+00            9.96679084e-01            1.00333198e+00     1.002186207470753e+04     1.002230627540854e+04     1.002275078491719e+04     1.002319505434003e+04     1.002363938266047e+04     1.002541669061341e+04
    2400           -1.17716661e+05            3.94257515e+00            9.96065187e-01            1.00395036e+00     1.007137281068541e+04     1.007189903951665e+04     1.007242559836919e+04     1.007295190984791e+04     1.007347827864057e+04     1.007558374659572e+04
    2600           -1.17687922e+05            4.39547745e+00            9.95614169e-01            1.00440515e+00     1.007408952610263e+04     1.007467700508453e+04     1.007526479823573e+04     1.007585234326889e+04     1.007643995124741e+04     1.007879037639218e+04
    2800           -1.17166563e+05            3.73112689e+00            9.96275825e-01            1.00373810e+00     1.001879488170486e+04     1.001929418313484e+04     1.001979373890756e+04     1.002029309923065e+04     1.002079250736062e+04     1.002279013301638e+04
    3000           -1.17497009e+05            1.32203237e+00            9.98678841e-01            1.00132291e+00     9.893704503016832e+03     9.893908823335714e+03     9.894113465640861e+03     9.894317874219794e+03     9.894522333804114e+03     9.895340164591396e+03
    3200           -1.17547295e+05            1.19155936e+00            9.98809150e-01            1.00119227e+00     1.009017846151722e+04     1.009036707057377e+04     1.009055602568878e+04     1.009074471680162e+04     1.009093347059555e+04     1.009168847967388e+04
    3400           -1.17471078e+05            1.63831994e+00            9.98363021e-01            1.00163966e+00     1.002924743176428e+04     1.002948618726826e+04     1.002972530105052e+04     1.002996415899317e+04     1.003020307060692e+04     1.003115870944955e+04
    3600           -1.17639439e+05            4.78810301e-01            9.99521304e-01            1.00047892e+00     9.910415866364869e+03     9.910512777101227e+03     9.910610077243349e+03     9.910707081293944e+03     9.910804154830101e+03     9.911192443295333e+03
    3800           -1.17528765e+05            7.54263645e-01            9.99246021e-01            1.00075455e+00     1.000456234596416e+04     1.000469165728345e+04     1.000482137726566e+04     1.000495079812875e+04     1.000508028422447e+04     1.000559822248478e+04
    4000           -1.17888061e+05            4.15494751e-01            9.99584592e-01            1.00041558e+00     9.958250588559000e+03     9.958342880694217e+03     9.958435405187887e+03     9.958527739448715e+03     9.958620125229258e+03     9.958989661899517e+03
    4200           -1.17863741e+05            1.07748709e-01            9.99892257e-01            1.00010775e+00     1.002303469596985e+04     1.002308009691638e+04     1.002312582189826e+04     1.002317129210019e+04     1.002321682605280e+04     1.002339895613574e+04
    4400           -1.17808766e+05            9.70712888e-01            9.99029758e-01            1.00097118e+00     1.002018794157375e+04     1.002034177368836e+04     1.002049594886846e+04     1.002064987335668e+04     1.002080385277725e+04     1.002141976398075e+04
    4600           -1.17595106e+05            1.19119196e+00            9.98809517e-01            1.00119190e+00     9.902286683354550e+03     9.902474139353602e+03     9.902661927234842e+03     9.902849463938428e+03     9.903037058971337e+03     9.903787434588121e+03
    4800           -1.17409298e+05            1.36169028e+00            9.98639236e-01            1.00136262e+00     1.005271438220882e+04     1.005292086666331e+04     1.005312770306662e+04     1.005333427272556e+04     1.005354090432509e+04     1.005436742644137e+04
    5000           -1.17723012e+05            3.36359097e+00            9.96642060e-01            1.00336925e+00     9.911566514276486e+03     9.912020370767566e+03     9.912474574583606e+03     9.912928515409543e+03     9.913382518135009e+03     9.915198521993530e+03
    5200           -1.17616041e+05            3.95208602e+00            9.96055713e-01            1.00395991e+00     9.976338092914852e+03     9.976863441519783e+03     9.977389165315362e+03     9.977914620699441e+03     9.978440132095679e+03     9.980542171276504e+03
    5400           -1.17501041e+05            9.23040052e-01            9.99077386e-01            1.00092347e+00     1.000373017294243e+04     1.000388097080762e+04     1.000403211401739e+04     1.000418301210996e+04     1.000433396053599e+04     1.000493774812956e+04
    5600           -1.17736516e+05            7.59952053e-01            9.99240337e-01            1.00076024e+00     1.006106983418826e+04     1.006119814753280e+04     1.006132677304536e+04     1.006145516343724e+04     1.006158360802668e+04     1.006209738186510e+04
    5800           -1.17986710e+05            6.59223999e-01            9.99340993e-01            1.00065944e+00     9.988301289794017e+03     9.988413909215804e+03     9.988526841426898e+03     9.988639532408999e+03     9.988752282636493e+03     9.989203275478969e+03
    6000           -1.17498982e+05            3.77638492e-02            9.99962237e-01            1.00003776e+00     9.995340316997730e+03     9.995377128831598e+03     9.995414370568929e+03     9.995451321072987e+03     9.995488324589511e+03     9.995636332181293e+03
    6200           -1.17705884e+05            7.43862877e-01            9.99256414e-01            1.00074414e+00     9.944659126064271e+03     9.944782722106767e+03     9.944906623584584e+03     9.945030279128609e+03     9.945153999104014e+03     9.945648872143756e+03
    6400           -1.17730599e+05            8.50764224e-01            9.99149598e-01            1.00085113e+00     1.002599928056334e+04     1.002613904637153e+04     1.002627907784616e+04     1.002641888247923e+04     1.002655875193330e+04     1.002711822330326e+04
    6600           -1.17495232e+05            1.55817813e+00            9.98443035e-01            1.00155939e+00     1.008276071056308e+04     1.008298707291916e+04     1.008321373416306e+04     1.008344016012424e+04     1.008366664572678e+04     1.008457258089048e+04
    6800           -1.17552420e+05            4.65206399e-01            9.99534902e-01            1.00046531e+00     1.000153351050484e+04     1.000162849103449e+04     1.000172380511606e+04     1.000181886955286e+04     1.000191399114397e+04     1.000229447178310e+04
    7000           -1.17487557e+05            5.19884688e-01            9.99480250e-01            1.00052002e+00     9.997291864175699e+03     9.997392111449664e+03     9.997492729860925e+03     9.997593085767099e+03     9.997693495123332e+03     9.998095126070966e+03
    7200           -1.17584646e+05            1.65440993e-01            9.99834573e-01            1.00016545e+00     1.009464901105755e+04     1.009470726044720e+04     1.009476577880392e+04     1.009482406892276e+04     1.009488242383252e+04     1.009511583660749e+04
    7400           -1.17686753e+05            2.21501225e+00            9.97787439e-01            1.00221747e+00     9.973652562453473e+03     9.973957502201041e+03     9.974262844786896e+03     9.974567892902322e+03     9.974873005597356e+03     9.976093448741238e+03
    7600           -1.17666033e+05            2.27961977e+00            9.97722977e-01            1.00228222e+00     9.973633459091085e+03     9.973950805037581e+03     9.974268517697632e+03     9.974585954593689e+03     9.974903455067966e+03     9.976173451044850e+03
    7800           -1.17527027e+05            3.79809758e+00            9.96209106e-01            1.00380532e+00     1.000294331133149e+04     1.000344903947080e+04     1.000395508118499e+04     1.000446088027144e+04     1.000496673887081e+04     1.000699016641012e+04
    8000           -1.17916239e+05            2.13470367e-01            9.99786552e-01            1.00021349e+00     1.008005341338556e+04     1.008011327612874e+04     1.008017343093147e+04     1.008023334938474e+04     1.008029333059854e+04     1.008053324781153e+04
    8200           -1.17579536e+05            2.16350252e-01            9.99783673e-01            1.00021637e+00     9.984205465621650e+03     9.984265969436068e+03     9.984326777320752e+03     9.984387346663951e+03     9.984447976230871e+03     9.984690486840092e+03
    8400           -1.17667106e+05            2.35409996e+00            9.97648669e-01            1.00235687e+00     9.984078353356459e+03     9.984406423159009e+03     9.984734780710878e+03     9.985062895939953e+03     9.985391079194322e+03     9.986703805032184e+03
    8600           -1.17596708e+05            4.20218587e-01            9.99579870e-01            1.00042031e+00     1.003425735756469e+04     1.003434301386740e+04     1.003442894934078e+04     1.003451465723565e+04     1.003460042581882e+04     1.003494349407295e+04
    8800           -1.17564972e+05            3.82202529e-03            9.99996178e-01            1.00000382e+00     9.897676156677027e+03     9.897715117452675e+03     9.897754375273171e+03     9.897793393410728e+03     9.897832474867377e+03     9.897988793057724e+03
    9000           -1.17854598e+05            1.78630564e+00            9.98215289e-01            1.00178790e+00     9.926020813160161e+03     9.926282937582531e+03     9.926545422233687e+03     9.926807628997654e+03     9.927069902961948e+03     9.928118992763737e+03
    9200           -1.17732968e+05            1.93189203e+00            9.98069973e-01            1.00193376e+00     9.922977675782331e+03     9.923259106625477e+03     9.923540915317699e+03     9.923822440849775e+03     9.924104031346737e+03     9.925230386911142e+03
    9400           -1.17643417e+05            2.11044068e+00            9.97891785e-01            1.00211267e+00     9.977349637919406e+03     9.977641398221569e+03     9.977933424611350e+03     9.978225233258985e+03     9.978517100031702e+03     9.979684562143999e+03
    9600           -1.17678494e+05            9.33471483e-01            9.99066964e-01            1.00093391e+00     9.941342775494695e+03     9.941496191810249e+03     9.941649978411800e+03     9.941803483207228e+03     9.941957054489088e+03     9.942571333483482e+03
    9800           -1.17873643e+05            1.36939552e+00            9.98631542e-01            1.00137033e+00     1.000154791428926e+04     1.000175627459191e+04     1.000196496540272e+04     1.000217340317126e+04     1.000238190212617e+04     1.000321588996309e+04
   10000           -1.17617676e+05            5.86371110e-01            9.99413801e-01            1.00058654e+00     1.002169725788579e+04     1.002181015304286e+04     1.002192328649952e+04     1.002203621141950e+04     1.002214919796326e+04     1.002260113804074e+04
   10200           -1.17733250e+05            1.27674794e+00            9.98724067e-01            1.00127756e+00     9.973459226733774e+03     9.973658857459786e+03     9.973858795974873e+03     9.974058500156170e+03     9.974258259751103e+03     9.975057292768432e+03
   10400           -1.17759537e+05            1.43690388e+00            9.98564128e-01            1.00143794e+00     9.928472976817573e+03     9.928690226411883e+03     9.928907816216126e+03     9.929125137873776e+03     9.929342527149935e+03     9.930212077482294e+03
   10600           -1.17799186e+05            7.88344714e-01            9.99211966e-01            1.00078866e+00     1.004307282752456e+04     1.004321430226540e+04     1.004335613901228e+04     1.004349771743326e+04     1.004363934955147e+04     1.004420587157839e+04
   10800           -1.17759073e+05            4.20252290e-01            9.99579836e-01            1.00042034e+00     9.914667724738729e+03     9.914760404579736e+03     9.914853364317243e+03     9.914946095149828e+03     9.915038887952507e+03     9.915410051166284e+03
   11000           -1.17865413e+05            2.43186922e+00            9.97571085e-01            1.00243483e+00     9.972385544634764e+03     9.972724921316463e+03     9.973064670631940e+03     9.973404153477479e+03     9.973743691713855e+03     9.975101838792945e+03
   11200           -1.17747870e+05            3.52790453e+00            9.96478311e-01            1.00353413e+00     9.895579362682221e+03     9.896046919452127e+03     9.896514850035674e+03     9.896982512561683e+03     9.897450231577766e+03     9.899321100473311e+03
   11400           -1.17405279e+05            9.47604644e-01            9.99052844e-01            1.00094805e+00     9.914520329818708e+03     9.914673590453685e+03     9.914827168642229e+03     9.914980485013068e+03     9.915133871712736e+03     9.915747413606767e+03
   11600           -1.17595515e+05            4.74799419e-01            9.99525313e-01            1.00047491e+00     9.914900110147059e+03     9.914994884641701e+03     9.915089999429912e+03     9.915184847474868e+03     9.915279762470351e+03     9.915659414793641e+03
   11800           -1.17403047e+05            1.29672609e-01            9.99870336e-01            1.00012968e+00     1.002279332646705e+04     1.002284192750549e+04     1.002289088721051e+04     1.002293956991316e+04     1.002298831976404e+04     1.002318331306103e+04
   12000           -1.17460804e+05            7.22117776e-01            9.99278143e-01            1.00072238e+00     9.903604292302418e+03     9.903727744603995e+03     9.903851474994939e+03     9.903974980666606e+03     9.904098545615356e+03     9.904592798928292e+03
   12200           -1.17508367e+05            1.22879797e+00            9.98771957e-01            1.00122955e+00     9.971136733920370e+03     9.971326436617248e+03     9.971516438181043e+03     9.971706206895011e+03     9.971896033344658e+03     9.972655332768943e+03
   12400           -1.17354463e+05            9.80617115e-01            9.99019864e-01            1.00098110e+00     1.005399115016185e+04     1.005415018077126e+04     1.005430957076115e+04     1.005446870831021e+04     1.005462789649344e+04     1.005526464282504e+04
   12600           -1.17562476e+05            2.26771332e+00            9.97734856e-01            1.00227029e+00     9.953547462679009e+03     9.953862621696440e+03     9.954178087418664e+03     9.954493325301855e+03     9.954808614734444e+03     9.956069766789877e+03
   12800           -1.17538645e+05            8.04118109e-01            9.99196205e-01            1.00080444e+00     9.958696472624533e+03     9.958828218378174e+03     9.958960334964437e+03     9.959092181042688e+03     9.959224085996904e+03     9.959751699369275e+03
   13000           -1.17588568e+05            5.75147470e+00            9.94265033e-01            1.00576805e+00     9.915410511857721e+03     9.916160981066065e+03     9.916911747994318e+03     9.917662291324979e+03     9.918412886503926e+03     9.921415261150130e+03
   13200           -1.17791887e+05            2.19777000e+00            9.97804643e-01            1.00220019e+00     9.940757153507955e+03     9.941068653642466e+03     9.941380451135459e+03     9.941692018341480e+03     9.942003642115242e+03     9.943250130722528e+03
   13400           -1.17697097e+05            2.82410899e+00            9.97179875e-01            1.00282810e+00     9.893114794889419e+03     9.893501439310694e+03     9.893888408015235e+03     9.894275122907222e+03     9.894661901159378e+03     9.896209007429334e+03
   13600           -1.17669361e+05            2.80515997e+00            9.97198771e-01            1.00280910e+00     1.001897654651480e+04     1.001935947180882e+04     1.001974272175947e+04     1.002012570256346e+04     1.002050875709323e+04     1.002204096767167e+04
   13800           -1.17625077e+05            2.33506057e+00            9.97667664e-01            1.00233779e+00     9.983052231177251e+03     9.983379976267737e+03     9.983708065358653e+03     9.984035889180765e+03     9.984363777610861e+03     9.985675324044470e+03
   14000           -1.17490395e+05            2.38316379e+00            9.97619674e-01            1.00238601e+00     9.925915408974523e+03     9.926247117377041e+03     9.926579139904054e+03     9.926910937507297e+03     9.927242782753034e+03     9.928570156531543e+03
   14200           -1.17540550e+05            2.31847742e+00            9.97684208e-01            1.00232117e+00     1.001340463541376e+04     1.001372969560033e+04     1.001405509193153e+04     1.001438022302588e+04     1.001470542128690e+04     1.001600620716003e+04
   14400           -1.17637739e+05            8.61820160e-01            9.99138551e-01            1.00086219e+00     9.958178923853626e+03     9.958314074316731e+03     9.958449519856253e+03     9.958584737214613e+03     9.958720010250634e+03     9.959261096647640e+03
   14600           -1.17435287e+05            2.51717625e+00            9.97485989e-01            1.00252035e+00     1.003314902610110e+04     1.003350444478946e+04     1.003386020769331e+04     1.003421572423866e+04     1.003457129269801e+04     1.003599355929492e+04
   14800           -1.17829699e+05            2.25205265e+00            9.97750481e-01            1.00225459e+00     9.950637721545354e+03     9.950952997102971e+03     9.951268625012661e+03     9.951583992547367e+03     9.951899418056684e+03     9.953161114568013e+03
   15000           -1.17731306e+05            3.89630582e+00            9.96111275e-01            1.00390391e+00     9.976539013426191e+03     9.977060416231232e+03     9.977582148591591e+03     9.978103625837066e+03     9.978625165221025e+03     9.980711317015861e+03
   15200           -1.17705584e+05            1.91769484e+00            9.98084143e-01            1.00191953e+00     9.953904376104998e+03     9.954170382725890e+03     9.954436730061516e+03     9.954702820253528e+03     9.954968970368795e+03     9.956033564632593e+03
   15400           -1.17720178e+05            2.61624204e+00            9.97387177e-01            1.00261967e+00     9.910548138042857e+03     9.910906495902758e+03     9.911265212784696e+03     9.911623667238367e+03     9.911982178704280e+03     9.913416219365703e+03
   15600           -1.17781545e+05            2.12920041e+00            9.97873065e-01            1.00213147e+00     9.974214478347252e+03     9.974513638313814e+03     9.974813107243337e+03     9.975112333040877e+03     9.975411620232011e+03     9.976608762116770e+03
   15800           -1.17807554e+05            2.08732207e+00            9.97914855e-01            1.00208950e+00     1.000690494566049e+04     1.000720043902809e+04     1.000749620069369e+04     1.000779174089423e+04     1.000808734154000e+04     1.000926973741951e+04
   16000           -1.17757376e+05            1.74552810e+00            9.98255994e-01            1.00174705e+00     1.000930026423723e+04     1.000955545832251e+04     1.000981103094686e+04     1.001006631615644e+04     1.001032166945460e+04     1.001134307467197e+04
   16200           -1.18103824e+05            2.31885088e+00            9.97683836e-01            1.00232154e+00     9.875905845492869e+03     9.876222210647138e+03     9.876538848302105e+03     9.876855254971986e+03     9.877171727186835e+03     9.878437608880800e+03
   16400           -1.17902871e+05            1.27284692e+00            9.98727963e-01            1.00127366e+00     1.001281210694154e+04     1.001300947654401e+04     1.001320720081946e+04     1.001340465112320e+04     1.001360216772613e+04     1.001439222851073e+04
   16600           -1.17890566e+05            1.32109814e+00            9.98679774e-01            1.00132197e+00     9.871419531264242e+03     9.871621328687323e+03     9.871823432486626e+03     9.872025294087238e+03     9.872227217048876e+03     9.873034902833511e+03
   16800           -1.17922010e+05            9.74862853e-01            9.99025612e-01            1.00097534e+00     9.986375714046848e+03     9.986526608497503e+03     9.986677852110119e+03     9.986828835895116e+03     9.986979878794265e+03     9.987584043541685e+03
   17000           -1.17994158e+05            9.50231147e-01            9.99050220e-01            1.00095068e+00     9.963365642834153e+03     9.963519312359658e+03     9.963673275623403e+03     9.963827008471948e+03     9.963980799303648e+03     9.964595955773142e+03
   17200           -1.17836008e+05            1.74005256e+00            9.98261460e-01            1.00174157e+00     9.912078526806496e+03     9.912332378794139e+03     9.912586559423076e+03     9.912840483440457e+03     9.913094471126040e+03     9.914110415445584e+03
   17400           -1.17800536e+05            1.58035858e+00            9.98420890e-01            1.00158161e+00     1.001781988833986e+04     1.001804822513176e+04     1.001827683343267e+04     1.001850522243633e+04     1.001873366941648e+04     1.001964745049310e+04
   17600           -1.17950419e+05            2.84995183e+00            9.97154105e-01            1.00285402e+00     1.006976580537460e+04     1.007015408717846e+04     1.007054272622410e+04     1.007093109923477e+04     1.007131953301813e+04     1.007287326066165e+04
   17800           -1.17633572e+05            1.27430943e+00            9.98726502e-01            1.00127512e+00     9.937276626604500e+03     9.937470394899439e+03     9.937664521911740e+03     9.937858380630434e+03     9.938052300678326e+03     9.938827974752154e+03
   18000           -1.17895304e+05            2.39900418e+00            9.97603871e-01            1.00240188e+00     9.932691015900558e+03     9.933022244249039e+03     9.933353833599935e+03     9.933685169841725e+03     9.934016556384513e+03     9.935342096868466e+03
   18200           -1.18016430e+05            1.35074933e+00            9.98650163e-01            1.00135166e+00     9.899260744318375e+03     9.899464520853131e+03     9.899668565420041e+03     9.899872392024343e+03     9.900076276719717e+03     9.900891809121060e+03
   18400           -1.17901596e+05            1.69288074e+00            9.98308551e-01            1.00169431e+00     1.000636643749136e+04     1.000661070565609e+04     1.000685529825942e+04     1.000709965176188e+04     1.000734405864050e+04     1.000832167978963e+04
   18600           -1.17675475e+05            1.20183855e+00            9.98798883e-01            1.00120256e+00     9.908698292718937e+03     9.908886057578844e+03     9.909074152588482e+03     9.909262006137576e+03     9.909449913026890e+03     9.910201533334844e+03
   18800           -1.17636052e+05            1.43247780e+00            9.98568548e-01            1.00143350e+00     9.972859562036667e+03     9.973076742809271e+03     9.973294312862186e+03     9.973511576819656e+03     9.973728917241246e+03     9.974598272445823e+03
   19000           -1.17460433e+05            1.33536663e+00            9.98665525e-01            1.00133626e+00     9.939677738605047e+03     9.939882351112978e+03     9.940087330875105e+03     9.940292034936714e+03     9.940496802649726e+03     9.941315866694404e+03
   19200           -1.17434935e+05            9.00338972e-01            9.99100066e-01            1.00090074e+00     1.001565781891851e+04     1.001580574660637e+04     1.001595396391339e+04     1.001610195815685e+04     1.001625000670520e+04     1.001684219449190e+04
   19400           -1.17714086e+05            1.12813385e+00            9.98872502e-01            1.00112877e+00     9.946179714424874e+03     9.946350912236303e+03     9.946522500761801e+03     9.946693798696604e+03     9.946865161764359e+03     9.947550609103844e+03
   19600           -1.17790175e+05            1.40156015e+00            9.98599422e-01            1.00140254e+00     9.986527723615918e+03     9.986739223154626e+03     9.986951075863844e+03     9.987162669510955e+03     9.987374320293147e+03     9.988220916970375e+03
   19800           -1.17827673e+05            8.82283699e-01            9.99118105e-01            1.00088267e+00     9.990665485954867e+03     9.990808522773657e+03     9.990951864421408e+03     9.991094962739726e+03     9.991238123682895e+03     9.991810761410923e+03
   20000           -1.17875254e+05            2.66539400e+00            9.97338155e-01            1.00266895e+00     9.935553819060051e+03     9.935919460247869e+03     9.936285419942104e+03     9.936651139081567e+03     9.937016914319811e+03     9.938480009579573e+03
   20200           -1.17721233e+05            6.53302092e-01            9.99346911e-01            1.00065352e+00     9.951274389687427e+03     9.951389006243828e+03     9.951503913199009e+03     9.951618586962364e+03     9.951733321663436e+03     9.952192253639443e+03
   20400           -1.17946637e+05            1.60992238e+00            9.98391373e-01            1.00161122e+00     9.900085176689390e+03     9.900317191013988e+03     9.900549560976355e+03     9.900781674799298e+03     9.901013842892979e+03     9.901942509096567e+03
   20600           -1.17682570e+05            9.29400207e-02            9.99907064e-01            1.00009294e+00     1.000761129638451e+04     1.000765656167424e+04     1.000770216749351e+04     1.000774753473914e+04     1.000779295006794e+04     1.000797460375137e+04
   20800           -1.17873683e+05            7.76861557e-01            9.99223440e-01            1.00077716e+00     9.965578981126167e+03     9.965709143099679e+03     9.965839668748968e+03     9.965969909989895e+03     9.966100221753813e+03     9.966621462381459e+03
   21000           -1.17532930e+05            7.54222556e-01            9.99246062e-01            1.00075451e+00     9.948788378301742e+03     9.948919263979400e+03     9.949050457168343e+03     9.949181415570403e+03     9.949312430414750e+03     9.949836482527757e+03
   21200           -1.17486284e+05            1.14125498e+00            9.98859396e-01            1.00114191e+00     1.000342175932758e+04     1.000359981638726e+04     1.000377821722635e+04     1.000395634867345e+04     1.000413454793881e+04     1.000484733655004e+04
   21400           -1.17462967e+05            3.92810194e-01            9.99607267e-01            1.00039289e+00     1.009739215118746e+04     1.009747535125034e+04     1.009755888665734e+04     1.009764216866566e+04     1.009772551049718e+04     1.009805886980690e+04
   21600           -1.17488979e+05            3.24909067e-01            9.99675144e-01            1.00032496e+00     9.937090493709533e+03     9.937165574059431e+03     9.937240975385990e+03     9.937316129854378e+03     9.937391344070344e+03     9.937692194431156e+03
   21800           -1.17485466e+05            1.30560446e+00            9.98695247e-01            1.00130646e+00     9.984576815754035e+03     9.984775440350599e+03     9.984974397871812e+03     9.985173100385673e+03     9.985371864094130e+03     9.986166912434224e+03
   22000           -1.17707358e+05            8.09077457e-02            9.99919096e-01            1.00008091e+00     9.922864823437740e+03     9.922914160084072e+03     9.922963809146337e+03     9.923013213529162e+03     9.923062679437393e+03     9.923260535437046e+03
   22200           -1.17720189e+05            8.45062981e-01            9.99155294e-01            1.00084542e+00     9.913155380217695e+03     9.913297660747616e+03     9.913440284590963e+03     9.913582648824737e+03     9.913725073976811e+03     9.914294767735926e+03
   22400           -1.17808867e+05            5.39436995e-01            9.99460708e-01            1.00053958e+00     9.917019729134361e+03     9.917112546546155e+03     9.917205683333585e+03     9.917298587027944e+03     9.917391542582165e+03     9.917763356029971e+03
   22600           -1.17783645e+05            1.69867188e+00            9.98302770e-01            1.00170012e+00     9.941398192666842e+03     9.941642071734463e+03     9.941886274257953e+03     9.942130230321376e+03     9.942374244756693e+03     9.943350296846545e+03
   22800           -1.17828927e+05            7.25928250e-01            9.99274335e-01            1.00072619e+00     9.955384159461970e+03     9.955512211396162e+03     9.955640572045399e+03     9.955768685466166e+03     9.955896863225344e+03     9.956409566988719e+03
   23000           -1.17739856e+05            1.14802891e+00            9.98852630e-01            1.00114869e+00     9.915044574690870e+03     9.915221973204874e+03     9.915399738805807e+03     9.915577234183755e+03     9.915754789606046e+03     9.916465004521224e+03
   23200           -1.17903666e+05            5.16656946e-01            9.99483476e-01            1.00051679e+00     9.922634020925445e+03     9.922733444077803e+03     9.922833199658970e+03     9.922932718067392e+03     9.923032286070411e+03     9.923430551215375e+03
   23400           -1.17873313e+05            5.50449304e-01            9.99449702e-01            1.00055060e+00     1.008292454994807e+04     1.008302969709830e+04     1.008313517065556e+04     1.008324037569904e+04     1.008334565298147e+04     1.008376675601488e+04
   23600           -1.18001050e+05            1.03268790e+00            9.98967845e-01            1.00103322e+00     9.948242286983928e+03     9.948402010989428e+03     9.948562081844953e+03     9.948721894710799e+03     9.948881766234905e+03     9.949521245485885e+03
   23800           -1.17754853e+05            3.10996921e-01            9.99689051e-01            1.00031105e+00     9.975755255303347e+03     9.975831164940320e+03     9.975907368697870e+03     9.975983332628728e+03     9.976059360712803e+03     9.976363466122259e+03
   24000           -1.17768733e+05            1.10713751e+00            9.98893475e-01            1.00110775e+00     9.910142413929880e+03     9.910318176157867e+03     9.910494229716578e+03     9.910670048104581e+03     9.910845928329381e+03     9.911549442728885e+03
   24200           -1.17653103e+05            1.07778028e+00            9.98922800e-01            1.00107836e+00     9.949949703716451e+03     9.950115151442504e+03     9.950280934357346e+03     9.950446474437595e+03     9.950612066845539e+03     9.951274429974626e+03
   24400           -1.17946675e+05            9.17356824e-01            9.99083064e-01            1.00091778e+00     1.003908322960313e+04     1.003923222929068e+04     1.003938155124826e+04     1.003953062954012e+04     1.003967976513451e+04     1.004027630066589e+04
   24600           -1.17854982e+05            3.92499289e-01            9.99607578e-01            1.00039258e+00     9.987396246061466e+03     9.987481542953294e+03     9.987567122355242e+03     9.987652468866730e+03     9.987737878762930e+03     9.988079511464393e+03
   24800           -1.18056774e+05            6.64777712e-01            9.99335443e-01            1.00066500e+00     9.949122345610784e+03     9.949237952434351e+03     9.949353880587047e+03     9.949469553829653e+03     9.949585291686593e+03     9.950048237762405e+03
   25000           -1.17659871e+05            7.56814540e-01            9.99243472e-01            1.00075710e+00     9.951763354295175e+03     9.951894248324739e+03     9.952025514773020e+03     9.952156493877470e+03     9.952287542938871e+03     9.952811731582568e+03
   25200           -1.17615980e+05            4.21840065e-01            9.99578249e-01            1.00042193e+00     9.937372978469915e+03     9.937454969913948e+03     9.937537360692520e+03     9.937619459774836e+03     9.937701622503326e+03     9.938030266536736e+03
   25400           -1.17625201e+05            2.53450288e-01            9.99746582e-01            1.00025348e+00     9.840990769562221e+03     9.841053785109234e+03     9.841117169768360e+03     9.841180291346303e+03     9.841243467054550e+03     9.841496164546881e+03
   25600           -1.17736414e+05            1.47295216e+00            9.98528132e-01            1.00147404e+00     9.986495883091635e+03     9.986715825156503e+03     9.986936086800120e+03     9.987156089217999e+03     9.987376159964915e+03     9.988256436838194e+03
   25800           -1.17778586e+05            8.02335619e-01            9.99197986e-01            1.00080266e+00     9.945195071112495e+03     9.945328706275179e+03     9.945462685850500e+03     9.945596411795099e+03     9.945730194179741e+03     9.946265317246989e+03
   26000           -1.17704771e+05            1.33703197e+00            9.98663861e-01            1.00133793e+00     1.000136402878253e+04     1.000156127765105e+04     1.000175889258494e+04     1.000195623801114e+04     1.000215364272618e+04     1.000294325666983e+04
   26200           -1.17609357e+05            1.30946675e+00            9.98691390e-01            1.00131032e+00     1.007069393402617e+04     1.007089173854718e+04     1.007108988239995e+04     1.007128775949153e+04     1.007148570338430e+04     1.007227747274243e+04
   26400           -1.17955171e+05            2.41832734e+00            9.97584594e-01            1.00242125e+00     1.000693834729790e+04     1.000727681000970e+04     1.000761561875907e+04     1.000795415280595e+04     1.000829275651034e+04     1.000964716572278e+04
   26600           -1.17902444e+05            4.31664222e+00            9.95692661e-01            1.00432597e+00     9.994397191351527e+03     9.994972017948841e+03     9.995547143953720e+03     9.996122038036248e+03     9.996696988868716e+03     9.998996786385906e+03
   26800           -1.17854243e+05            2.74112406e+00            9.97262629e-01            1.00274488e+00     9.976254677376570e+03     9.976628708280918e+03     9.977003024404596e+03     9.977377117561684e+03     9.977751266194764e+03     9.979247855012956e+03
   27000           -1.17838323e+05            6.46612480e-01            9.99353597e-01            1.00064682e+00     9.922646297285530e+03     9.922762066207371e+03     9.922878213495042e+03     9.922994093234405e+03     9.923110027238628e+03     9.923573757191727e+03
   27200           -1.17920420e+05            9.87138848e-01            9.99013348e-01            1.00098763e+00     9.971840931281822e+03     9.971992728657815e+03     9.972144831146532e+03     9.972296689519979e+03     9.972448611220738e+03     9.973056291159652e+03
   27400           -1.17900528e+05            1.24120903e+00            9.98759561e-01            1.00124198e+00     9.879715327972595e+03     9.879906431457961e+03     9.880097877823635e+03     9.880289068609572e+03     9.880480317645673e+03     9.881245307318753e+03
   27600           -1.17772193e+05            1.86495176e-01            9.99813522e-01            1.00018651e+00     1.003240849233070e+04     1.003246969768056e+04     1.003253119658644e+04     1.003259246880153e+04     1.003265379644068e+04     1.003289910055066e+04
   27800           -1.18007063e+05            6.70546909e-01            9.99329678e-01            1.00067077e+00     9.976197333837465e+03     9.976315574563312e+03     9.976434189135660e+03     9.976552511566315e+03     9.976670906422672e+03     9.977144479007879e+03
   28000           -1.17892882e+05            1.11488347e-01            9.99888518e-01            1.00011149e+00     9.959759114152275e+03     9.959807751436274e+03     9.959856763779491e+03     9.959905498203963e+03     9.959954295300869e+03     9.960149476449462e+03
   28200           -1.17705364e+05            1.72170549e+00            9.98279776e-01            1.00172319e+00     9.965944015196463e+03     9.966196622532374e+03     9.966449599404548e+03     9.966702305627963e+03     9.966955071373255e+03     9.967966127550048e+03
   28400           -1.18079378e+05            1.03404851e+00            9.98966486e-01            1.00103458e+00     9.907901206051583e+03     9.908057467127843e+03     9.908214035389801e+03     9.908370373614576e+03     9.908526764807013e+03     9.909152323562443e+03
   28600           -1.17957983e+05            9.03023909e-01            9.99097384e-01            1.00090343e+00     9.900838936294051e+03     9.900988993322449e+03     9.901139398159701e+03     9.901289557210106e+03     9.901439766472622e+03     9.902040596651192e+03
   28800           -1.18121858e+05            3.08303154e+00            9.96921716e-01            1.00308779e+00     9.987014029831389e+03     9.987434693196885e+03     9.987855621252083e+03     9.988276331950272e+03     9.988697101580407e+03     9.990380173329424e+03
   29000           -1.17716193e+05            5.01347563e-01            9.99498778e-01            1.00050147e+00     1.009450547111750e+04     1.009460453008032e+04     1.009470391074265e+04     1.009480304096326e+04     1.009490223370767e+04     1.009529899629785e+04
   29200           -1.17655157e+05            2.00246934e-01            9.99799773e-01            1.00020027e+00     9.901844906555911e+03     9.901906175274391e+03     9.901967782061125e+03     9.902029121483118e+03     9.902090528372770e+03     9.902336150189629e+03
   29400           -1.17798020e+05            2.36216719e-01            9.99763811e-01            1.00023624e+00     1.004757798328078e+04     1.004764270893200e+04     1.004770782356483e+04     1.004777265929341e+04     1.004783755321054e+04     1.004809712314031e+04
   29600           -1.17737738e+05            1.18181478e+00            9.98818883e-01            1.00118251e+00     9.983395917961419e+03     9.983582583625855e+03     9.983769589282176e+03     9.983956356276733e+03     9.984143170921352e+03     9.984890423881285e+03
   29800           -1.18138186e+05            3.13599155e-01            9.99686450e-01            1.00031365e+00     9.974670665846388e+03     9.974745301275159e+03     9.974820309636409e+03     9.974895041965956e+03     9.974969835786560e+03     9.975269005726732e+03
   30000           -1.17679400e+05            5.17343676e-01            9.99482790e-01            1.00051748e+00     1.007696204395602e+04     1.007705991174959e+04     1.007715814235270e+04     1.007725610119105e+04     1.007735412217756e+04     1.007774620039909e+04
   30200           -1.17653178e+05            1.30163224e+00            9.98699215e-01            1.00130248e+00     1.004306786964512e+04     1.004327127449053e+04     1.004347500608647e+04     1.004367848312686e+04     1.004388202347809e+04     1.004469617731106e+04
   30400           -1.17630918e+05            6.90053956e-01            9.99310184e-01            1.00069029e+00     1.004069482687649e+04     1.004081703225613e+04     1.004093954458848e+04     1.004106181458305e+04     1.004118414559256e+04     1.004167346430862e+04
   30600           -1.17619713e+05            3.02333021e+00            9.96981235e-01            1.00302791e+00     1.000736209062532e+04     1.000778139427532e+04     1.000820104466482e+04     1.000862042239793e+04     1.000903986848322e+04     1.001071764634112e+04
   30800           -1.17530088e+05            3.84023047e+00            9.96167134e-01            1.00384761e+00     9.944251647231573e+03     9.944764673682786e+03     9.945278031487487e+03     9.945791138184361e+03     9.946304303802724e+03     9.948356960373876e+03
   31000           -1.17539310e+05            3.44426604e-01            9.99655633e-01            1.00034449e+00     9.994107962542197e+03     9.994186035241974e+03     9.994264383390613e+03     9.994342497108570e+03     9.994420677327525e+03     9.994733392112854e+03
   31200           -1.17683467e+05            9.54072051e-01            9.99046383e-01            1.00095453e+00     9.932013685022492e+03     9.932166383213882e+03     9.932319435241883e+03     9.932472225321497e+03     9.932625073974619e+03     9.933236462926747e+03
   31400           -1.17661845e+05            1.48582276e+00            9.98515281e-01            1.00148693e+00     9.997221929613190e+03     9.997440904264588e+03     9.997660206900144e+03     9.997879255918418e+03     9.998098366595021e+03     9.998974803576850e+03
   31600           -1.17566145e+05            2.03422998e+00            9.97967838e-01            1.00203630e+00     9.956564523709987e+03     9.956853248930149e+03     9.957142289828042e+03     9.957431088523939e+03     9.957719945498913e+03     9.958875367287841e+03
   31800           -1.17745309e+05            1.39070753e+00            9.98610259e-01            1.00139168e+00     9.982166668006033e+03     9.982372014909781e+03     9.982577749328526e+03     9.982783197000845e+03     9.982988709486493e+03     9.983810750966955e+03
   32000           -1.17769415e+05            6.47448653e-01            9.99352761e-01            1.00064766e+00     1.000036748882715e+04     1.000047688861099e+04     1.000058665102216e+04     1.000069615981130e+04     1.000080571910289e+04     1.000124394937863e+04
   32200           -1.17823399e+05            2.45546625e+00            9.97547546e-01            1.00245848e+00     1.001165732099019e+04     1.001199863375184e+04     1.001234027253519e+04     1.001268165493929e+04     1.001302310145801e+04     1.001438888192583e+04
   32400           -1.17851459e+05            2.99055248e+00            9.97013915e-01            1.00299503e+00     9.827615404385395e+03     9.828030676007276e+03     9.828446295996577e+03     9.828861648133323e+03     9.829277065176748e+03     9.830938725968101e+03
   32600           -1.17642879e+05            2.31232318e+00            9.97690348e-01            1.00231500e+00     1.004654366225878e+04     1.004686360691743e+04     1.004718390763501e+04     1.004750394478950e+04     1.004782404153653e+04     1.004910442081428e+04
   32800           -1.17743470e+05            3.58676287e+00            9.96419662e-01            1.00359320e+00     9.952296733784233e+03     9.952781780416228e+03     9.953267160164041e+03     9.953752277136909e+03     9.954237460576234e+03     9.956178187368238e+03
   33000           -1.17538112e+05            2.09530099e+00            9.97906893e-01            1.00209750e+00     1.005085800017605e+04     1.005114984506081e+04     1.005144206874749e+04     1.005173401409017e+04     1.005202602098139e+04     1.005319404178673e+04
   33200           -1.17787193e+05            1.82042423e+00            9.98181232e-01            1.00182208e+00     1.001525362371724e+04     1.001551456231964e+04     1.001577583669928e+04     1.001603685450640e+04     1.001629793334378e+04     1.001734224297032e+04
   33400           -1.17945531e+05            8.87113252e-01            9.99113280e-01            1.00088751e+00     1.001129571572994e+04     1.001144177617086e+04     1.001158817191707e+04     1.001173430470176e+04     1.001188050340308e+04     1.001246529107622e+04
   33600           -1.17859974e+05            8.83451626e-01            9.99116939e-01            1.00088384e+00     1.001552035659081e+04     1.001565862104976e+04     1.001579724554035e+04     1.001593561286922e+04     1.001607403391175e+04     1.001662771123270e+04
   33800           -1.17818203e+05            1.06414660e+00            9.98936419e-01            1.00106471e+00     9.938797702124522e+03     9.938959103945934e+03     9.939120774160921e+03     9.939282232843871e+03     9.939443744866454e+03     9.940089787608385e+03
   34000           -1.17751673e+05            1.08356451e+00            9.98917022e-01            1.00108415e+00     9.937513705467849e+03     9.937684555385298e+03     9.937855760982333e+03     9.938026718463763e+03     9.938197725202259e+03     9.938881744936667e+03
   34200           -1.17602020e+05            3.30931949e+00            9.96696150e-01            1.00331480e+00     9.965161460322166e+03     9.965606623091047e+03     9.966052099921693e+03     9.966497329769552e+03     9.966942621630446e+03     9.968723782938725e+03
   34400           -1.17446304e+05            2.90724911e-01            9.99709317e-01            1.00029077e+00     9.947608864182695e+03     9.947679762430249e+03     9.947750916472229e+03     9.947821857829651e+03     9.947892858003932e+03     9.948176851825170e+03
   34600           -1.17410748e+05            6.82600093e-01            9.99317633e-01            1.00068283e+00     9.924150607681446e+03     9.924265556245207e+03     9.924380839675165e+03     9.924495873481552e+03     9.924610964220648e+03     9.925071320759851e+03
   34800           -1.17503516e+05            1.93369058e+00            9.98068178e-01            1.00193556e+00     1.003665749148775e+04     1.003692958029370e+04     1.003720205246570e+04     1.003747424973248e+04     1.003774650475283e+04     1.003883551801791e+04
   35000           -1.17417278e+05            6.45081607e+00            9.93569946e-01            1.00647167e+00     1.003305323204123e+04     1.003389856524996e+04     1.003474427343427e+04     1.003558971798329e+04     1.003643521575461e+04     1.003981719946799e+04
   35200           -1.17432315e+05            6.61963915e-01            9.99338255e-01            1.00066218e+00     9.868390470084298e+03     9.868504581603822e+03     9.868619017063109e+03     9.868733213253900e+03     9.868847462890273e+03     9.869304455696247e+03
   35400           -1.17466700e+05            7.38762627e-01            9.99261510e-01            1.00073904e+00     9.990945673243576e+03     9.991073073084337e+03     9.991200819043310e+03     9.991328314961185e+03     9.991455864360483e+03     9.991966055477391e+03
   35600           -1.17574177e+05            1.16625913e+00            9.98834421e-01            1.00116694e+00     9.959224228014142e+03     9.959401635027425e+03     9.959579313902186e+03     9.959756764964144e+03     9.959934279270898e+03     9.960644330527653e+03
   35800           -1.17596378e+05            1.25060407e-01            9.99874947e-01            1.00012507e+00     9.951986017146988e+03     9.952033047145531e+03     9.952080432339768e+03     9.952127555552201e+03     9.952174737180951e+03     9.952363457214913e+03
   36000           -1.17894359e+05            1.07121190e+00            9.98929362e-01            1.00107179e+00     9.985960830098136e+03     9.986128323517909e+03     9.986296163115638e+03     9.986463746032545e+03     9.986631387095817e+03     9.987301944093499e+03
   36200           -1.17869846e+05            9.50710933e-01            9.99049741e-01            1.00095116e+00     1.008556500136779e+04     1.008571760437046e+04     1.008587051207067e+04     1.008602317014390e+04     1.008617589509738e+04     1.008678678882696e+04
   36400           -1.17667387e+05            8.98975502e-01            9.99101428e-01            1.00089938e+00     9.955881037775445e+03     9.956022032517631e+03     9.956163325424786e+03     9.956304372094230e+03     9.956445485816130e+03     9.957009933856814e+03
   36600           -1.17669752e+05            4.82317409e-01            9.99517799e-01            1.00048243e+00     9.982291163382111e+03     9.982386121159247e+03     9.982481422432011e+03     9.982576457287094e+03     9.982671557533506e+03     9.983051951684900e+03
   36800           -1.17640474e+05            5.46093890e-01            9.99454055e-01            1.00054624e+00     1.009153784503801e+04     1.009164341681499e+04     1.009174929066991e+04     1.009185491738562e+04     1.009196061021472e+04     1.009238337539144e+04
   37000           -1.17556512e+05            2.78426423e+00            9.97219608e-01            1.00278814e+00     1.004655462465413e+04     1.004693822621968e+04     1.004732211299859e+04     1.004770577091409e+04     1.004808948831511e+04     1.004962435197609e+04
   37200           -1.17630191e+05            1.51082093e+00            9.98490320e-01            1.00151196e+00     1.005652408633582e+04     1.005674113466725e+04     1.005695849621810e+04     1.005717561410846e+04     1.005739279191348e+04     1.005826149749114e+04
   37400           -1.17692909e+05            7.30455790e-01            9.99269811e-01            1.00073072e+00     9.936668954668308e+03     9.936799485746558e+03     9.936930373191406e+03     9.937060986223529e+03     9.937191665543776e+03     9.937714376419244e+03
   37600           -1.17799032e+05            1.59670413e+00            9.98404570e-01            1.00159798e+00     9.895624450761406e+03     9.895856601749492e+03     9.896089000467115e+03     9.896321184482606e+03     9.896553431314260e+03     9.897482411867111e+03
   37800           -1.17847972e+05            1.51188355e+00            9.98489259e-01            1.00151303e+00     9.951072311434011e+03     9.951300238668655e+03     9.951528441480601e+03     9.951756433156799e+03     9.951984475501231e+03     9.952896639568453e+03
   38000           -1.17987304e+05            7.31224195e-01            9.99269043e-01            1.00073149e+00     9.988452777849909e+03     9.988580314967052e+03     9.988708183428724e+03     9.988835788577697e+03     9.988963461355257e+03     9.989474144860606e+03
   38200           -1.18025724e+05            8.22206613e-01            9.99178131e-01            1.00082254e+00     9.997414244806292e+03     9.997552856175011e+03     9.997691853580160e+03     9.997830561242174e+03     9.997969335418626e+03     9.998524426030959e+03
   38400           -1.17858797e+05            5.89435955e-01            9.99410738e-01            1.00058961e+00     9.964650654078054e+03     9.964763052096991e+03     9.964875828652011e+03     9.964988322351912e+03     9.965100880591845e+03     9.965551107105637e+03
   38600           -1.17568182e+05            3.44453634e+00            9.96561389e-01            1.00345048e+00     9.981402286586499e+03     9.981870096505705e+03     9.982338219593566e+03     9.982806100170967e+03     9.983274040385151e+03     9.985145794183805e+03
   38800           -1.17809290e+05            5.28061299e-01            9.99472078e-01            1.00052820e+00     1.003618606255299e+04     1.003628663944536e+04     1.003638751173375e+04     1.003648814367944e+04     1.003658883966635e+04     1.003699161677972e+04
   39000           -1.17782424e+05            1.18639559e+00            9.98814308e-01            1.00118710e+00     9.968543243237984e+03     9.968730701145354e+03     9.968918486899476e+03     9.969106016366319e+03     9.969293609312810e+03     9.970043975387634e+03
   39200           -1.17674242e+05            8.79320412e-04            9.99999121e-01            1.00000088e+00     9.964979172477331e+03     9.965015399379918e+03     9.965051976887182e+03     9.965088294907349e+03     9.965124671088814e+03     9.965270169700296e+03
   39400           -1.17794198e+05            5.01132884e-01            9.99498993e-01            1.00050126e+00     9.881860151840157e+03     9.881961156751386e+03     9.882062464597819e+03     9.882163538344053e+03     9.882264668831926e+03     9.882669185823694e+03
   39600           -1.17588784e+05            1.72213434e+00            9.98279348e-01            1.00172362e+00     1.002932033687930e+04     1.002957283374643e+04     1.002982567498737e+04     1.003007826285185e+04     1.003033090659108e+04     1.003134147630287e+04
   39800           -1.17790236e+05            1.62528151e+00            9.98376039e-01            1.00162660e+00     1.001954087292989e+04     1.001977667065665e+04     1.002001280052547e+04     1.002024866666346e+04     1.002048460003865e+04     1.002142832714741e+04
   40000           -1.17960036e+05            6.77622917e-01            9.99322607e-01            1.00067785e+00     1.009410058877430e+04     1.009421469168754e+04     1.009432908015465e+04     1.009444325767298e+04     1.009455748267783e+04     1.009501437658137e+04
   40200           -1.17911281e+05            7.25412877e-01            9.99274850e-01            1.00072568e+00     9.848026674165567e+03     9.848158267146155e+03     9.848290129111743e+03     9.848421777598935e+03     9.848553481161862e+03     9.849080288158155e+03
   40400           -1.17659034e+05            6.09250756e-01            9.99390935e-01            1.00060944e+00     9.931662525723174e+03     9.931779728216852e+03     9.931897208017306e+03     9.932014469396632e+03     9.932131785993575e+03     9.932601046263975e+03
   40600           -1.18005504e+05            9.52706593e-01            9.99047747e-01            1.00095316e+00     9.989927456088517e+03     9.990081267896105e+03     9.990235449604370e+03     9.990389349785230e+03     9.990543316256513e+03     9.991159176424506e+03
   40800           -1.18037919e+05            4.48967197e-01            9.99551134e-01            1.00044907e+00     1.002431327622727e+04     1.002440531952451e+04     1.002449769627809e+04     1.002458981232700e+04     1.002468199355142e+04     1.002505071087556e+04
   41000           -1.17767394e+05            1.01601844e-01            9.99898403e-01            1.00010161e+00     1.004016407108854e+04     1.004020814776392e+04     1.004025256815896e+04     1.004029671681554e+04     1.004034093435114e+04     1.004051779761373e+04
   41200           -1.17807462e+05            1.45453584e+00            9.98546521e-01            1.00145559e+00     9.963933538651254e+03     9.964152472351490e+03     9.964371762660270e+03     9.964590781538631e+03     9.964809864536977e+03     9.965686190422703e+03
   41400           -1.17745313e+05            8.97150540e-01            9.99103252e-01            1.00089755e+00     9.974589716804921e+03     9.974731130777185e+03     9.974872886160152e+03     9.975014397928919e+03     9.975155960708116e+03     9.975722204611309e+03
   41600           -1.17784935e+05            2.01683383e+00            9.97985199e-01            1.00201887e+00     1.014042822379681e+04     1.014070928209604e+04     1.014099069609577e+04     1.014127184438872e+04     1.014155305316836e+04     1.014267788253991e+04
   41800           -1.17687319e+05            9.49052777e-02            9.99905099e-01            1.00009491e+00     9.928566256198839e+03     9.928613711492375e+03     9.928661498787578e+03     9.928709029306377e+03     9.928756622637235e+03     9.928946989075628e+03
   42000           -1.17753738e+05            1.25145942e+00            9.98749323e-01            1.00125224e+00     9.970367081715372e+03     9.970552384514564e+03     9.970738067692817e+03     9.970923463165114e+03     9.971108925779023e+03     9.971850769842673e+03
   42200           -1.17585227e+05            9.38145293e-01            9.99062295e-01            1.00093859e+00     1.004172496440136e+04     1.004187290305065e+04     1.004202121796889e+04     1.004216926335215e+04     1.004231736553390e+04     1.004290976666643e+04
   42400           -1.17496182e+05            1.37116205e+00            9.98629778e-01            1.00137210e+00     9.978246067836915e+03     9.978455349743872e+03     9.978664947567522e+03     9.978874292340301e+03     9.979083702632845e+03     9.979921337428776e+03
   42600           -1.17346275e+05            1.24374373e+00            9.98757029e-01            1.00124452e+00     9.931232624730912e+03     9.931421546913167e+03     9.931610739173664e+03     9.931799720856088e+03     9.931988755165015e+03     9.932744885599117e+03
   42800           -1.17465481e+05            1.57354375e+00            9.98427694e-01            1.00157478e+00     9.907630109969470e+03     9.907867162844410e+03     9.908104497635062e+03     9.908341609944138e+03     9.908578778378131e+03     9.909527446786793e+03
   43000           -1.17616991e+05            1.03295816e+00            9.98967575e-01            1.00103349e+00     9.944782079952014e+03     9.944945762759789e+03     9.945109806160763e+03     9.945273574537770e+03     9.945437407871497e+03     9.946092735790980e+03
   43200           -1.17757466e+05            8.98802909e-01            9.99101601e-01            1.00089921e+00     9.886356377050946e+03     9.886502540764786e+03     9.886649038457686e+03     9.886795289383050e+03     9.886941595654094e+03     9.887526814257244e+03
   43400           -1.17650858e+05            4.34896203e-01            9.99565198e-01            1.00043499e+00     9.859570298688670e+03     9.859658773414812e+03     9.859747530940816e+03     9.859836061794864e+03     9.859924651658517e+03     9.860279004628366e+03
   43600           -1.17596013e+05            8.48001194e-01            9.99152358e-01            1.00084836e+00     9.929786366992405e+03     9.929930336179472e+03     9.930074663626894e+03     9.930218721937441e+03     9.930362842669307e+03     9.930939318346211e+03
   43800           -1.17820991e+05            8.52370983e-01            9.99147992e-01            1.00085273e+00     9.885861201879159e+03     9.886003716484187e+03     9.886146500328112e+03     9.886289066741472e+03     9.886431690504418e+03     9.887002179129675e+03
   44000           -1.17689945e+05            5.40377152e-01            9.99459769e-01            1.00054052e+00     1.001223729694068e+04     1.001233474050820e+04     1.001243250994209e+04     1.001253003031798e+04     1.001262761026204e+04     1.001301792358341e+04
   44200           -1.17637208e+05            9.46109372e-01            9.99054338e-01            1.00094656e+00     9.978027325734891e+03     9.978187457307084e+03     9.978347916502007e+03     9.978508120949447e+03     9.978668387920696e+03     9.979309450106499e+03
   44400           -1.17857499e+05            7.04219268e-01            9.99296029e-01            1.00070447e+00     9.881974278226267e+03     9.882094623860710e+03     9.882215277066176e+03     9.882335704594330e+03     9.882456182090500e+03     9.882938085954733e+03
   44600           -1.17934925e+05            7.66600034e-01            9.99233694e-01            1.00076689e+00     1.008376904552212e+04     1.008390161137647e+04     1.008403450365576e+04     1.008416715550835e+04     1.008429986111567e+04     1.008483067670921e+04
   44800           -1.18348971e+05            9.81108102e-01            9.99019373e-01            1.00098159e+00     9.939271790201688e+03     9.939430073790221e+03     9.939588738435865e+03     9.939747127054474e+03     9.939905574836894e+03     9.940539359472099e+03
   45000           -1.17843278e+05            8.53421006e-01            9.99146943e-01            1.00085379e+00     9.999214327586742e+03     9.999356943378560e+03     9.999499851295643e+03     9.999642552066016e+03     9.999785295586282e+03     1.000035626358582e+04
   45200           -1.17780350e+05            1.04112321e-01            9.99895893e-01            1.00010412e+00     1.004695258981861e+04     1.004700102069897e+04     1.004704981261162e+04     1.004709832996646e+04     1.004714691230453e+04     1.004734123479045e+04
   45400           -1.17792168e+05            8.13869719e-01            9.99186461e-01            1.00081420e+00     1.013721849250469e+04     1.013735494476091e+04     1.013749171452887e+04     1.013762823715413e+04     1.013776482124305e+04     1.013831114998140e+04
   45600           -1.17406653e+05            4.89003987e-01            9.99511116e-01            1.00048912e+00     9.975300613142266e+03     9.975393201849825e+03     9.975486121426980e+03     9.975578796219217e+03     9.975671525812009e+03     9.976042438481754e+03
   45800           -1.17433197e+05            1.57247291e+00            9.98428763e-01            1.00157371e+00     9.941140180879389e+03     9.941367804670199e+03     9.941595770988850e+03     9.941823483529299e+03     9.942051252957093e+03     9.942962325034796e+03
   46000           -1.17721602e+05            2.82251300e+00            9.97181467e-01            1.00282650e+00     9.984101443156029e+03     9.984491351862871e+03     9.984881618755391e+03     9.985271611946440e+03     9.985661669868690e+03     9.987221896581350e+03
   46200           -1.17599238e+05            9.29851990e-01            9.99070580e-01            1.00093028e+00     1.001851345783466e+04     1.001866171492227e+04     1.001881025087886e+04     1.001895857619848e+04     1.001910695103942e+04     1.001970044424418e+04
   46400           -1.17903262e+05           -1.16468778e-01            1.00011648e+00            9.99883538e-01     9.954579845562161e+03     9.954601358927888e+03     9.954623197266881e+03     9.954644779730073e+03     9.954666426492799e+03     9.954753007423438e+03
   46600           -1.17514824e+05            6.57700771e-01            9.99342515e-01            1.00065792e+00     1.000421367059931e+04     1.000433028839316e+04     1.000444719383475e+04     1.000456386437750e+04     1.000468059804436e+04     1.000514752548940e+04
   46800           -1.17548065e+05            4.52911733e-01            9.99547191e-01            1.00045301e+00     1.003613719753382e+04     1.003622827908172e+04     1.003631971738154e+04     1.003641089992277e+04     1.003650213645994e+04     1.003686707538606e+04
   47000           -1.17626692e+05            1.24848535e+00            9.98752294e-01            1.00124927e+00     9.854167901917042e+03     9.854355418759716e+03     9.854543277709068e+03     9.854730877342698e+03     9.854918537366673e+03     9.855669172816304e+03
   47200           -1.17802556e+05            9.32494735e-01            9.99067940e-01            1.00093293e+00     9.914083523169105e+03     9.914235007580875e+03     9.914386861929166e+03     9.914538426499596e+03     9.914690062964795e+03     9.915296602760482e+03
   47400           -1.17855798e+05            1.62690965e+00            9.98374413e-01            1.00162823e+00     9.958033838559822e+03     9.958272621249418e+03     9.958511735456786e+03     9.958750588942910e+03     9.958989507867685e+03     9.959945177175547e+03
   47600           -1.17811502e+05            1.09442009e+00            9.98906179e-01            1.00109502e+00     9.906835542973025e+03     9.907000794551748e+03     9.907166330295391e+03     9.907331636993113e+03     9.907497003920724e+03     9.908158464868422e+03
   47800           -1.17855893e+05            1.77842594e+00            9.98223155e-01            1.00178001e+00     9.898798896749198e+03     9.899055579574968e+03     9.899312593978253e+03     9.899569353120662e+03     9.899826173674972e+03     9.900853450600745e+03
   48000           -1.17612446e+05            2.11066339e+00            9.97891562e-01            1.00211289e+00     9.866288470343889e+03     9.866584402214519e+03     9.866880667660964e+03     9.867176680706583e+03     9.867472753228529e+03     9.868657036113171e+03
   48200           -1.17482181e+05            2.39628951e+00            9.97606579e-01            1.00239916e+00     9.916503719658334e+03     9.916838086645394e+03     9.917172804768819e+03     9.917507260676988e+03     9.917841776588502e+03     9.919179833518670e+03
   48400           -1.17704176e+05            3.57904788e+00            9.96427349e-01            1.00358546e+00     9.920013178534704e+03     9.920498223511600e+03     9.920983605012476e+03     9.921468722147738e+03     9.921953905343415e+03     9.923894632152125e+03
   48600           -1.17695922e+05            1.79969897e+00            9.98201920e-01            1.00180132e+00     9.855026719747786e+03     9.855285298818986e+03     9.855544204019419e+03     9.855802861692682e+03     9.856061577676599e+03     9.857096435605412e+03
   48800           -1.17766908e+05            2.54907109e+00            9.97454175e-01            1.00255232e+00     9.886922338184268e+03     9.887275363893341e+03     9.887628727010544e+03     9.887981839780854e+03     9.888335008866503e+03     9.889747679548738e+03
   49000           -1.17585580e+05            7.53349904e-01            9.99246934e-01            1.00075363e+00     9.827761558044818e+03     9.827894410660452e+03     9.828027590265576e+03     9.828160512880539e+03     9.828293499852209e+03     9.828825441659597e+03
   49200           -1.17828260e+05            2.28969379e+00            9.97712926e-01            1.00229232e+00     1.000104812094265e+04     1.000136887321909e+04     1.000168995793928e+04     1.000201078727537e+04     1.000233167818018e+04     1.000361523541772e+04
   49400           -1.17909301e+05            2.63020548e+00            9.97373250e-01            1.00263367e+00     9.926492608840283e+03     9.926857433634124e+03     9.927222551096864e+03     9.927587427662471e+03     9.927952369644001e+03     9.929412130447719e+03
   49600           -1.17627918e+05            1.27844642e+00            9.98722370e-01            1.00127926e+00     9.917576647102600e+03     9.917771102711649e+03     9.917965905809941e+03     9.918160451369471e+03     9.918355054571917e+03     9.919133462041234e+03
   49800           -1.17774089e+05            1.45617551e+00            9.98544884e-01            1.00145724e+00     9.874134619218725e+03     9.874357223160345e+03     9.874580139413349e+03     9.874802831166795e+03     9.875025570260936e+03     9.875916521303147e+03
   50000           -1.17550959e+05            1.32546320e+00            9.98675415e-01            1.00132634e+00     9.952548863043534e+03     9.952745115266807e+03     9.952941669768144e+03     9.953137988366767e+03     9.953334365257004e+03     9.954119867470468e+03

