#This file was generated on Mon Feb 10 22:28:01 2025
#Using the somd command, of the molecular library Sire version <2024.4.0.dev> 
#For more information visit: https://github.com/openbiosim/sire
#
#General information on simulation parameters:
#Simulation used 50000 moves, 1 cycles and 200 ps of simulation time
#Generating lambda is		 1.00000
#Alchemical array is		 (0.0, 0.125, 0.25, 0.375, 0.5, 1.0)
#Generating temperature is 	25°C
#Energy was saved every 200 steps 
#
#
#   [step]               [potential]                [gradient]      [forward Metropolis]     [backward Metropolis]                   [u_kl]
     200           -1.37390466e+05            2.39702736e-01            9.99760326e-01            1.00023973e+00     2.423364893651550e+04     2.423373153135727e+04     2.423381495217524e+04     2.423389779745239e+04     2.423398075271150e+04     2.423431256890749e+04
     400           -1.33554033e+05            7.51469870e-01            9.99248812e-01            1.00075175e+00     2.430508099742030e+04     2.430521893285347e+04     2.430535774333322e+04     2.430549594044232e+04     2.430563425604537e+04     2.430618751467043e+04
     600           -1.31208870e+05            1.45041021e+00            9.98550641e-01            1.00145146e+00     2.418981427991307e+04     2.419003993385217e+04     2.419026647579842e+04     2.419049241756748e+04     2.419071846503140e+04     2.419162265014974e+04
     800           -1.29439673e+05            1.25309858e+00            9.98747686e-01            1.00125388e+00     2.417682484161228e+04     2.417703721101989e+04     2.417725039686025e+04     2.417746301258678e+04     2.417767573847823e+04     2.417852663534418e+04
    1000           -1.28667832e+05            1.10922677e+00            9.98891388e-01            1.00110984e+00     2.416997989651998e+04     2.417016756076891e+04     2.417035604142370e+04     2.417054394176746e+04     2.417073195820452e+04     2.417148401988906e+04
    1200           -1.28080956e+05            1.28028711e+00            9.98720532e-01            1.00128111e+00     2.420746401833763e+04     2.420767759518142e+04     2.420789202743228e+04     2.420810584479687e+04     2.420831978834339e+04     2.420917555834915e+04
    1400           -1.27626051e+05            4.77920690e-01            9.99522193e-01            1.00047803e+00     2.428487903565569e+04     2.428498655883086e+04     2.428509493687845e+04     2.428520271652778e+04     2.428531061181831e+04     2.428574218798093e+04
    1600           -1.27490678e+05            1.96002020e+00            9.98041899e-01            1.00196194e+00     2.416823318814034e+04     2.416852605754499e+04     2.416881982290819e+04     2.416911298093893e+04     2.416940624660291e+04     2.417057930506548e+04
    1800           -1.27170548e+05            4.95486702e-01            9.99504636e-01            1.00049561e+00     2.424590200579225e+04     2.424600844773693e+04     2.424611575322826e+04     2.424622246486269e+04     2.424632928655637e+04     2.424675656732049e+04
    2000           -1.26874524e+05           -9.12396730e-02            1.00009124e+00            9.99908764e-01     2.422891753907673e+04     2.422894933234264e+04     2.422898208501687e+04     2.422901417640597e+04     2.422904639088614e+04     2.422917524269556e+04
    2200           -1.27167618e+05            9.51898194e-01            9.99048555e-01            1.00095235e+00     2.423428930699671e+04     2.423444999785887e+04     2.423461145812054e+04     2.423477234105386e+04     2.423493335378449e+04     2.423557740057229e+04
    2400           -1.27109095e+05            1.72807713e+00            9.98273415e-01            1.00172957e+00     2.420839674316942e+04     2.420865953718389e+04     2.420892323367453e+04     2.420918631224325e+04     2.420944950320163e+04     2.421050226323385e+04
    2600           -1.27045556e+05            1.69188383e+00            9.98309547e-01            1.00169332e+00     2.415199814296537e+04     2.415225277586814e+04     2.415250828378164e+04     2.415276319846140e+04     2.415301821822034e+04     2.415403829347530e+04
    2800           -1.26858330e+05            1.12302838e+00            9.98877602e-01            1.00112366e+00     2.420947395123679e+04     2.420966437682306e+04     2.420985565378697e+04     2.421004632463703e+04     2.421023711759249e+04     2.421100028394820e+04
    3000           -1.26941948e+05            1.02744449e+00            9.98973083e-01            1.00102797e+00     2.410962993260226e+04     2.410980316816836e+04     2.410997721830034e+04     2.411015072791815e+04     2.411032432842277e+04     2.411101872424328e+04
    3200           -1.26824872e+05            4.14470650e+00            9.95863871e-01            1.00415331e+00     2.425229037798648e+04     2.425286220100815e+04     2.425343487267135e+04     2.425400693147606e+04     2.425457911724903e+04     2.425686785651159e+04
    3400           -1.26984165e+05            9.41263064e-01            9.99059180e-01            1.00094171e+00     2.405370982916384e+04     2.405386263445641e+04     2.405401634213256e+04     2.405416945305219e+04     2.405432266196209e+04     2.405493549476034e+04
    3600           -1.26924516e+05            8.00439226e-01            9.99199881e-01            1.00080076e+00     2.420968862943662e+04     2.420983355880144e+04     2.420997943838956e+04     2.421012468431011e+04     2.421027003748809e+04     2.421085144553956e+04
    3800           -1.26628374e+05            2.64508868e+00            9.97358406e-01            1.00264859e+00     2.422977035227322e+04     2.423014764578409e+04     2.423052578495247e+04     2.423090334383557e+04     2.423128100880483e+04     2.423279166533643e+04
    4000           -1.26577845e+05            5.42377879e-02            9.99945764e-01            1.00005424e+00     2.418710711707529e+04     2.418716267687537e+04     2.418721910386024e+04     2.418727493258969e+04     2.418733087246303e+04     2.418755462785076e+04
    4200           -1.26706422e+05            1.87532597e-01            9.99812485e-01            1.00018755e+00     2.426100341622505e+04     2.426107508166609e+04     2.426114757282944e+04     2.426121948961428e+04     2.426129151506307e+04     2.426157961390108e+04
    4400           -1.26781951e+05            1.80448387e-01            9.99819568e-01            1.00018046e+00     2.415921360220120e+04     2.415928561328157e+04     2.415935846357651e+04     2.415943072400480e+04     2.415950309945748e+04     2.415979259671376e+04
    4600           -1.26719688e+05            1.17095805e+00            9.98829727e-01            1.00117164e+00     2.422208828769981e+04     2.422227399786292e+04     2.422246054647593e+04     2.422264653253856e+04     2.422283261541050e+04     2.422357694312118e+04
    4800           -1.26610288e+05           -2.68441370e-02            1.00002684e+00            9.99973156e-01     2.413286373708180e+04     2.413291263913014e+04     2.413296237958059e+04     2.413301153853106e+04     2.413306080708732e+04     2.413325787709283e+04
    5000           -1.26670716e+05            1.19830568e+00            9.98802412e-01            1.00119902e+00     2.413866838908763e+04     2.413886300238398e+04     2.413905845595528e+04     2.413925334936861e+04     2.413944833754552e+04     2.414022828600340e+04
    5200           -1.26775295e+05            1.51348734e+00            9.98487657e-01            1.00151463e+00     2.414843633971520e+04     2.414866881974542e+04     2.414890209915264e+04     2.414913480504327e+04     2.414936762857941e+04     2.415029891744363e+04
    5400           -1.26705077e+05            6.64730667e-01            9.99335490e-01            1.00066495e+00     2.428273530632662e+04     2.428286375382772e+04     2.428299302738866e+04     2.428312170939484e+04     2.428325051178501e+04     2.428376571724340e+04
    5600           -1.26821029e+05           -1.17574620e-01            1.00011758e+00            9.99882432e-01     2.422794416252269e+04     2.422797894004433e+04     2.422801451864855e+04     2.422804954328736e+04     2.422808467110904e+04     2.422822517969539e+04
    5800           -1.26934186e+05            8.62873263e-01            9.99137499e-01            1.00086325e+00     2.416333023240370e+04     2.416348478126954e+04     2.416364015980650e+04     2.416379497045218e+04     2.416394988490601e+04     2.416456953740833e+04
    6000           -1.26892317e+05            1.71801907e+00            9.98283456e-01            1.00171950e+00     2.423522735492625e+04     2.423548751387378e+04     2.423574857155479e+04     2.423600903041693e+04     2.423626959044416e+04     2.423731182596208e+04
    6200           -1.26919858e+05            1.47709793e+00            9.98523992e-01            1.00147819e+00     2.419127893072124e+04     2.419151673271276e+04     2.419175539705315e+04     2.419199347099455e+04     2.419223165278986e+04     2.419318437485848e+04
    6400           -1.26975473e+05            2.94912386e+00            9.97055221e-01            1.00295348e+00     2.424074725503692e+04     2.424116740331707e+04     2.424158838596987e+04     2.424200879644036e+04     2.424242931139747e+04     2.424411136775803e+04
    6600           -1.26737014e+05            1.83570290e+00            9.98165981e-01            1.00183739e+00     2.431337561719001e+04     2.431365479517051e+04     2.431393485497209e+04     2.431421430538608e+04     2.431449386964944e+04     2.431561212210886e+04
    6800           -1.26615706e+05            3.31367864e-01            9.99668687e-01            1.00033142e+00     2.419414764589692e+04     2.419423471736010e+04     2.419432258457406e+04     2.419440987896723e+04     2.419449729163949e+04     2.419484693738205e+04
    7000           -1.26756685e+05            2.95652961e+00            9.97047837e-01            1.00296090e+00     2.416820914624232e+04     2.416862699162199e+04     2.416904568566409e+04     2.416946378806397e+04     2.416988200360605e+04     2.417155486096979e+04
    7200           -1.26621258e+05            2.06803648e+00            9.97934100e-01            1.00207018e+00     2.418562569003767e+04     2.418593497811314e+04     2.418624511743182e+04     2.418655466343293e+04     2.418686432188849e+04     2.418810295373932e+04
    7400           -1.26601955e+05            5.28582436e+00            9.94728121e-01            1.00529982e+00     2.424519127737044e+04     2.424589794780947e+04     2.424660541210552e+04     2.424731232767988e+04     2.424801934585159e+04     2.425084741433275e+04
    7600           -1.26659627e+05            1.50397287e+00            9.98497158e-01            1.00150510e+00     2.418669709051914e+04     2.418693692099573e+04     2.418717758215601e+04     2.418741765432392e+04     2.418765784354325e+04     2.418861859656735e+04
    7800           -1.26635755e+05            1.55808464e+00            9.98443129e-01            1.00155930e+00     2.417622807471973e+04     2.417647047875285e+04     2.417671364306619e+04     2.417695627967059e+04     2.417719901595555e+04     2.417816995719138e+04
    8000           -1.26742187e+05            2.75230999e-01            9.99724807e-01            1.00027527e+00     2.412896221196723e+04     2.412903661660869e+04     2.412911186625650e+04     2.412918654518649e+04     2.412926132435984e+04     2.412956043675245e+04
    8200           -1.26683485e+05            1.60523709e+00            9.98396051e-01            1.00160653e+00     2.433153260565609e+04     2.433177910667930e+04     2.433202649323941e+04     2.433227328174310e+04     2.433252017544880e+04     2.433350774524152e+04
    8400           -1.26490260e+05           -2.52633158e-02            1.00002526e+00            9.99974737e-01     2.426078918969091e+04     2.426083249527665e+04     2.426087663112793e+04     2.426092019768457e+04     2.426096386832608e+04     2.426113854696125e+04
    8600           -1.26462293e+05            1.06514347e+00            9.98935424e-01            1.00106571e+00     2.433342040464227e+04     2.433360235451576e+04     2.433378513197544e+04     2.433396731486799e+04     2.433414961946476e+04     2.433487883428724e+04
    8800           -1.26872120e+05            8.80927882e-01            9.99119460e-01            1.00088132e+00     2.414677069919938e+04     2.414692440149665e+04     2.414707890175806e+04     2.414723284608269e+04     2.414738689692361e+04     2.414800309464783e+04
    9000           -1.26703775e+05            1.60190015e+00            9.98399382e-01            1.00160318e+00     2.427500559961141e+04     2.427525095083103e+04     2.427549711287682e+04     2.427574268422165e+04     2.427598838069475e+04     2.427697116177809e+04
    9200           -1.27024543e+05            2.18393474e-01            9.99781630e-01            1.00021842e+00     2.421033893908274e+04     2.421041746019385e+04     2.421049679802147e+04     2.421057557715741e+04     2.421065445777533e+04     2.421096997646792e+04
    9400           -1.26523407e+05            1.39894074e+00            9.98602037e-01            1.00139992e+00     2.431481262008748e+04     2.431503555242216e+04     2.431525936901232e+04     2.431548258522069e+04     2.431570590847703e+04     2.431659919686659e+04
    9600           -1.26684995e+05            2.47553397e-01            9.99752477e-01            1.00024758e+00     2.420007899611053e+04     2.420015857945896e+04     2.420023900259546e+04     2.420031882181279e+04     2.420039876537734e+04     2.420071853464414e+04
    9800           -1.26729127e+05            4.38916490e-01            9.99561180e-01            1.00043901e+00     2.423915159149162e+04     2.423925384287054e+04     2.423935698967333e+04     2.423945953062009e+04     2.423956217831127e+04     2.423997276513091e+04
   10000           -1.26811660e+05            4.49150739e-01            9.99550950e-01            1.00044925e+00     2.424568213401822e+04     2.424578338582699e+04     2.424588547955357e+04     2.424598697947859e+04     2.424608859596238e+04     2.424649505790655e+04
   10200           -1.26532169e+05            2.24655521e+00            9.97755966e-01            1.00224908e+00     2.417273856065412e+04     2.417305993721916e+04     2.417338210164036e+04     2.417370371385217e+04     2.417402543298724e+04     2.417531230532037e+04
   10400           -1.26809787e+05            2.21069916e+00            9.97791743e-01            1.00221314e+00     2.422748517169467e+04     2.422781216253773e+04     2.422814002984620e+04     2.422846731919065e+04     2.422879470303096e+04     2.423010423436726e+04
   10600           -1.26671709e+05            5.68658967e-01            9.99431503e-01            1.00056882e+00     2.420707640650281e+04     2.420719793519822e+04     2.420732040185829e+04     2.420744224241517e+04     2.420756418913960e+04     2.420805197177640e+04
   10800           -1.26742067e+05            1.14195639e+00            9.98858695e-01            1.00114261e+00     2.416925422065599e+04     2.416944745189373e+04     2.416964152311071e+04     2.416983497958758e+04     2.417002856704686e+04     2.417080291343774e+04
   11000           -1.27012467e+05            6.52609325e-01            9.99347604e-01            1.00065282e+00     2.423199448099831e+04     2.423212288427476e+04     2.423225218155624e+04     2.423238086641758e+04     2.423250966307175e+04     2.423302484514518e+04
   11200           -1.27093163e+05            9.35292198e-01            9.99065145e-01            1.00093573e+00     2.421528849377851e+04     2.421545561796407e+04     2.421562351361016e+04     2.421579086763669e+04     2.421595832763776e+04     2.421662816149701e+04
   11400           -1.27081846e+05            1.38560716e+00            9.98615352e-01            1.00138657e+00     2.422776542733635e+04     2.422798259697493e+04     2.422820053146679e+04     2.422841790133569e+04     2.422863539446299e+04     2.422950536158963e+04
   11600           -1.27142971e+05            1.45004442e+00            9.98551006e-01            1.00145110e+00     2.431522364265179e+04     2.431544429330315e+04     2.431566586489928e+04     2.431588681330640e+04     2.431610787144979e+04     2.431699210024780e+04
   11800           -1.26996615e+05            7.14606320e-01            9.99285649e-01            1.00071486e+00     2.416446007350284e+04     2.416459605673642e+04     2.416473283245899e+04     2.416486905737642e+04     2.416500538687756e+04     2.416555070025229e+04
   12000           -1.27053855e+05            2.86460332e-01            9.99713581e-01            1.00028650e+00     2.430869582302230e+04     2.430877879064462e+04     2.430886261893113e+04     2.430894588337911e+04     2.430902923781860e+04     2.430936265261490e+04
   12200           -1.27327189e+05            1.00145188e+00            9.98999049e-01            1.00100195e+00     2.427456149511600e+04     2.427473030980106e+04     2.427489992936218e+04     2.427506898150822e+04     2.427523814511554e+04     2.427591479511509e+04
   12400           -1.26875530e+05            4.59773706e-01            9.99540332e-01            1.00045988e+00     2.417592101286374e+04     2.417602416875904e+04     2.417612815869245e+04     2.417623156549545e+04     2.417633508478575e+04     2.417674915670775e+04
   12600           -1.26884488e+05            2.11171750e+00            9.97890511e-01            1.00211395e+00     2.423908052600504e+04     2.423939687014376e+04     2.423971399567775e+04     2.424003058180643e+04     2.424034726847155e+04     2.424161401093805e+04
   12800           -1.26793256e+05            4.23305484e-01            9.99576784e-01            1.00042340e+00     2.430415655119657e+04     2.430425837027960e+04     2.430436103864636e+04     2.430446311238110e+04     2.430456530032701e+04     2.430497404945745e+04
   13000           -1.26649403e+05            1.03907446e+00            9.98961465e-01            1.00103961e+00     2.420517207497361e+04     2.420534523969306e+04     2.420551930838517e+04     2.420569276145508e+04     2.420586632473769e+04     2.420656057450178e+04
   13200           -1.26868997e+05            9.80392810e-01            9.99020088e-01            1.00098087e+00     2.419452073479582e+04     2.419468709410688e+04     2.419485436332875e+04     2.419502101635192e+04     2.419518777866182e+04     2.419585482252783e+04
   13400           -1.26713580e+05            2.26631430e-01            9.99773394e-01            1.00022666e+00     2.411227943589534e+04     2.411235468492537e+04     2.411243077155102e+04     2.411250628135555e+04     2.411258189803331e+04     2.411288436017129e+04
   13600           -1.26784324e+05            4.30160484e-01            9.99569932e-01            1.00043025e+00     2.419556586754959e+04     2.419566673799567e+04     2.419576843837274e+04     2.419586957050920e+04     2.419597080678506e+04     2.419637574602054e+04
   13800           -1.26610172e+05            2.57995906e+00            9.97423366e-01            1.00258329e+00     2.408616953753446e+04     2.408653685122066e+04     2.408690497851392e+04     2.408727251502408e+04     2.408764017610095e+04     2.408911081466744e+04
   14000           -1.26604100e+05            5.59343086e-02            9.99944067e-01            1.00005594e+00     2.402452065992521e+04     2.402458374388142e+04     2.402464762713696e+04     2.402471095452914e+04     2.402477438782779e+04     2.402502811573037e+04
   14200           -1.26615948e+05           -1.81252449e-01            1.00018127e+00            9.99818764e-01     2.415214563541345e+04     2.415217660873687e+04     2.415220836276259e+04     2.415223957781411e+04     2.415227089369880e+04     2.415239615198415e+04
   14400           -1.26888586e+05            1.64817516e+00            9.98353182e-01            1.00164953e+00     2.415388903519165e+04     2.415414194543365e+04     2.415439567838407e+04     2.415464883817766e+04     2.415490210775532e+04     2.415591518031900e+04
   14600           -1.27096385e+05            1.28846098e+00            9.98712369e-01            1.00128929e+00     2.412140705216263e+04     2.412161278204582e+04     2.412181933890883e+04     2.412202533995043e+04     2.412223143794023e+04     2.412305582371782e+04
   14800           -1.26947830e+05            5.84998071e-01            9.99415173e-01            1.00058517e+00     2.411230845184536e+04     2.411242976490049e+04     2.411255189423603e+04     2.411267344912137e+04     2.411279511613857e+04     2.411328178043179e+04
   15000           -1.26767118e+05            2.78651297e-01            9.99721388e-01            1.00027869e+00     2.418958569767608e+04     2.418967264695276e+04     2.418976049669237e+04     2.418984770544971e+04     2.418993504260253e+04     2.419028438752897e+04
   15200           -1.26835717e+05            2.67634943e+00            9.97327229e-01            1.00267993e+00     2.415258831583205e+04     2.415296800760559e+04     2.415334852041783e+04     2.415372845934255e+04     2.415410850847025e+04     2.415562870110845e+04
   15400           -1.26555404e+05            2.31750412e-01            9.99768276e-01            1.00023178e+00     2.417396693459061e+04     2.417404184227178e+04     2.417411761147143e+04     2.417419278812380e+04     2.417426807451915e+04     2.417456921444770e+04
   15600           -1.26583552e+05            9.90600310e-01            9.99009890e-01            1.00099109e+00     2.424634977101074e+04     2.424652234042682e+04     2.424669577566266e+04     2.424686859548965e+04     2.424704153773463e+04     2.424773330445851e+04
   15800           -1.26685953e+05            6.21462904e-01            9.99378730e-01            1.00062166e+00     2.426544906614114e+04     2.426557130170762e+04     2.426569438648614e+04     2.426581688553263e+04     2.426593949299804e+04     2.426642991985495e+04
   16000           -1.26564121e+05            5.80025049e-01            9.99420143e-01            1.00058019e+00     2.411677089723430e+04     2.411688718448277e+04     2.411700435630037e+04     2.411712094861639e+04     2.411723763339862e+04     2.411770436956294e+04
   16200           -1.26699156e+05            9.97034394e-01            9.99003462e-01            1.00099753e+00     2.399938668165763e+04     2.399955581422049e+04     2.399972578972869e+04     2.399989518519242e+04     2.400006468767053e+04     2.400074269368344e+04
   16400           -1.26606868e+05            2.67646829e-01            9.99732389e-01            1.00026768e+00     2.414934040300960e+04     2.414942284768255e+04     2.414950604176005e+04     2.414958870533914e+04     2.414967147419268e+04     2.415000254537576e+04
   16600           -1.26651308e+05            1.29354942e+00            9.98707287e-01            1.00129439e+00     2.414746161208538e+04     2.414766708158648e+04     2.414787343231127e+04     2.414807918313442e+04     2.414828504133262e+04     2.414910847057987e+04
   16800           -1.26807191e+05            1.97311656e-01            9.99802708e-01            1.00019733e+00     2.412363877035097e+04     2.412370953761330e+04     2.412378101895297e+04     2.412385197598609e+04     2.412392304631412e+04     2.412420732227727e+04
   17000           -1.26603573e+05            6.91021090e-01            9.99309218e-01            1.00069126e+00     2.421040852373315e+04     2.421054052036802e+04     2.421067342241228e+04     2.421080569072530e+04     2.421093808097275e+04     2.421146763821234e+04
   17200           -1.26923284e+05            8.24284442e-01            9.99176055e-01            1.00082462e+00     2.415783735706224e+04     2.415798881453932e+04     2.415814103933397e+04     2.415829273365672e+04     2.415844452753456e+04     2.415905169800688e+04
   17400           -1.26616789e+05            2.16474539e-01            9.99783549e-01            1.00021650e+00     2.419017290849308e+04     2.419024946838895e+04     2.419032681428307e+04     2.419040359698909e+04     2.419048049472210e+04     2.419078808095113e+04
   17600           -1.26520166e+05            2.80464777e-01            9.99719575e-01            1.00028050e+00     2.418720058874051e+04     2.418727732277025e+04     2.418735498940300e+04     2.418743203332204e+04     2.418750918301885e+04     2.418781777729719e+04
   17800           -1.26716488e+05            1.72015851e+00            9.98281320e-01            1.00172164e+00     2.410133043391627e+04     2.410159042968578e+04     2.410185124817866e+04     2.410211149740835e+04     2.410237185345882e+04     2.410341327300138e+04
   18000           -1.26662540e+05            1.74475614e+00            9.98256765e-01            1.00174628e+00     2.421573069834347e+04     2.421599524363264e+04     2.421626069726743e+04     2.421652553207506e+04     2.421679047826013e+04     2.421785025817679e+04
   18200           -1.26929998e+05            1.90265186e+00            9.98099157e-01            1.00190446e+00     2.418871425552201e+04     2.418899766889570e+04     2.418928190712546e+04     2.418956557383070e+04     2.418984934797839e+04     2.419098444043477e+04
   18400           -1.26916148e+05            5.40591469e-01            9.99459555e-01            1.00054074e+00     2.413944309905487e+04     2.413955447634095e+04     2.413966670403090e+04     2.413977836538856e+04     2.413989012272589e+04     2.414033714639691e+04
   18600           -1.27003205e+05            1.13590173e+00            9.98864743e-01            1.00113655e+00     2.413111146520464e+04     2.413129943977391e+04     2.413148824237442e+04     2.413167647368798e+04     2.413186481109964e+04     2.413261815699465e+04
   18800           -1.26777670e+05            1.06063936e+00            9.98939923e-01            1.00106120e+00     2.405305454735794e+04     2.405323979181200e+04     2.405342583123723e+04     2.405361129662289e+04     2.405379688099573e+04     2.405453921463353e+04
   19000           -1.26535334e+05            5.62939523e-01            9.99437219e-01            1.00056310e+00     2.413802932081155e+04     2.413814336860640e+04     2.413825831693288e+04     2.413837267110181e+04     2.413848712231656e+04     2.413894492382158e+04
   19200           -1.26681614e+05            8.14939671e-02            9.99918509e-01            1.00008150e+00     2.415419067356247e+04     2.415425056937162e+04     2.415431130865181e+04     2.415437147668209e+04     2.415443174579888e+04     2.415467281803528e+04
   19400           -1.26615235e+05            1.67878171e+00            9.98322627e-01            1.00168019e+00     2.404552145560249e+04     2.404577781371208e+04     2.404603505092161e+04     2.404629168191474e+04     2.404654842480871e+04     2.404757539401492e+04
   19600           -1.26636561e+05            5.85930364e-01            9.99414241e-01            1.00058610e+00     2.406907325391504e+04     2.406919430624418e+04     2.406931622808499e+04     2.406943755348945e+04     2.406955898863691e+04     2.407004472335878e+04
   19800           -1.26809522e+05            5.40504659e-01            9.99459641e-01            1.00054065e+00     2.412879642172073e+04     2.412891286702665e+04     2.412903012432068e+04     2.412914680736345e+04     2.412926360437745e+04     2.412973078703417e+04
   20000           -1.26701045e+05            2.73682382e-01            9.99726355e-01            1.00027372e+00     2.411578569846853e+04     2.411586929648764e+04     2.411595381693007e+04     2.411603770620598e+04     2.411612171018403e+04     2.411645772189954e+04
   20200           -1.26709247e+05            6.41502756e-01            9.99358703e-01            1.00064171e+00     2.423236978913088e+04     2.423249477921501e+04     2.423262054761483e+04     2.423274579350180e+04     2.423287112978235e+04     2.423337247043381e+04
   20400           -1.26950544e+05            3.64543663e-01            9.99635523e-01            1.00036461e+00     2.404199173056523e+04     2.404208723407542e+04     2.404218362939224e+04     2.404227940908158e+04     2.404237530320284e+04     2.404275887584045e+04
   20600           -1.26871237e+05            9.74758868e-01            9.99025716e-01            1.00097523e+00     2.406825990849517e+04     2.406843321790417e+04     2.406860740871908e+04     2.406878097367627e+04     2.406895466331629e+04     2.406964941813742e+04
   20800           -1.26879161e+05            1.62387221e+00            9.98377446e-01            1.00162519e+00     2.401080811464931e+04     2.401105841528282e+04     2.401130958040090e+04     2.401156014993466e+04     2.401181082964304e+04     2.401281354463676e+04
   21000           -1.26671698e+05            8.48363367e-01            9.99151996e-01            1.00084872e+00     2.417138881349425e+04     2.417154659989475e+04     2.417170527170671e+04     2.417186333236842e+04     2.417202150700560e+04     2.417265420051696e+04
   21200           -1.26864290e+05            1.01481815e+00            9.98985697e-01            1.00101533e+00     2.407900080685537e+04     2.407917503073997e+04     2.407935010515987e+04     2.407952460256412e+04     2.407969920227225e+04     2.408039759768913e+04
   21400           -1.26858286e+05            4.07004961e-01            9.99593078e-01            1.00040709e+00     2.404587400314660e+04     2.404597781252553e+04     2.404608246988884e+04     2.404618652848218e+04     2.404629070523443e+04     2.404670740732227e+04
   21600           -1.26935387e+05            1.60801208e+00            9.98393280e-01            1.00160931e+00     2.414740595216035e+04     2.414765734438228e+04     2.414790966063155e+04     2.414816135039678e+04     2.414841315095644e+04     2.414942034975252e+04
   21800           -1.26868778e+05            3.27025629e+00            9.96735085e-01            1.00327561e+00     2.412515988609547e+04     2.412561723926170e+04     2.412607547304227e+04     2.412653311377696e+04     2.412699085764994e+04     2.412882182920441e+04
   22000           -1.26924628e+05            6.93890753e-01            9.99306350e-01            1.00069413e+00     2.405769514360584e+04     2.405782323570543e+04     2.405795225872635e+04     2.405808065461393e+04     2.405820915960753e+04     2.405872317560922e+04
   22200           -1.26913409e+05            2.92071872e-01            9.99707971e-01            1.00029211e+00     2.407499295207493e+04     2.407507820264995e+04     2.407516435783385e+04     2.407524990251637e+04     2.407533555396536e+04     2.407567815585580e+04
   22400           -1.26754593e+05            3.14662367e+00            9.96858322e-01            1.00315158e+00     2.422927273728101e+04     2.422970527587891e+04     2.423013864968283e+04     2.423057141261910e+04     2.423100430574062e+04     2.423273587420023e+04
   22600           -1.26684823e+05            4.88610543e-02            9.99951140e-01            1.00004886e+00     2.411476593977185e+04     2.411481985141469e+04     2.411487462484483e+04     2.411492883017999e+04     2.411498312860713e+04     2.411520031744242e+04
   22800           -1.26529544e+05            1.17657545e-01            9.99882349e-01            1.00011766e+00     2.419246695050402e+04     2.419252515821333e+04     2.419258418004644e+04     2.419264263044847e+04     2.419270119224306e+04     2.419293543398210e+04
   23000           -1.26827878e+05            5.98112059e-01            9.99402067e-01            1.00059829e+00     2.407462854975977e+04     2.407474939759716e+04     2.407487111296584e+04     2.407499222273649e+04     2.407511344886147e+04     2.407559834796317e+04
   23200           -1.26724386e+05            2.19700215e-01            9.99780324e-01            1.00021972e+00     2.417208556584349e+04     2.417214936001593e+04     2.417221397129618e+04     2.417227801088304e+04     2.417234216117136e+04     2.417259875649923e+04
   23400           -1.26721208e+05            3.70224860e+00            9.96304596e-01            1.00370911e+00     2.412931240127851e+04     2.412981906450060e+04     2.413032651017536e+04     2.413083341700643e+04     2.413134042399746e+04     2.413336844671641e+04
   23600           -1.26735371e+05            1.85723822e+00            9.98144485e-01            1.00185896e+00     2.405870861338038e+04     2.405899122713271e+04     2.405927468894709e+04     2.405955755768671e+04     2.405984054063245e+04     2.406097246788453e+04
   23800           -1.26880938e+05            9.34886771e-01            9.99065550e-01            1.00093532e+00     2.418917714644906e+04     2.418933971020522e+04     2.418950314476344e+04     2.418966598369199e+04     2.418982893094134e+04     2.419048071543363e+04
   24000           -1.26862819e+05            1.33747209e+00            9.98663422e-01            1.00133837e+00     2.412295461290384e+04     2.412316298966388e+04     2.412337225670418e+04     2.412358091171004e+04     2.412378967920394e+04     2.412462474550403e+04
   24200           -1.26747996e+05            7.38328999e-01            9.99261943e-01            1.00073860e+00     2.423564744403293e+04     2.423578067134990e+04     2.423591474729945e+04     2.423604824077461e+04     2.423618184169129e+04     2.423671623934965e+04
   24400           -1.26826956e+05            1.12319784e+00            9.98877433e-01            1.00112383e+00     2.416831183824435e+04     2.416849611396057e+04     2.416868122668995e+04     2.416886576123119e+04     2.416905040289153e+04     2.416978896753872e+04
   24600           -1.26892781e+05           -2.78621800e-01            1.00027866e+00            9.99721417e-01     2.428344891371170e+04     2.428345966254812e+04     2.428347133341657e+04     2.428348238476630e+04     2.428349354302806e+04     2.428353817234442e+04
   24800           -1.26803934e+05            2.76253056e+00            9.97241282e-01            1.00276635e+00     2.409160291171767e+04     2.409199759126016e+04     2.409239311625408e+04     2.409278807320902e+04     2.409318312892974e+04     2.409476334614180e+04
   25000           -1.26600002e+05            9.37903066e-01            9.99062537e-01            1.00093834e+00     2.426544161797564e+04     2.426561161509835e+04     2.426578245968272e+04     2.426595271965708e+04     2.426612308866787e+04     2.426680455936010e+04
   25200           -1.26646925e+05            2.57586737e+00            9.97427447e-01            1.00257919e+00     2.404574714765318e+04     2.404611891514978e+04     2.404649156495136e+04     2.404686359938388e+04     2.404723575171315e+04     2.404872435577312e+04
   25400           -1.26765238e+05            7.81762494e-01            9.99218543e-01            1.00078207e+00     2.419196521831540e+04     2.419211570047070e+04     2.419226706714733e+04     2.419241783867837e+04     2.419256871365206e+04     2.419317220898873e+04
   25600           -1.26963101e+05            1.77439088e+00            9.98227182e-01            1.00177597e+00     2.388429352774744e+04     2.388456377531932e+04     2.388483483677304e+04     2.388510534515693e+04     2.388537595256386e+04     2.388645837738029e+04
   25800           -1.26748286e+05            2.54728816e+00            9.97455953e-01            1.00255054e+00     2.418976965729315e+04     2.419013746634588e+04     2.419050611356774e+04     2.419087420426583e+04     2.419124238786255e+04     2.419271511843194e+04
   26000           -1.26783413e+05            7.78381045e-01            9.99221922e-01            1.00077868e+00     2.415704573325229e+04     2.415718610247006e+04     2.415732726735200e+04     2.415746786789249e+04     2.415760858126229e+04     2.415817142927229e+04
   26200           -1.26720374e+05            2.08633039e+00            9.97915844e-01            1.00208851e+00     2.397350419650966e+04     2.397380784648764e+04     2.397411228088076e+04     2.397441615846527e+04     2.397472014721305e+04     2.397593609791644e+04
   26400           -1.26883451e+05            5.36904862e-01            9.99463239e-01            1.00053705e+00     2.414112727794078e+04     2.414123538056046e+04     2.414134429739952e+04     2.414145261980370e+04     2.414156106824457e+04     2.414199485854837e+04
   26600           -1.26810179e+05            1.25949001e+00            9.98741303e-01            1.00126028e+00     2.407579391094341e+04     2.407600525208048e+04     2.407621735933733e+04     2.407642891752899e+04     2.407664058766131e+04     2.407748726437922e+04
   26800           -1.26630256e+05            5.23059127e-01            9.99477078e-01            1.00052320e+00     2.412392636630508e+04     2.412403899490645e+04     2.412415245128220e+04     2.412426532959050e+04     2.412437831924807e+04     2.412483027219105e+04
   27000           -1.26752307e+05            3.61274232e-01            9.99638791e-01            1.00036134e+00     2.408536669851819e+04     2.408546321827211e+04     2.408556055253218e+04     2.408565731455242e+04     2.408575418822062e+04     2.408614167792306e+04
   27200           -1.26819925e+05            8.71270270e-01            9.99129109e-01            1.00087165e+00     2.412552917237897e+04     2.412567374441240e+04     2.412581924583781e+04     2.412596412401952e+04     2.412610910958561e+04     2.412668904679224e+04
   27400           -1.26907638e+05            2.54024930e+00            9.97462974e-01            1.00254348e+00     2.404197992621352e+04     2.404234350463126e+04     2.404270795931128e+04     2.404307181175794e+04     2.404343577476454e+04     2.404489162331556e+04
   27600           -1.26810711e+05            1.19645785e+00            9.98804258e-01            1.00119717e+00     2.417815164256728e+04     2.417834666511346e+04     2.417854255750585e+04     2.417873784867612e+04     2.417893325207578e+04     2.417971486158427e+04
   27800           -1.27076501e+05            2.20429509e-01            9.99779595e-01            1.00022045e+00     2.416889838443223e+04     2.416897079647340e+04     2.416904408858230e+04     2.416911677242782e+04     2.416918956969931e+04     2.416948075496639e+04
   28000           -1.27066940e+05            2.09078188e+00            9.97911402e-01            1.00209297e+00     2.420369036182747e+04     2.420399522456000e+04     2.420430099204479e+04     2.420460614950109e+04     2.420491141381755e+04     2.420613246580764e+04
   28200           -1.26838085e+05            1.30882306e+00            9.98692033e-01            1.00130968e+00     2.413295962500522e+04     2.413317451260225e+04     2.413339028657255e+04     2.413360544259921e+04     2.413382071706584e+04     2.413468180912646e+04
   28400           -1.26719621e+05            1.24820178e+00            9.98752577e-01            1.00124898e+00     2.416261067961340e+04     2.416281299535466e+04     2.416301611950859e+04     2.416321868033248e+04     2.416342134865325e+04     2.416423201769311e+04
   28600           -1.26891064e+05            2.05317563e+00            9.97948931e-01            1.00205528e+00     2.396835425188148e+04     2.396865598280673e+04     2.396895849778270e+04     2.396926044815664e+04     2.396956251498752e+04     2.397077077809356e+04
   28800           -1.26755474e+05            2.32434995e-01            9.99767592e-01            1.00023246e+00     2.422312429939879e+04     2.422319783452169e+04     2.422327214363212e+04     2.422334589192742e+04     2.422341975760385e+04     2.422371521580891e+04
   29000           -1.26957682e+05            3.41921669e-01            9.99658137e-01            1.00034198e+00     2.411767071271794e+04     2.411776558146018e+04     2.411786130959415e+04     2.411795644925995e+04     2.411805169609022e+04     2.411843267946251e+04
   29200           -1.26815406e+05            3.08265126e-01            9.99691782e-01            1.00030831e+00     2.409329269142362e+04     2.409338096507487e+04     2.409347001571558e+04     2.409355850531090e+04     2.409364711214751e+04     2.409400153287140e+04
   29400           -1.26764482e+05            6.38041107e-03            9.99993620e-01            1.00000638e+00     2.419733665943623e+04     2.419738713774816e+04     2.419743858328539e+04     2.419748940879851e+04     2.419754032640931e+04     2.419774399338240e+04
   29600           -1.26497974e+05            2.25322083e+00            9.97749316e-01            1.00225576e+00     2.422965449508543e+04     2.422998694926653e+04     2.423032023588470e+04     2.423065296828510e+04     2.423098579382004e+04     2.423231709255466e+04
   29800           -1.26510436e+05            1.17954081e+00            9.98821155e-01            1.00118024e+00     2.414491156726464e+04     2.414509572493696e+04     2.414528071796763e+04     2.414546514778002e+04     2.414564967578235e+04     2.414638778430006e+04
   30000           -1.26631846e+05            1.57904598e+00            9.98422200e-01            1.00158029e+00     2.421560552841874e+04     2.421585040669974e+04     2.421609615841137e+04     2.421634133221237e+04     2.421658660154946e+04     2.421756767468018e+04
   30200           -1.26742286e+05            1.24189445e+00            9.98758876e-01            1.00124267e+00     2.422426438996397e+04     2.422446354425677e+04     2.422466356079986e+04     2.422486298161227e+04     2.422506251280838e+04     2.422586063565280e+04
   30400           -1.26882570e+05            1.87851683e+00            9.98123246e-01            1.00188028e+00     2.419588165943734e+04     2.419617054160919e+04     2.419646017800362e+04     2.419674928514410e+04     2.419703849495959e+04     2.419819533048185e+04
   30600           -1.27077267e+05            9.93572185e-01            9.99006921e-01            1.00099407e+00     2.401998283990740e+04     2.402014902865193e+04     2.402031605297286e+04     2.402048249267014e+04     2.402064904535902e+04     2.402131525081065e+04
   30800           -1.26921199e+05            4.20432116e-02            9.99957958e-01            1.00004204e+00     2.407737973769246e+04     2.407743276404789e+04     2.407748666467627e+04     2.407753996523806e+04     2.407759337595114e+04     2.407780701420982e+04
   31000           -1.27119525e+05            2.01147196e+00            9.97990550e-01            1.00201350e+00     2.422636442517935e+04     2.422666213150471e+04     2.422696065354296e+04     2.422725860055601e+04     2.422755666076129e+04     2.422874889634323e+04
   31200           -1.27046322e+05            9.01980420e-01            9.99098426e-01            1.00090239e+00     2.399889164052559e+04     2.399905321986835e+04     2.399921564808564e+04     2.399937750411126e+04     2.399953946026026e+04     2.400018727999494e+04
   31400           -1.26877495e+05            5.93123192e-01            9.99407053e-01            1.00059330e+00     2.411982091529022e+04     2.411993954684945e+04     2.412005908386885e+04     2.412017800690461e+04     2.412029703921179e+04     2.412077316313334e+04
   31600           -1.27137354e+05            2.80878364e+00            9.97195157e-01            1.00281273e+00     2.414570407658168e+04     2.414610470564533e+04     2.414650624750523e+04     2.414690718339091e+04     2.414730821979351e+04     2.414891236300534e+04
   31800           -1.26761530e+05            3.08191123e+00            9.96922833e-01            1.00308667e+00     2.415206908016761e+04     2.415250000425828e+04     2.415293171888742e+04     2.415336287142619e+04     2.415379413635444e+04     2.415551919254127e+04
   32000           -1.26985502e+05            8.61274286e-01            9.99139097e-01            1.00086165e+00     2.413132713660179e+04     2.413147876628501e+04     2.413163110821155e+04     2.413178294460518e+04     2.413193488186707e+04     2.413254262713234e+04
   32200           -1.26961193e+05            6.40975289e-01            9.99359230e-01            1.00064118e+00     2.416313533164690e+04     2.416326748141360e+04     2.416340056120256e+04     2.416353300280105e+04     2.416366556146442e+04     2.416419579128193e+04
   32400           -1.26926769e+05            7.35870188e-01            9.99264400e-01            1.00073614e+00     2.401989629695690e+04     2.402003559710022e+04     2.402017579510181e+04     2.402031536898861e+04     2.402045506017736e+04     2.402101382339781e+04
   32600           -1.26638995e+05            1.75620766e+00            9.98245334e-01            1.00175775e+00     2.420735242328330e+04     2.420762570554647e+04     2.420789992425095e+04     2.420817350410541e+04     2.420844719966453e+04     2.420954197604576e+04
   32800           -1.26735695e+05            6.51318026e-01            9.99348894e-01            1.00065153e+00     2.412498247375877e+04     2.412511604732203e+04     2.412525048355375e+04     2.412538435029407e+04     2.412551831081935e+04     2.412605414787993e+04
   33000           -1.26656001e+05            8.12069914e-01            9.99188260e-01            1.00081240e+00     2.423165830041899e+04     2.423180468528180e+04     2.423195183536532e+04     2.423209843862759e+04     2.423224515279857e+04     2.423283200517816e+04
   33200           -1.26744165e+05           -1.11719804e-01            1.00011173e+00            9.99888286e-01     2.420514082477808e+04     2.420517777949666e+04     2.420521560724260e+04     2.420525284763457e+04     2.420529018973369e+04     2.420543955468930e+04
   33400           -1.26870197e+05            1.25562031e+00            9.98745168e-01            1.00125641e+00     2.407511544665917e+04     2.407532283680738e+04     2.407553110483384e+04     2.407573875585269e+04     2.407594652677294e+04     2.407677760688672e+04
   33600           -1.27027491e+05            2.14137882e+00            9.97860912e-01            1.00214367e+00     2.401523517300718e+04     2.401554621332943e+04     2.401585814225027e+04     2.401616947858985e+04     2.401648091509237e+04     2.401772665717756e+04
   33800           -1.26854639e+05            1.20262931e+00            9.98798094e-01            1.00120335e+00     2.411405259942518e+04     2.411424925403124e+04     2.411444668694701e+04     2.411464354803329e+04     2.411484053282081e+04     2.411562846621644e+04
   34000           -1.26940570e+05            5.80638037e-02            9.99941938e-01            1.00005807e+00     2.414010611143388e+04     2.414016371452900e+04     2.414022221501343e+04     2.414028008891087e+04     2.414033808306235e+04     2.414057005469082e+04
   34200           -1.26923484e+05            2.49912377e-01            9.99750119e-01            1.00024994e+00     2.403151151351870e+04     2.403159422071829e+04     2.403167775606861e+04     2.403176071709793e+04     2.403184378669710e+04     2.403217605987549e+04
   34400           -1.26961659e+05            3.08821828e-01            9.99691226e-01            1.00030887e+00     2.401935027554480e+04     2.401943471601214e+04     2.401952005647643e+04     2.401960478572346e+04     2.401968962358691e+04     2.402002897162902e+04
   34600           -1.26885785e+05            1.06879866e+00            9.98931772e-01            1.00106937e+00     2.410490895853885e+04     2.410508881353452e+04     2.410526955734382e+04     2.410544967866746e+04     2.410562991938751e+04     2.410635088023617e+04
   34800           -1.26661095e+05            1.40961262e+00            9.98591380e-01            1.00141061e+00     2.411799377275101e+04     2.411821669255244e+04     2.411844061274676e+04     2.411866387770328e+04     2.411888724775092e+04     2.411978072275085e+04
   35000           -1.26700108e+05            8.20199911e-01            9.99180136e-01            1.00082054e+00     2.407520178398905e+04     2.407535347338895e+04     2.407550593589521e+04     2.407565785353085e+04     2.407580987823370e+04     2.407641797247836e+04
   35200           -1.26481656e+05            1.56849750e+00            9.98432732e-01            1.00156973e+00     2.407158615735877e+04     2.407182736693020e+04     2.407206949132605e+04     2.407231097761290e+04     2.407255258585569e+04     2.407351901435261e+04
   35400           -1.26703195e+05            2.65882634e+00            9.97344705e-01            1.00266236e+00     2.422305858408563e+04     2.422344083353987e+04     2.422382393869094e+04     2.422420644323468e+04     2.422458906471933e+04     2.422611954535303e+04
   35600           -1.26759457e+05            1.90143267e+00            9.98100374e-01            1.00190324e+00     2.416325231014031e+04     2.416353839701126e+04     2.416382526800463e+04     2.416411157516097e+04     2.416439799808060e+04     2.416554368602089e+04
   35800           -1.26649001e+05            2.04960639e+00            9.97952493e-01            1.00205171e+00     2.424252042618711e+04     2.424281973369262e+04     2.424311987271818e+04     2.424341941569384e+04     2.424371908093473e+04     2.424491773568233e+04
   36000           -1.26655347e+05            1.72232191e+00            9.98279160e-01            1.00172381e+00     2.414537144345291e+04     2.414563444635989e+04     2.414589833153900e+04     2.414616160575169e+04     2.414642499494322e+04     2.414747854643353e+04
   36200           -1.26607572e+05            1.48531823e+00            9.98515784e-01            1.00148642e+00     2.404417858654841e+04     2.404440803553593e+04     2.404463828433953e+04     2.404486795953900e+04     2.404509775195270e+04     2.404601691735698e+04
   36400           -1.26681392e+05            4.99973731e-01            9.99500151e-01            1.00050010e+00     2.418342932193206e+04     2.418353681607256e+04     2.418364524695904e+04     2.418375303964750e+04     2.418386094692182e+04     2.418429257191157e+04
   36600           -1.26961593e+05            2.51689323e+00            9.97486271e-01            1.00252006e+00     2.409629320700802e+04     2.409665199110717e+04     2.409701148149060e+04     2.409737046498036e+04     2.409772955202107e+04     2.409916589703412e+04
   36800           -1.26888964e+05            1.36714752e+00            9.98633787e-01            1.00136808e+00     2.416899269269120e+04     2.416921086600069e+04     2.416942987139479e+04     2.416964828040367e+04     2.416986681129400e+04     2.417074092989679e+04
   37000           -1.27028191e+05            3.50085690e-01            9.99649976e-01            1.00035015e+00     2.417919571396063e+04     2.417928552210914e+04     2.417937617492350e+04     2.417946624064417e+04     2.417955641747719e+04     2.417991712099375e+04
   37200           -1.27109184e+05            4.70621824e-01            9.99529489e-01            1.00047073e+00     2.418138531769620e+04     2.418148497002866e+04     2.418158550893153e+04     2.418168544373458e+04     2.418178548715817e+04     2.418218565662015e+04
   37400           -1.26835782e+05            2.02040962e+00            9.97981630e-01            1.00202245e+00     2.418551717186698e+04     2.418580549928800e+04     2.418609467088200e+04     2.418638326665919e+04     2.418667196626750e+04     2.418782676066802e+04
   37600           -1.26777477e+05            2.42979475e+00            9.97573155e-01            1.00243275e+00     2.408371196160516e+04     2.408406286583915e+04     2.408441467111853e+04     2.408476584336058e+04     2.408511713903167e+04     2.408652231645818e+04
   37800           -1.26652525e+05            9.09791789e-01            9.99090622e-01            1.00091021e+00     2.414144602396236e+04     2.414161151005728e+04     2.414177781097495e+04     2.414194353154761e+04     2.414210936862207e+04     2.414277271328178e+04
   38000           -1.27064575e+05            2.20798590e+00            9.97794450e-01            1.00221043e+00     2.411354060071468e+04     2.411386034355182e+04     2.411418108872640e+04     2.411450117310838e+04     2.411482136512734e+04     2.411610212954001e+04
   38200           -1.26960036e+05            8.97777623e-01            9.99102625e-01            1.00089818e+00     2.405293870550471e+04     2.405310189311445e+04     2.405326589452539e+04     2.405342933897673e+04     2.405359288486301e+04     2.405424706422132e+04
   38400           -1.26857360e+05            5.71638228e-01            9.99428525e-01            1.00057180e+00     2.411248457974155e+04     2.411260437464737e+04     2.411272498052571e+04     2.411284502105449e+04     2.411296516938844e+04     2.411344575903534e+04
   38600           -1.26890093e+05            2.50682070e+00            9.97496319e-01            1.00250997e+00     2.408545859417644e+04     2.408581339887891e+04     2.408616912432303e+04     2.408652423508827e+04     2.408687945012321e+04     2.408830030606998e+04
   38800           -1.27094616e+05           -7.69188920e-03            1.00000769e+00            9.99992308e-01     2.410420874082432e+04     2.410426048249667e+04     2.410431308106660e+04     2.410436508650949e+04     2.410441720310282e+04     2.410462566538131e+04
   39000           -1.26946717e+05            4.73012425e-01            9.99527099e-01            1.00047312e+00     2.425203075540108e+04     2.425213486276251e+04     2.425223975902554e+04     2.425234410453496e+04     2.425244855573478e+04     2.425286635606847e+04
   39200           -1.26890135e+05            1.89841769e+00            9.98103383e-01            1.00190022e+00     2.399426100297128e+04     2.399454974776594e+04     2.399483930001145e+04     2.399512828503007e+04     2.399541738055412e+04     2.399657375813696e+04
   39400           -1.26618735e+05            2.46191315e-01            9.99753839e-01            1.00024622e+00     2.406114743211378e+04     2.406123232941065e+04     2.406131798513877e+04     2.406140308821953e+04     2.406148830847568e+04     2.406182918483758e+04
   39600           -1.26664092e+05            1.00395928e+00            9.98996545e-01            1.00100446e+00     2.401100669673443e+04     2.401117840429995e+04     2.401135092779640e+04     2.401152288743978e+04     2.401169495266004e+04     2.401238320858565e+04
   39800           -1.26489077e+05            4.71775645e-01            9.99528336e-01            1.00047189e+00     2.406138559962898e+04     2.406149519106159e+04     2.406160562864756e+04     2.406171549914628e+04     2.406182546628330e+04     2.406226533293761e+04
   40000           -1.26378723e+05            1.20378906e+00            9.98796935e-01            1.00120451e+00     2.415679690728563e+04     2.415700223907089e+04     2.415720842059689e+04     2.415741402571734e+04     2.415761973392277e+04     2.415844256055991e+04
   40200           -1.26769413e+05           -5.18139074e-02            1.00005182e+00            9.99948187e-01     2.405621559753746e+04     2.405626035669811e+04     2.405630596724534e+04     2.405635097882315e+04     2.405639610719346e+04     2.405657661684947e+04
   40400           -1.26724304e+05            1.66774489e+00            9.98333645e-01            1.00166914e+00     2.414718191219641e+04     2.414744221471837e+04     2.414770345955108e+04     2.414796407512679e+04     2.414822479730223e+04     2.414926768240806e+04
   40600           -1.26645753e+05            3.14162601e-03            9.99996858e-01            1.00000314e+00     2.405989328273249e+04     2.405994219417773e+04     2.405999184208187e+04     2.406004095180458e+04     2.406009017619977e+04     2.406028706966705e+04
   40800           -1.26552781e+05            8.97384879e-01            9.99103018e-01            1.00089779e+00     2.424024417100432e+04     2.424040351920603e+04     2.424056367065588e+04     2.424072327290014e+04     2.424088297553137e+04     2.424152178005843e+04
   41000           -1.26798753e+05            4.22279527e-01            9.99577810e-01            1.00042237e+00     2.419037975399490e+04     2.419047619721657e+04     2.419057354012155e+04     2.419067026444796e+04     2.419076710270140e+04     2.419115445140789e+04
   41200           -1.26737298e+05            6.72594775e-01            9.99327631e-01            1.00067282e+00     2.416110431745783e+04     2.416124046372840e+04     2.416137741514685e+04     2.416151380165677e+04     2.416165029741367e+04     2.416219627736951e+04
   41400           -1.26555443e+05            1.30942660e+00            9.98691430e-01            1.00131028e+00     2.423176189773463e+04     2.423196570139923e+04     2.423217036441373e+04     2.423237440304741e+04     2.423257857292076e+04     2.423339524810688e+04
   41600           -1.26689440e+05            1.88225184e-01            9.99811793e-01            1.00018824e+00     2.408262853324323e+04     2.408269903376985e+04     2.408277033379295e+04     2.408284108699912e+04     2.408291193923206e+04     2.408319534522088e+04
   41800           -1.26850069e+05            1.93220660e+00            9.98069659e-01            1.00193407e+00     2.415099453147989e+04     2.415128699044650e+04     2.415158022374115e+04     2.415187291314650e+04     2.415216570807161e+04     2.415333688466332e+04
   42000           -1.26718727e+05            4.91935892e+00            9.95092721e-01            1.00493148e+00     2.427859496652010e+04     2.427925839089318e+04     2.427992275957830e+04     2.428058648504360e+04     2.428125032570840e+04     2.428390568489669e+04
   42200           -1.26686759e+05            1.55895568e-01            9.99844117e-01            1.00015591e+00     2.424752577402680e+04     2.424759896112748e+04     2.424767293550185e+04     2.424774632781742e+04     2.424781984710867e+04     2.424811392019055e+04
   42400           -1.26751409e+05            7.63648041e-02            9.99923638e-01            1.00007637e+00     2.392585223830700e+04     2.392591031488082e+04     2.392596920608922e+04     2.392602753404007e+04     2.392608596748193e+04     2.392631969665686e+04
   42600           -1.26811004e+05            2.32195848e-01            9.99767831e-01            1.00023222e+00     2.412042583326949e+04     2.412050529590129e+04     2.412058554070499e+04     2.412066520465050e+04     2.412074499649202e+04     2.412106415971454e+04
   42800           -1.26806797e+05            1.36883018e+00            9.98632106e-01            1.00136977e+00     2.411340614231662e+04     2.411362128037461e+04     2.411383720883965e+04     2.411405259382591e+04     2.411426807891389e+04     2.411513001551117e+04
   43000           -1.26755506e+05            8.49697995e-01            9.99150663e-01            1.00085006e+00     2.410649858208395e+04     2.410664536770548e+04     2.410679301542197e+04     2.410694006475617e+04     2.410708722681420e+04     2.410767587154446e+04
   43200           -1.27003416e+05            5.34686270e-01            9.99465457e-01            1.00053483e+00     2.424143693953327e+04     2.424155276030386e+04     2.424166948022012e+04     2.424178559551907e+04     2.424190181544942e+04     2.424236669136557e+04
   43400           -1.27103172e+05            2.40983032e-01            9.99759046e-01            1.00024101e+00     2.396871626609737e+04     2.396879336034842e+04     2.396887127217923e+04     2.396894864008023e+04     2.396902609961481e+04     2.396933593313226e+04
   43600           -1.27066261e+05            4.58853898e-01            9.99541251e-01            1.00045896e+00     2.413435759258379e+04     2.413446194000028e+04     2.413456712842652e+04     2.413467173408789e+04     2.413477644952810e+04     2.413519530647240e+04
   43800           -1.26781442e+05           -3.18402251e-01            1.00031845e+00            9.99681648e-01     2.412119148717333e+04     2.412119924890504e+04     2.412120795293556e+04     2.412121601959733e+04     2.412122419809017e+04     2.412125690900702e+04
   44000           -1.26929610e+05            1.85503336e-01            9.99814514e-01            1.00018552e+00     2.410715772820494e+04     2.410722788114104e+04     2.410729888729474e+04     2.410736931380265e+04     2.410743984411709e+04     2.410772196002925e+04
   44200           -1.27091722e+05            6.07276357e-01            9.99392908e-01            1.00060746e+00     2.394025270329379e+04     2.394037056629752e+04     2.394048937495744e+04     2.394060755528774e+04     2.394072584002847e+04     2.394119897676315e+04
   44400           -1.26853783e+05            1.58050606e+00            9.98420742e-01            1.00158176e+00     2.415252483966710e+04     2.415276923559514e+04     2.415301434194444e+04     2.415325892596075e+04     2.415350362321988e+04     2.415448240677266e+04
   44600           -1.26655011e+05            1.50638524e+00            9.98494749e-01            1.00150752e+00     2.412934894457405e+04     2.412959314626527e+04     2.412983824625385e+04     2.413008273059260e+04     2.413032732724241e+04     2.413130570991077e+04
   44800           -1.26728813e+05            1.32979588e+00            9.98671088e-01            1.00133068e+00     2.412427549113911e+04     2.412448546970504e+04     2.412469628863554e+04     2.412490652378029e+04     2.412511686934772e+04     2.412595824755633e+04
   45000           -1.26802769e+05            1.46930784e+00            9.98531771e-01            1.00147039e+00     2.413036742491579e+04     2.413059512221714e+04     2.413082362275170e+04     2.413105155881320e+04     2.413127960437687e+04     2.413219178383795e+04
   45200           -1.26930997e+05            1.51798953e+00            9.98483162e-01            1.00151914e+00     2.418481221816571e+04     2.418505009137554e+04     2.418528881437988e+04     2.418552694219830e+04     2.418576518477712e+04     2.418671815138852e+04
   45400           -1.26745684e+05            1.64865329e+00            9.98352705e-01            1.00165001e+00     2.430501189464820e+04     2.430526795626524e+04     2.430552486080969e+04     2.430578117783873e+04     2.430603760642331e+04     2.430706331819842e+04
   45600           -1.26916885e+05            4.02092285e-01            9.99597989e-01            1.00040217e+00     2.414841520256116e+04     2.414851492417822e+04     2.414861545436028e+04     2.414871542961207e+04     2.414881550669972e+04     2.414921581083827e+04
   45800           -1.26950984e+05            2.80878663e-01            9.99719161e-01            1.00028092e+00     2.410638785951246e+04     2.410646598575746e+04     2.410654501736705e+04     2.410662342773798e+04     2.410670195217665e+04     2.410701604484083e+04
   46000           -1.26912658e+05            8.50239201e-01            9.99150122e-01            1.00085060e+00     2.408510561955910e+04     2.408526099741027e+04     2.408541715370258e+04     2.408557275641855e+04     2.408572847001037e+04     2.408635132046164e+04
   46200           -1.26728575e+05            2.52764306e+00            9.97475549e-01            1.00253084e+00     2.407715052308674e+04     2.407750505314479e+04     2.407786048443043e+04     2.407821528331404e+04     2.407857020460402e+04     2.407998988612129e+04
   46400           -1.26764764e+05            6.78281550e-01            9.99321948e-01            1.00067851e+00     2.415505569545329e+04     2.415519244807387e+04     2.415533002145834e+04     2.415546702469538e+04     2.415560413557780e+04     2.415615257570231e+04
   46600           -1.26938052e+05            3.15002297e-01            9.99685047e-01            1.00031505e+00     2.398759938267961e+04     2.398768510338118e+04     2.398777166473406e+04     2.398785765999813e+04     2.398794375419893e+04     2.398828812571826e+04
   46800           -1.26839040e+05            1.79763099e-01            9.99820253e-01            1.00017978e+00     2.405724577066850e+04     2.405732156461438e+04     2.405739810000148e+04     2.405747411382316e+04     2.405755022961194e+04     2.405785468855537e+04
   47000           -1.26744596e+05            9.87774238e-01            9.99012713e-01            1.00098826e+00     2.411712016410224e+04     2.411729120701011e+04     2.411746305901766e+04     2.411763433466772e+04     2.411780572563097e+04     2.411849128715971e+04
   47200           -1.26735589e+05            6.15777203e-01            9.99384412e-01            1.00061597e+00     2.414311169711453e+04     2.414323172650889e+04     2.414335261903172e+04     2.414347290361119e+04     2.414359330752113e+04     2.414407491792772e+04
   47400           -1.26665829e+05            3.73831915e-01            9.99626238e-01            1.00037390e+00     2.407358211614147e+04     2.407367297825071e+04     2.407376474161443e+04     2.407385588942857e+04     2.407394714848704e+04     2.407431218083260e+04
   47600           -1.26672008e+05            1.47927808e+00            9.98521816e-01            1.00148037e+00     2.413688186994403e+04     2.413711306615625e+04     2.413734506093301e+04     2.413757650067351e+04     2.413780804498288e+04     2.413873422002174e+04
   47800           -1.26745240e+05            2.14457663e-01            9.99785565e-01            1.00021448e+00     2.424908309113350e+04     2.424915900360910e+04     2.424923573425887e+04     2.424931189175946e+04     2.424938815990699e+04     2.424969322868049e+04
   48000           -1.26709797e+05            1.23787620e+00            9.98762890e-01            1.00123864e+00     2.411909115545478e+04     2.411928849303391e+04     2.411948680168858e+04     2.411968444100662e+04     2.411988220407593e+04     2.412067325269707e+04
   48200           -1.26719810e+05            2.42651003e+00            9.97576432e-01            1.00242946e+00     2.417021272575948e+04     2.417056182843827e+04     2.417091174425516e+04     2.417126110169227e+04     2.417161056121222e+04     2.417300839666496e+04
   48400           -1.26851194e+05            1.91151623e-01            9.99808867e-01            1.00019117e+00     2.419432704585320e+04     2.419439477171052e+04     2.419446334909780e+04     2.419453133546933e+04     2.419459943363452e+04     2.419487182141585e+04
   48600           -1.26711912e+05            1.63770946e+00            9.98363631e-01            1.00163905e+00     2.422276595379915e+04     2.422301027695103e+04     2.422325543433220e+04     2.422350000335274e+04     2.422374468806860e+04     2.422472342233805e+04
   48800           -1.26872093e+05            4.44365005e-01            9.99555734e-01            1.00044446e+00     2.416968196274396e+04     2.416979276978773e+04     2.416990437695825e+04     2.417001539657027e+04     2.417012654297703e+04     2.417057112321011e+04
   49000           -1.26782392e+05            7.57374182e-01            9.99242913e-01            1.00075766e+00     2.411703822117806e+04     2.411717643187159e+04     2.411731548304318e+04     2.411745395656136e+04     2.411759253681025e+04     2.411814685244243e+04
   49200           -1.26889367e+05            5.59245384e-01            9.99440911e-01            1.00055940e+00     2.409966624417789e+04     2.409978220186704e+04     2.409989899090600e+04     2.410001520220114e+04     2.410013152273764e+04     2.410059680129739e+04
   49400           -1.27048540e+05            7.37539826e-01            9.99262732e-01            1.00073781e+00     2.421218103860609e+04     2.421231654425048e+04     2.421245286505816e+04     2.421258860731300e+04     2.421272446545435e+04     2.421326789230261e+04
   49600           -1.26882725e+05            1.77112599e+00            9.98230442e-01            1.00177270e+00     2.419921541577847e+04     2.419948920333111e+04     2.419976376335687e+04     2.420003778100083e+04     2.420031190388863e+04     2.420140839199878e+04
   49800           -1.26878250e+05            2.66108992e+00            9.97342448e-01            1.00266463e+00     2.425672417037934e+04     2.425710282760398e+04     2.425748241800513e+04     2.425786137783761e+04     2.425824044870329e+04     2.425975672702723e+04
   50000           -1.26909397e+05            3.99473641e+00            9.96013232e-01            1.00400273e+00     2.412220588513669e+04     2.412275408746614e+04     2.412330308031613e+04     2.412385155606599e+04     2.412440011458010e+04     2.412659434402351e+04
