#This file was generated on Sun Feb 23 11:33:24 2025
#Using the somd command, of the molecular library Sire version <2024.4.0.dev> 
#For more information visit: https://github.com/openbiosim/sire
#
#General information on simulation parameters:
#Simulation used 50000 moves, 1 cycles and 200 ps of simulation time
#Generating lambda is		 0.00000
#Alchemical array is		 (0.0, 0.125, 0.25, 0.375, 0.5, 1.0)
#Generating temperature is 	25°C
#Energy was saved every 200 steps 
#
#
#   [step]               [potential]                [gradient]      [forward Metropolis]     [backward Metropolis]                   [u_kl]
     200           -8.36541445e+04            2.20457704e+00            9.97797851e-01            1.00220701e+00     6.832646213430854e+03     6.832829169272633e+03     6.833012337695963e+03     6.833195351504891e+03     6.833378398804018e+03     6.834110584177181e+03
     400           -8.12366232e+04            3.52088126e+00            9.96485310e-01            1.00352709e+00     6.905856584005577e+03     6.906200417652087e+03     6.906544436561076e+03     6.906888324112347e+03     6.907232238827502e+03     6.908607893649428e+03
     600           -7.96247071e+04            4.17165433e+00            9.95837035e-01            1.00418037e+00     6.842989027289793e+03     6.843421248762575e+03     6.843853701306414e+03     6.844285997839429e+03     6.844718323002805e+03     6.846447618715818e+03
     800           -7.86160791e+04            1.64132449e+00            9.98360022e-01            1.00164267e+00     6.838634027573957e+03     6.838740883965767e+03     6.838847974125893e+03     6.838954905410695e+03     6.839061866230859e+03     6.839489704887761e+03
    1000           -7.77741677e+04            3.92396228e+00            9.96083726e-01            1.00393167e+00     6.852733281495619e+03     6.853124188052638e+03     6.853515286649632e+03     6.853906244460335e+03     6.854297233652797e+03     6.855861185809975e+03
    1200           -7.75622150e+04            2.49740537e+00            9.97505711e-01            1.00250053e+00     6.850208595391324e+03     6.850427343367193e+03     6.850646311678855e+03     6.850865120228002e+03     6.851083963363627e+03     6.851959331335930e+03
    1400           -7.72272867e+04            2.40082271e+00            9.97602057e-01            1.00240371e+00     6.904960724904163e+03     6.905163468908615e+03     6.905366396520752e+03     6.905569177140179e+03     6.905771995828130e+03     6.906583266752097e+03
    1600           -7.69094460e+04            5.40060062e+00            9.94613956e-01            1.00541521e+00     6.852429848602966e+03     6.853010929085131e+03     6.853592198315599e+03     6.854173325188804e+03     6.854754485384945e+03     6.857079122166923e+03
    1800           -7.69636856e+04            5.05636514e+00            9.94956397e-01            1.00506917e+00     6.905355898602126e+03     6.905895357887431e+03     6.906435013221259e+03     6.906974525923209e+03     6.907514069832922e+03     6.909672241063718e+03
    2000           -7.68989346e+04            3.69218254e+00            9.96314625e-01            1.00369901e+00     6.833358074304002e+03     6.833724746781276e+03     6.834091633462039e+03     6.834458351836753e+03     6.834825112723894e+03     6.836292151143786e+03
    2200           -7.67509618e+04            3.11149699e+00            9.96893339e-01            1.00311634e+00     6.895145252279676e+03     6.895441403971962e+03     6.895737731804442e+03     6.896033916821154e+03     6.896330140035576e+03     6.897515027791476e+03
    2400           -7.66600757e+04            3.79988463e+00            9.96207326e-01            1.00380711e+00     6.849406752020740e+03     6.849784548387670e+03     6.850162565072470e+03     6.850540430448713e+03     6.850918324848131e+03     6.852429897675522e+03
    2600           -7.68126605e+04            1.96441726e+00            9.98037511e-01            1.00196635e+00     6.832545282162150e+03     6.832692509763659e+03     6.832839951962940e+03     6.832987238831312e+03     6.833134559263816e+03     6.833723836365483e+03
    2800           -7.68228761e+04            2.09293429e+00            9.97909254e-01            1.00209513e+00     6.862389631264306e+03     6.862549568249349e+03     6.862709738318686e+03     6.862869747857775e+03     6.863029787855457e+03     6.863669944446608e+03
    3000           -7.66180010e+04            3.57069739e+00            9.96435670e-01            1.00357708e+00     6.891116030669687e+03     6.891465047817706e+03     6.891814297428723e+03     6.892163377450777e+03     6.892512494554898e+03     6.893908958440108e+03
    3200           -7.66829025e+04            5.21047407e+00            9.94803077e-01            1.00522407e+00     6.851482227601391e+03     6.852038350429522e+03     6.852594703776117e+03     6.853150893543026e+03     6.853707117355346e+03     6.855932007109300e+03
    3400           -7.66973900e+04            5.82762793e+00            9.94189320e-01            1.00584464e+00     6.826579630769102e+03     6.827214797447607e+03     6.827850184297618e+03     6.828485411246617e+03     6.829120672972469e+03     6.831661715175837e+03
    3600           -7.66194892e+04            2.87281090e+00            9.97131312e-01            1.00287694e+00     6.815150671515727e+03     6.815416987939394e+03     6.815683495701092e+03     6.815949858597851e+03     6.816216255821359e+03     6.817281840126992e+03
    3800           -7.66234021e+04            3.71036990e+00            9.96296505e-01            1.00371726e+00     6.916359301711010e+03     6.916729609739657e+03     6.917100093983173e+03     6.917470437804976e+03     6.917840817924805e+03     6.919322334138601e+03
    4000           -7.67020697e+04            3.38712385e+00            9.96618606e-01            1.00339287e+00     6.886022734570129e+03     6.886352969161615e+03     6.886683421095923e+03     6.887013713338051e+03     6.887344041513513e+03     6.888665348456897e+03
    4200           -7.67083503e+04            7.02313440e+00            9.93001470e-01            1.00704785e+00     6.827017899712408e+03     6.827803807318165e+03     6.828589893695659e+03     6.829375840550922e+03     6.830161822299532e+03     6.833305744886656e+03
    4400           -7.66686547e+04            8.35769521e+00            9.91677133e-01            1.00839272e+00     6.864305656252785e+03     6.865260688606701e+03     6.866215873990421e+03     6.867170935197230e+03     6.868126029849439e+03     6.871946403446093e+03
    4600           -7.67340713e+04            5.02936101e+00            9.94983265e-01            1.00504203e+00     6.904300895313060e+03     6.904838371228636e+03     6.905376044551819e+03     6.905913569834617e+03     6.906451129809115e+03     6.908601364305170e+03
    4800           -7.67516778e+04            1.89036300e+00            9.98111423e-01            1.00189215e+00     6.902594147052529e+03     6.902740647681832e+03     6.902887370803540e+03     6.903033934830723e+03     6.903180532544505e+03     6.903766918036479e+03
    5000           -7.69338974e+04            3.73157006e+00            9.96275384e-01            1.00373854e+00     6.882927109803349e+03     6.883302729847861e+03     6.883678535223554e+03     6.884054204764744e+03     6.884429904655498e+03     6.885932699507647e+03
    5200           -7.67103169e+04            5.41579605e+00            9.94598843e-01            1.00543049e+00     6.864818800593272e+03     6.865404779188379e+03     6.865990987459615e+03     6.866577024814916e+03     6.867163101849476e+03     6.869507403105680e+03
    5400           -7.66337694e+04            2.48723292e+00            9.97515858e-01            1.00249033e+00     6.811987111409037e+03     6.812200808490264e+03     6.812414702020272e+03     6.812628454712652e+03     6.812842237467657e+03     6.813697363526275e+03
    5600           -7.67162805e+04            2.08845478e+00            9.97913725e-01            1.00209064e+00     6.843304747303040e+03     6.843474962675286e+03     6.843645390449863e+03     6.843815662702363e+03     6.843985969364315e+03     6.844667191425590e+03
    5800           -7.67592254e+04            5.21234860e+00            9.94801212e-01            1.00522596e+00     6.902334915188353e+03     6.902891043657801e+03     6.903447373982493e+03     6.904003552012000e+03     6.904559766082978e+03     6.906784616977602e+03
    6000           -7.70588614e+04            4.20781242e+00            9.95801028e-01            1.00421668e+00     6.826417981861928e+03     6.826851039054121e+03     6.827284331307998e+03     6.827717451134146e+03     6.828150609364855e+03     6.829883236867781e+03
    6200           -7.68818553e+04            1.22106533e+00            9.98779680e-01            1.00122181e+00     6.839389039868138e+03     6.839446163497230e+03     6.839503517068296e+03     6.839560712852302e+03     6.839617938459413e+03     6.839846837050690e+03
    6400           -7.67808454e+04            2.82592446e+00            9.97178065e-01            1.00282992e+00     6.807256052849486e+03     6.807512098274300e+03     6.807768336100516e+03     6.808024427508646e+03     6.808280554211126e+03     6.809305055572768e+03
    6600           -7.66173310e+04            6.50667846e+00            9.93514444e-01            1.00652789e+00     6.865769941547059e+03     6.866485338908752e+03     6.867200942208915e+03     6.867916397768126e+03     6.868631884994727e+03     6.871493828442396e+03
    6800           -7.64394515e+04            1.96387027e+00            9.98038057e-01            1.00196580e+00     6.911898384153038e+03     6.912043271765810e+03     6.912188343210289e+03     6.912333269984822e+03     6.912478232957274e+03     6.913058081761508e+03
    7000           -7.66653701e+04            3.80073927e+00            9.96206474e-01            1.00380797e+00     6.895107033128713e+03     6.895487179168608e+03     6.895867512543959e+03     6.896247710895123e+03     6.896627938491970e+03     6.898148843855227e+03
    7200           -7.66059548e+04            2.61244637e+00            9.97390963e-01            1.00261586e+00     6.859726320827212e+03     6.859967204361462e+03     6.860208313237710e+03     6.860449268167884e+03     6.860690252634996e+03     6.861654184442779e+03
    7400           -7.66685679e+04            1.51758709e+00            9.98483564e-01            1.00151874e+00     6.897682850537703e+03     6.897777486096846e+03     6.897872335692204e+03     6.897967020932517e+03     6.898061746064261e+03     6.898440641590818e+03
    7600           -7.64827798e+04            3.00957411e+00            9.96994950e-01            1.00301411e+00     6.840726032340922e+03     6.841004794691692e+03     6.841283695134294e+03     6.841562479063500e+03     6.841841296037101e+03     6.842956559733279e+03
    7800           -7.69330807e+04            5.12161548e+00            9.94891478e-01            1.00513475e+00     6.855418680099007e+03     6.855966141001983e+03     6.856513787905226e+03     6.857061301180983e+03     6.857608843427059e+03     6.859799006755110e+03
    8000           -7.67606781e+04            2.37937764e+00            9.97623451e-01            1.00238221e+00     6.853696043596806e+03     6.853897352172015e+03     6.854098862769742e+03     6.854300222459648e+03     6.854501617148752e+03     6.855307190700700e+03
    8200           -7.65512990e+04            1.89493863e+00            9.98106856e-01            1.00189674e+00     6.907890714245375e+03     6.908032821436036e+03     6.908175163748122e+03     6.908317338733335e+03     6.908459548540578e+03     6.909028382835781e+03
    8400           -7.64480977e+04            1.08383047e+01            9.89220218e-01            1.01089725e+00     6.924010942573293e+03     6.925274856733734e+03     6.926538971871243e+03     6.927802928893496e+03     6.929066926255322e+03     6.934122909937352e+03
    8600           -7.66873981e+04            4.78908450e+00            9.95222365e-01            1.00480057e+00     6.825540214767138e+03     6.826039566635536e+03     6.826539221367451e+03     6.827038676112487e+03     6.827538164643441e+03     6.829536114519744e+03
    8800           -7.68290059e+04            1.42276662e+00            9.98578245e-01            1.00142378e+00     6.877338126836103e+03     6.877421334675907e+03     6.877504723016918e+03     6.877587964066896e+03     6.877671244546720e+03     6.878004362257337e+03
    9000           -7.68720692e+04            6.62634484e+00            9.93395561e-01            1.00664835e+00     6.808134809540423e+03     6.808869419654113e+03     6.809604262780407e+03     6.810338944555129e+03     6.811073658180194e+03     6.814012506819965e+03
    9200           -7.67971538e+04            1.90741608e+00            9.98094402e-01            1.00190924e+00     6.895457891617593e+03     6.895603881189542e+03     6.895750092495197e+03     6.895896151046788e+03     6.896042238937778e+03     6.896626586257962e+03
    9400           -7.68403874e+04            2.40603325e+00            9.97596859e-01            1.00240893e+00     6.811299885768509e+03     6.811508807895667e+03     6.811717898492410e+03     6.811926859390968e+03     6.812135852635338e+03     6.812971819502166e+03
    9600           -7.67817074e+04            1.71443221e+00            9.98287037e-01            1.00171590e+00     6.921124391059169e+03     6.921239012434132e+03     6.921353846805837e+03     6.921468518357742e+03     6.921583228725899e+03     6.922042066392629e+03
    9800           -7.68750097e+04            4.69859006e+00            9.95312431e-01            1.00470965e+00     6.982015860624886e+03     6.982511843887805e+03     6.983008087963304e+03     6.983504151522294e+03     6.984000250137408e+03     6.985984639649931e+03
   10000           -7.68716529e+04            4.35917830e+00            9.95650309e-01            1.00436869e+00     6.791308090270340e+03     6.791760486969031e+03     6.792213099809771e+03     6.792665555333062e+03     6.793118044782285e+03     6.794927999294231e+03
   10200           -7.68730833e+04            1.05973867e+00            9.98940823e-01            1.00106030e+00     6.886173908088644e+03     6.886219352627189e+03     6.886264978855767e+03     6.886310458438408e+03     6.886355976883553e+03     6.886538045678462e+03
   10400           -7.69197687e+04            5.46557591e+00            9.94549333e-01            1.00548054e+00     6.807792001850185e+03     6.808384652310477e+03     6.808977553627690e+03     6.809570282345784e+03     6.810163044219562e+03     6.812534086588938e+03
   10600           -7.67536563e+04            3.47723079e+00            9.96528808e-01            1.00348328e+00     6.817102131917314e+03     6.817445795969703e+03     6.817789648615073e+03     6.818133371054281e+03     6.818477118715688e+03     6.819852105514063e+03
   10800           -7.65910491e+04            3.20396910e+00            9.96801158e-01            1.00320911e+00     6.830017432474873e+03     6.830320315611921e+03     6.830623399905257e+03     6.830926323854011e+03     6.831229289602045e+03     6.832441146729218e+03
   11000           -7.65092384e+04            7.54294608e+00            9.92485431e-01            1.00757147e+00     6.825092225792964e+03     6.825945718340894e+03     6.826799373892206e+03     6.827652910709663e+03     6.828506473661846e+03     6.831920721530729e+03
   11200           -7.65022755e+04            1.67275952e+00            9.98328639e-01            1.00167416e+00     6.896130273734041e+03     6.896244085687739e+03     6.896358090395303e+03     6.896471954957149e+03     6.896585850351426e+03     6.897041426968811e+03
   11400           -7.68011301e+04            4.07863929e+00            9.95929667e-01            1.00408697e+00     6.923787587135726e+03     6.924206127461021e+03     6.924624881631366e+03     6.925043482496732e+03     6.925462115658251e+03     6.927136644180776e+03
   11600           -7.66840728e+04            2.03750923e+00            9.97964565e-01            1.00203959e+00     6.869294817805556e+03     6.869450303137558e+03     6.869606007983927e+03     6.869761549619318e+03     6.869917128553334e+03     6.870539439301111e+03
   11800           -7.70215594e+04            2.94133196e+00            9.97062990e-01            1.00294566e+00     6.856254687950364e+03     6.856525528591313e+03     6.856796637392853e+03     6.857067556425282e+03     6.857338514000420e+03     6.858422340050475e+03
   12000           -7.68288090e+04            1.21314721e+00            9.98787588e-01            1.00121388e+00     6.784277206599996e+03     6.784336807086217e+03     6.784396632379762e+03     6.784456299564867e+03     6.784515999005052e+03     6.784754791410106e+03
   12200           -7.67152474e+04            2.10589492e+00            9.97896321e-01            1.00210811e+00     6.869710323160282e+03     6.869881104903008e+03     6.870052085588658e+03     6.870222912458176e+03     6.870393777201319e+03     6.871077231242352e+03
   12400           -7.68993403e+04            2.09566315e+00            9.97906531e-01            1.00209786e+00     6.785645928591277e+03     6.785814082764605e+03     6.785982439835639e+03     6.786150657738962e+03     6.786318902738451e+03     6.786991876885623e+03
   12600           -7.67564615e+04            1.44416998e+00            9.98556872e-01            1.00144521e+00     6.827830266412429e+03     6.827914274774371e+03     6.827998481344437e+03     6.828082533603980e+03     6.828166624325675e+03     6.828502982238922e+03
   12800           -7.68809330e+04            3.65145505e+00            9.96355203e-01            1.00365813e+00     6.875050802264281e+03     6.875411421701931e+03     6.875772303869812e+03     6.876133007450590e+03     6.876493743274129e+03     6.877936684283977e+03
   13000           -7.67506441e+04            2.83259932e+00            9.97171409e-01            1.00283661e+00     6.824225919443480e+03     6.824489091864729e+03     6.824752480296598e+03     6.825015721593108e+03     6.825278990741165e+03     6.826332062038849e+03
   13200           -7.68854597e+04            2.75798284e+00            9.97245817e-01            1.00276179e+00     6.846859275351448e+03     6.847112528922217e+03     6.847365999053215e+03     6.847619306012391e+03     6.847872651186547e+03     6.848886027021646e+03
   13400           -7.67827081e+04            2.06944186e+00            9.97932698e-01            1.00207158e+00     6.865335712373720e+03     6.865500895741906e+03     6.865666277491459e+03     6.865831517267487e+03     6.865996787230286e+03     6.866657862086853e+03
   13600           -7.65892934e+04            2.17425306e+00            9.97828109e-01            1.00217662e+00     6.821110952816450e+03     6.821289312652299e+03     6.821467894941718e+03     6.821646312060691e+03     6.821824766657506e+03     6.822538580498562e+03
   13800           -7.65417164e+04            6.64218825e+00            9.93379822e-01            1.00666430e+00     6.832684304067743e+03     6.833422617265272e+03     6.834161124474194e+03     6.834899480304937e+03     6.835637873945454e+03     6.838591443823166e+03
   14000           -7.65930943e+04            3.31070740e+00            9.96694767e-01            1.00331619e+00     6.858555198087295e+03     6.858875815420356e+03     6.859196570794470e+03     6.859517206530416e+03     6.859837877417332e+03     6.861120556747371e+03
   14200           -7.65520446e+04            3.75016360e+00            9.96256859e-01            1.00375720e+00     6.869221289000187e+03     6.869599065666207e+03     6.869976988751805e+03     6.870354799227078e+03     6.870732637485524e+03     6.872243985970861e+03
   14400           -7.68315132e+04            5.18153862e+00            9.94831862e-01            1.00519499e+00     6.886937070740925e+03     6.887486418974541e+03     6.888036030389426e+03     6.888585464042949e+03     6.889134930011246e+03     6.891332789281568e+03
   14600           -7.69342567e+04            3.40162396e+00            9.96604155e-01            1.00340742e+00     6.837223032321992e+03     6.837551239030748e+03     6.837879680732486e+03     6.838207948689604e+03     6.838536255567284e+03     6.839849478812575e+03
   14800           -7.69167021e+04            4.13490675e+00            9.95873630e-01            1.00414347e+00     6.852676479657309e+03     6.853096974328448e+03     6.853517651358706e+03     6.853938196805797e+03     6.854358770441173e+03     6.856041061225037e+03
   15000           -7.68510198e+04            1.66545487e+00            9.98335931e-01            1.00166684e+00     6.839127798755932e+03     6.839240274927017e+03     6.839353003176706e+03     6.839465549463612e+03     6.839578134834246e+03     6.840028470912562e+03
   15200           -7.66954201e+04            5.03842290e+00            9.94974249e-01            1.00505114e+00     6.880395248413145e+03     6.880924861771218e+03     6.881454776134896e+03     6.881984476079181e+03     6.882514220483601e+03     6.884633192554057e+03
   15400           -7.67723438e+04            7.81694474e+00            9.92213528e-01            1.00784758e+00     6.820135762755307e+03     6.821015511028415e+03     6.821895406581357e+03     6.822775186264225e+03     6.823654995948487e+03     6.827174229141668e+03
   15600           -7.66910198e+04            8.71147566e-01            9.99129232e-01            1.00087153e+00     6.783522398505911e+03     6.783533834697164e+03     6.783545476068189e+03     6.783556961468621e+03     6.783568483985658e+03     6.783614569465404e+03
   15800           -7.67607610e+04            2.67143578e+00            9.97332129e-01            1.00267501e+00     6.811404745784119e+03     6.811648957697215e+03     6.811893416437776e+03     6.812137705778674e+03     6.812382027327608e+03     6.813359308871096e+03
   16000           -7.67722081e+04            4.70017168e+00            9.95310857e-01            1.00471123e+00     6.821342553770183e+03     6.821834683895718e+03     6.822327001207357e+03     6.822819174069903e+03     6.823311382369054e+03     6.825280210967924e+03
   16200           -7.68578282e+04            1.89594154e+00            9.98105855e-01            1.00189774e+00     6.814097801780094e+03     6.814245787175435e+03     6.814393924725387e+03     6.814541944966772e+03     6.814689994609676e+03     6.815282187439256e+03
   16400           -7.65944222e+04            2.37664582e+00            9.97626176e-01            1.00237947e+00     6.913358862604773e+03     6.913563519603267e+03     6.913768397209371e+03     6.913973110727811e+03     6.914177861249164e+03     6.914996859893556e+03
   16600           -7.67787577e+04            4.53472493e+00            9.95475541e-01            1.00454502e+00     6.852209189854649e+03     6.852680531641518e+03     6.853152059336060e+03     6.853623453207187e+03     6.854094875899843e+03     6.855980561945036e+03
   16800           -7.66871304e+04            3.58306681e+00            9.96423345e-01            1.00358949e+00     6.847012183995840e+03     6.847367761998455e+03     6.847723580514022e+03     6.848079236668410e+03     6.848434923098995e+03     6.849857662202148e+03
   17000           -7.67247243e+04            2.78409005e+00            9.97219782e-01            1.00278797e+00     6.812765401512196e+03     6.813015086635277e+03     6.813265001162668e+03     6.813514746497342e+03     6.813764529949635e+03     6.814763658387074e+03
   17200           -7.67103195e+04            3.50863602e+00            9.96497512e-01            1.00351480e+00     6.839460929890946e+03     6.839804912987750e+03     6.840149099382518e+03     6.840493135912220e+03     6.840837206338333e+03     6.842213482785720e+03
   17400           -7.66530856e+04            3.10679017e+00            9.96898031e-01            1.00311162e+00     6.852607539742758e+03     6.852904093691241e+03     6.853200855612337e+03     6.853497462292135e+03     6.853794104334237e+03     6.854980668925716e+03
   17600           -7.66923314e+04            4.14583087e+00            9.95862751e-01            1.00415444e+00     6.842489081187683e+03     6.842905503247026e+03     6.843322131737692e+03     6.843738604811854e+03     6.844155114064703e+03     6.845821146941723e+03
   17800           -7.69468964e+04            4.22559376e+00            9.95783322e-01            1.00423453e+00     6.846507472560662e+03     6.846949973375446e+03     6.847392690789288e+03     6.847835245792668e+03     6.848277838560643e+03     6.850048204560623e+03
   18000           -7.70336595e+04            2.42830778e+00            9.97574638e-01            1.00243126e+00     6.850582848347500e+03     6.850791282074752e+03     6.850999939605701e+03     6.851208438920115e+03     6.851416970873065e+03     6.852251093398628e+03
   18200           -7.71426801e+04            2.08885854e+00            9.97913322e-01            1.00209104e+00     6.775503970998700e+03     6.775668858575295e+03     6.775833949673881e+03     6.775998902075021e+03     6.776163880509328e+03     6.776823790019957e+03
   18400           -7.69760152e+04            1.31251448e+00            9.98688346e-01            1.00131338e+00     6.835015839985850e+03     6.835085103636822e+03     6.835154600168970e+03     6.835223925590281e+03     6.835293288986772e+03     6.835570737987693e+03
   18600           -7.67449415e+04            6.06182580e+00            9.93956510e-01            1.00608024e+00     6.888139979579860e+03     6.888800387110993e+03     6.889460996966330e+03     6.890121466943797e+03     6.890781964529700e+03     6.893423949479538e+03
   18800           -7.71786472e+04            5.80662343e+00            9.94210202e-01            1.00582351e+00     6.871184680340075e+03     6.871814103974672e+03     6.872443684014378e+03     6.873073136766217e+03     6.873702623671373e+03     6.876220567002671e+03
   19000           -7.68597917e+04            1.67112602e+00            9.98330270e-01            1.00167252e+00     6.945400610391653e+03     6.945511187056470e+03     6.945621934165277e+03     6.945732544456020e+03     6.945843190815118e+03     6.946285771238584e+03
   19200           -7.66327011e+04            4.38561952e+00            9.95623983e-01            1.00439525e+00     6.863982029876028e+03     6.864435088553849e+03     6.864888372929120e+03     6.865341498812120e+03     6.865794656672410e+03     6.867607283468794e+03
   19400           -7.67210133e+04            3.24509980e+00            9.96760160e-01            1.00325037e+00     6.822280324849866e+03     6.822594390415505e+03     6.822908679438346e+03     6.823222804729025e+03     6.823536966449019e+03     6.824793608048171e+03
   19600           -7.66227426e+04            4.48595741e+00            9.95524089e-01            1.00449603e+00     6.903227960623033e+03     6.903695254035063e+03     6.904162743964575e+03     6.904630081488943e+03     6.905097456550146e+03     6.906966952477261e+03
   19800           -7.68103659e+04            2.71784255e+00            9.97285847e-01            1.00272154e+00     6.813416528093949e+03     6.813657348143592e+03     6.813898401361163e+03     6.814139297467016e+03     6.814380222248409e+03     6.815343916402869e+03
   20000           -7.68148832e+04            4.06962858e+00            9.95938641e-01            1.00407792e+00     6.771708590481702e+03     6.772123521662890e+03     6.772538660924223e+03     6.772953644362913e+03     6.773368664051793e+03     6.775028737621882e+03
   20200           -7.69126667e+04            2.16218731e+00            9.97840149e-01            1.00216453e+00     6.748819591862390e+03     6.748999522207581e+03     6.749179633173459e+03     6.749359612740642e+03     6.749539621375733e+03     6.750259650889077e+03
   20400           -7.68284313e+04            6.03124080e+00            9.93986911e-01            1.00604947e+00     6.790980087505423e+03     6.791636229444535e+03     6.792292539745702e+03     6.792948717804322e+03     6.793604929474119e+03     6.796229771442813e+03
   20600           -7.68766700e+04            2.37166331e+00            9.97631147e-01            1.00237448e+00     6.823156959996583e+03     6.823359723871189e+03     6.823562735469354e+03     6.823765576559495e+03     6.823968450067138e+03     6.824779940137694e+03
   20800           -7.69291037e+04            4.31729555e+00            9.95692011e-01            1.00432663e+00     6.779737146714634e+03     6.780184890033745e+03     6.780632814284189e+03     6.781080598509096e+03     6.781528417334623e+03     6.783319687954611e+03
   21000           -7.68468110e+04            5.15046648e+00            9.94862774e-01            1.00516375e+00     6.867208897874645e+03     6.867754461381939e+03     6.868300150110098e+03     6.868845730276621e+03     6.869391342653416e+03     6.871573787432189e+03
   21200           -7.67374162e+04            5.53104838e+00            9.94484220e-01            1.00554637e+00     6.856351998656587e+03     6.856948275356724e+03     6.857544718432561e+03     6.858141036499587e+03     6.858737384275327e+03     6.861122769894067e+03
   21400           -7.67133066e+04            4.98728749e+00            9.95025128e-01            1.00499974e+00     6.833769405206462e+03     6.834293716793251e+03     6.834818217615226e+03     6.835342568767956e+03     6.835866958515295e+03     6.837964511824127e+03
   21600           -7.66682207e+04            1.74334870e+00            9.98258170e-01            1.00174487e+00     6.890857480131158e+03     6.890977145875717e+03     6.891097030791138e+03     6.891216759814843e+03     6.891336520862884e+03     6.891815561594609e+03
   21800           -7.68475299e+04            6.68978601e+00            9.93332541e-01            1.00671221e+00     6.846300963681265e+03     6.847044134199663e+03     6.847787518739343e+03     6.848530737196047e+03     6.849273996625381e+03     6.852247029569498e+03
   22000           -7.67008063e+04            2.01364945e+00            9.97988377e-01            1.00201568e+00     6.740809827897139e+03     6.740968366261020e+03     6.741127147019663e+03     6.741285767484920e+03     6.741444415279610e+03     6.742079002662079e+03
   22200           -7.67614981e+04            8.97570451e+00            9.91064457e-01            1.00901611e+00     6.858193246061355e+03     6.859219743951575e+03     6.860246406535818e+03     6.861272933418572e+03     6.862299497783652e+03     6.866405749505949e+03
   22400           -7.70091256e+04            2.97098141e+00            9.97033428e-01            1.00297540e+00     6.902940915182558e+03     6.903215556362025e+03     6.903490429218909e+03     6.903765129881423e+03     6.904039869273332e+03     6.905138823364106e+03
   22600           -7.67251605e+04            4.60331308e+00            9.95407266e-01            1.00461392e+00     6.868978490646968e+03     6.869459707338576e+03     6.869941068200553e+03     6.870422314671022e+03     6.870903590877040e+03     6.872828691107113e+03
   22800           -7.66139000e+04            3.02408201e+00            9.96980486e-01            1.00302866e+00     6.879919208922909e+03     6.880204355401276e+03     6.880489735026664e+03     6.880774953387054e+03     6.881060203206584e+03     6.882201197490258e+03
   23000           -7.64694277e+04            6.14820632e+00            9.93870655e-01            1.00616715e+00     6.826151799597450e+03     6.826830453798377e+03     6.827509279602248e+03     6.828187971626764e+03     6.828866697262457e+03     6.831581594927463e+03
   23200           -7.66043368e+04            2.08198951e+00            9.97920176e-01            1.00208416e+00     6.841659681995248e+03     6.841823717054963e+03     6.841987958522105e+03     6.842152042772446e+03     6.842316164711169e+03     6.842972647427090e+03
   23400           -7.67249807e+04            3.64347962e+00            9.96363150e-01            1.00365013e+00     6.902432956212388e+03     6.902795536869146e+03     6.903158269501295e+03     6.903520880349866e+03     6.903883523133909e+03     6.905334090055429e+03
   23600           -7.66346792e+04            3.23401845e+00            9.96771205e-01            1.00323925e+00     6.756385184278782e+03     6.756696591412161e+03     6.757008211189816e+03     6.757319671249768e+03     6.757631168730846e+03     6.758877153182910e+03
   23800           -7.66011175e+04            1.07562973e+00            9.98924949e-01            1.00107621e+00     6.777772819772447e+03     6.777812995858021e+03     6.777853414631081e+03     6.777893656561865e+03     6.777933936893754e+03     6.778095054015061e+03
   24000           -7.64844818e+04            1.75701514e+00            9.98244528e-01            1.00175856e+00     6.858832611717477e+03     6.858957616710509e+03     6.859082883785596e+03     6.859207978093743e+03     6.859333101729341e+03     6.859833591741206e+03
   24200           -7.68527875e+04            3.37570306e+00            9.96629988e-01            1.00338141e+00     6.792674783311303e+03     6.793003715007451e+03     6.793332855333352e+03     6.793661849276966e+03     6.793990873051806e+03     6.795306962792311e+03
   24400           -7.66260449e+04            2.81091763e+00            9.97193029e-01            1.00281487e+00     6.790412603067827e+03     6.790668425414973e+03     6.790924459874710e+03     6.791180340216818e+03     6.791436254121939e+03     6.792459905176051e+03
   24600           -7.65878586e+04            3.03175433e+00            9.96972837e-01            1.00303635e+00     6.825076726659689e+03     6.825363521172012e+03     6.825650515338164e+03     6.825937373364462e+03     6.826224256905731e+03     6.827371787151772e+03
   24800           -7.66170882e+04            2.96622497e+00            9.97038170e-01            1.00297063e+00     6.819160544121894e+03     6.819440549067289e+03     6.819720745168508e+03     6.820000805197104e+03     6.820280893918787e+03     6.821401243715679e+03
   25000           -7.64982459e+04            3.10745756e+00            9.96897366e-01            1.00311229e+00     6.784419851152185e+03     6.784715357337367e+03     6.785011049044897e+03     6.785306590218262e+03     6.785602171689195e+03     6.786784492226203e+03
   25200           -7.64173637e+04            4.33308264e+00            9.95676292e-01            1.00434248e+00     6.852898602127112e+03     6.853348031773729e+03     6.853797680964584e+03     6.854247173276146e+03     6.854696698628369e+03     6.856494795129624e+03
   25400           -7.64812201e+04            4.83215367e+00            9.95179502e-01            1.00484385e+00     6.805947732559940e+03     6.806460647656860e+03     6.806973789162134e+03     6.807486768775751e+03     6.807999782858185e+03     6.810051833156429e+03
   25600           -7.67803095e+04            3.09951211e+00            9.96905286e-01            1.00310432e+00     6.842500557565781e+03     6.842792781107594e+03     6.843085233722164e+03     6.843377529519047e+03     6.843669855192615e+03     6.844839152819448e+03
   25800           -7.67228647e+04            3.47572568e+00            9.96530308e-01            1.00348177e+00     6.795501736846721e+03     6.795842170317968e+03     6.796182854263803e+03     6.796523359842265e+03     6.796863902418412e+03     6.798226067990104e+03
   26000           -7.66770420e+04            1.49047455e+00            9.98510636e-01            1.00149159e+00     6.830960105925015e+03     6.831055318924381e+03     6.831150695288555e+03     6.831245938584279e+03     6.831341217659739e+03     6.831722329394462e+03
   26200           -7.66718904e+04            2.52341475e+00            9.97479766e-01            1.00252660e+00     6.808579789170557e+03     6.808798646201923e+03     6.809017705969698e+03     6.809236628276270e+03     6.809455576171695e+03     6.810331363172832e+03
   26400           -7.66916392e+04            1.88989992e+00            9.98111885e-01            1.00189169e+00     6.801812602881217e+03     6.801953077472223e+03     6.802093760585451e+03     6.802234292965504e+03     6.802374857868721e+03     6.802937112856225e+03
   26600           -7.65128131e+04            1.22490687e+00            9.98775843e-01            1.00122566e+00     6.851131825283210e+03     6.851188024481839e+03     6.851244438845770e+03     6.851300704538534e+03     6.851356998773822e+03     6.851582172264435e+03
   26800           -7.65020744e+04            5.11512095e+00            9.94897939e-01            1.00512823e+00     6.769216868037755e+03     6.769761982351197e+03     6.770307320235347e+03     6.770852500690225e+03     6.771397713314306e+03     6.773578558590857e+03
   27000           -7.65708016e+04            1.67809545e+00            9.98323312e-01            1.00167950e+00     6.770334919721831e+03     6.770448879997486e+03     6.770563017240731e+03     6.770677009238276e+03     6.770791040980819e+03     6.771247162239806e+03
   27200           -7.65359534e+04            4.30040863e+00            9.95708825e-01            1.00430967e+00     6.767308052064215e+03     6.767751919798761e+03     6.768195983572871e+03     6.768639894031921e+03     6.769083842772318e+03     6.770859633480422e+03
   27400           -7.66290906e+04            1.65371222e+00            9.98347654e-01            1.00165508e+00     6.775030039234870e+03     6.775141678535816e+03     6.775253522625239e+03     6.775365214513377e+03     6.775476940899087e+03     6.775923842563303e+03
   27600           -7.65748482e+04            3.22678379e+00            9.96778417e-01            1.00323200e+00     6.826046615195085e+03     6.826355489964291e+03     6.826664613642898e+03     6.826973576932443e+03     6.827282565696682e+03     6.828518516198280e+03
   27800           -7.66609706e+04            2.71848803e+00            9.97285204e-01            1.00272219e+00     6.686170083202434e+03     6.686414438054138e+03     6.686658979381043e+03     6.686903368804244e+03     6.687147799152282e+03     6.688125515102130e+03
   28000           -7.66838912e+04            1.86363902e+00            9.98138096e-01            1.00186538e+00     6.809954788994118e+03     6.810090425691867e+03     6.810226265621866e+03     6.810361963529146e+03     6.810497690156397e+03     6.811040591318677e+03
   28200           -7.66574035e+04            2.15536971e+00            9.97846951e-01            1.00215769e+00     6.825776201057311e+03     6.825954894765139e+03     6.826133772218053e+03     6.826312519609674e+03     6.826491293878290e+03     6.827206386699268e+03
   28400           -7.67328702e+04            6.09424546e+00            9.93924287e-01            1.00611285e+00     6.787187802102844e+03     6.787852518203277e+03     6.788517467322288e+03     6.789182254213790e+03     6.789847072742064e+03     6.792506343381282e+03
   28600           -7.66367388e+04            4.99540430e+00            9.95017052e-01            1.00500790e+00     6.825247499943160e+03     6.825777948280790e+03     6.826308608438286e+03     6.826839112825400e+03     6.827369652067798e+03     6.829491804192437e+03
   28800           -7.67616633e+04            3.28921809e+00            9.96716185e-01            1.00329463e+00     6.855863427183297e+03     6.856176919602426e+03     6.856490615465882e+03     6.856804167562399e+03     6.857117748978901e+03     6.858372070774503e+03
   29000           -7.66432831e+04            6.06181389e+00            9.93956522e-01            1.00608022e+00     6.824507982670880e+03     6.825175085669430e+03     6.825842440059573e+03     6.826509612601840e+03     6.827176823884518e+03     6.829845665098155e+03
   29200           -7.68202826e+04            2.06035508e+00            9.97941766e-01            1.00206248e+00     6.810117507770305e+03     6.810281485402008e+03     6.810445669509837e+03     6.810609698504438e+03     6.810773763241437e+03     6.811430018712568e+03
   29400           -7.68744839e+04            2.79026577e+00            9.97213623e-01            1.00279416e+00     6.826110910110888e+03     6.826371047241611e+03     6.826631340042639e+03     6.826891506735664e+03     6.827151706136301e+03     6.828192502161713e+03
   29600           -7.68431339e+04            8.69664732e+00            9.91341059e-01            1.00873457e+00     6.878432731900356e+03     6.879426821816549e+03     6.880421107745422e+03     6.881415252341560e+03     6.882409427327423e+03     6.886386122754490e+03
   29800           -7.68414719e+04            3.59178114e+00            9.96414662e-01            1.00359824e+00     6.745363058900830e+03     6.745720216890890e+03     6.746077535688890e+03     6.746434721387823e+03     6.746791943369802e+03     6.748220827838772e+03
   30000           -7.66222888e+04            3.76518979e+00            9.96241890e-01            1.00377229e+00     6.744225057347077e+03     6.744603436966459e+03     6.744982042110046e+03     6.745360493026057e+03     6.745738973584998e+03     6.747252889822918e+03
   30200           -7.67403688e+04            7.46992796e+00            9.92557903e-01            1.00749790e+00     6.783628882866130e+03     6.784473186257056e+03     6.785317677108892e+03     6.786162028590461e+03     6.787006411970166e+03     6.790383941074201e+03
   30400           -7.66561851e+04            4.86987536e+00            9.95141963e-01            1.00488175e+00     6.757742587800697e+03     6.758258532375115e+03     6.758774645141330e+03     6.759290627835609e+03     6.759806642825669e+03     6.761870697850640e+03
   30600           -7.66634041e+04            3.18682317e+00            9.96818249e-01            1.00319191e+00     6.727179490874390e+03     6.727487047576206e+03     6.727794794442164e+03     6.728102404911409e+03     6.728410044482962e+03     6.729640598091534e+03
   30800           -7.66820934e+04            5.59823996e+00            9.94417401e-01            1.00561394e+00     6.805480853534626e+03     6.806086649323981e+03     6.806692625680257e+03     6.807298461254911e+03     6.807904332255343e+03     6.810327810976058e+03
   31000           -7.68540400e+04            7.65791366e+00            9.92371333e-01            1.00768731e+00     6.750588664235142e+03     6.751451424687009e+03     6.752314435266971e+03     6.753177281446383e+03     6.754040155543757e+03     6.757491646852371e+03
   31200           -7.68287524e+04            4.11246240e+00            9.95895982e-01            1.00412093e+00     6.794035879260392e+03     6.794452004537247e+03     6.794868354717012e+03     6.795284548636536e+03     6.795700773133944e+03     6.797365667007501e+03
   31400           -7.68602471e+04            3.37761691e+00            9.96628081e-01            1.00338333e+00     6.788780013262333e+03     6.789104691166356e+03     6.789429591494082e+03     6.789754326993370e+03     6.790079099901802e+03     6.791378186541271e+03
   31600           -7.68466652e+04            2.21135272e+00            9.97791091e-01            1.00221380e+00     6.811948991422792e+03     6.812131065058980e+03     6.812313348896082e+03     6.812495471085070e+03     6.812677632506925e+03     6.813406273591058e+03
   31800           -7.67146901e+04            8.47936690e+00            9.91556482e-01            1.00851542e+00     6.855482287852809e+03     6.856448476480104e+03     6.857414881291264e+03     6.858381131404385e+03     6.859347414069794e+03     6.863212540286779e+03
   32000           -7.66990583e+04            6.52703261e+00            9.93494222e-01            1.00654838e+00     6.852057394032854e+03     6.852775939217592e+03     6.853494669016632e+03     6.854213264110719e+03     6.854931889410062e+03     6.857806384787269e+03
   32200           -7.65379339e+04            3.93445080e+00            9.96073279e-01            1.00394220e+00     6.884947155311274e+03     6.885342661916120e+03     6.885738398770598e+03     6.886133964032959e+03     6.886529568259942e+03     6.888111981208609e+03
   32400           -7.66560431e+04            5.85041628e+00            9.94166664e-01            1.00586756e+00     6.859980144670937e+03     6.860620317066720e+03     6.861260718929544e+03     6.861900966573742e+03     6.862541242194149e+03     6.865102339717361e+03
   32600           -7.66156588e+04            3.40318000e+00            9.96602604e-01            1.00340898e+00     6.807183843171336e+03     6.807515244073793e+03     6.807846805339128e+03     6.808178235419278e+03     6.808509701291183e+03     6.809835559411031e+03
   32800           -7.66773483e+04            2.33316130e+00            9.97669558e-01            1.00233589e+00     6.814584705011232e+03     6.814783733248742e+03     6.814982934248153e+03     6.815182006081627e+03     6.815381107974737e+03     6.816177510938242e+03
   33000           -7.66846655e+04            5.37550496e+00            9.94638917e-01            1.00538998e+00     6.840726219368110e+03     6.841302325239330e+03     6.841878567230965e+03     6.842454686201664e+03     6.843030843178894e+03     6.845335466989679e+03
   33200           -7.66525922e+04            3.83918052e+00            9.96168180e-01            1.00384656e+00     6.820849643112872e+03     6.821241074861380e+03     6.821632696322993e+03     6.822024181596984e+03     6.822415695982242e+03     6.823981748851612e+03
   33400           -7.65414720e+04            2.96689391e+00            9.97037503e-01            1.00297130e+00     6.886616017796665e+03     6.886890121751754e+03     6.887164468131475e+03     6.887438639839111e+03     6.887712848618360e+03     6.888809679440055e+03
   33600           -7.66695019e+04            3.80138251e+00            9.96205834e-01            1.00380862e+00     6.840026028392163e+03     6.840406249038633e+03     6.840786650174363e+03     6.841166923080203e+03     6.841547222886185e+03     6.843068417380208e+03
   33800           -7.67978828e+04            5.52590442e+00            9.94489335e-01            1.00554120e+00     6.746765983843462e+03     6.747363224919083e+03     6.747960712341262e+03     6.748558031216939e+03     6.749155382198347e+03     6.751544780553232e+03
   34000           -7.64442931e+04            5.16580307e+00            9.94847517e-01            1.00517917e+00     6.776425836652532e+03     6.776979586855628e+03     6.777533582004381e+03     6.778087408578256e+03     6.778641267162278e+03     6.780856697672024e+03
   34200           -7.64733165e+04            6.57201510e+00            9.93449533e-01            1.00659366e+00     6.819928112564149e+03     6.820658204334511e+03     6.821388490211848e+03     6.822118626942597e+03     6.822848799959144e+03     6.825769487354140e+03
   34400           -7.66683985e+04            4.56005883e+00            9.95450322e-01            1.00457047e+00     6.848365950716437e+03     6.848844523470790e+03     6.849323271803777e+03     6.849801882397397e+03     6.850280527894074e+03     6.852195105071709e+03
   34600           -7.66345351e+04            1.83837343e+00            9.98163315e-01            1.00184006e+00     6.725928227374597e+03     6.726064514740412e+03     6.726201015222448e+03     6.726337357861186e+03     6.726473736352748e+03     6.727019245330900e+03
   34800           -7.67330149e+04            1.09031863e+01            9.89156038e-01            1.01096284e+00     6.898507453582997e+03     6.899772310488986e+03     6.901037393185022e+03     6.902302305891837e+03     6.903567257873175e+03     6.908627062163352e+03
   35000           -7.67062300e+04            1.28240041e+01            9.87257873e-01            1.01290658e+00     6.785012785240131e+03     6.786520744357276e+03     6.788028872409979e+03     6.789536877181685e+03     6.791044909481923e+03     6.797077033723715e+03
   35200           -7.67057542e+04            1.17797454e+00            9.98822719e-01            1.00117867e+00     6.828950756372540e+03     6.829002289248700e+03     6.829054034479399e+03     6.829105619266384e+03     6.829157241639118e+03     6.829363726905695e+03
   35400           -7.68534878e+04            6.63655249e+00            9.93385421e-01            1.00665862e+00     6.809331150401445e+03     6.810064114465223e+03     6.810797253465433e+03     6.811530248368641e+03     6.812263283359955e+03     6.815195416318466e+03
   35600           -7.68810986e+04            7.18860145e+00            9.92837175e-01            1.00721450e+00     6.829107942415624e+03     6.829907285464002e+03     6.830706820334302e+03     6.831506220069944e+03     6.832305647689104e+03     6.835503352962585e+03
   35800           -7.67489031e+04            2.26817928e+00            9.97734391e-01            1.00227075e+00     6.774319695175206e+03     6.774512729584630e+03     6.774705934327524e+03     6.774899012982579e+03     6.775092120478577e+03     6.775864545781948e+03
   36000           -7.67367368e+04            8.07422402e+00            9.91958285e-01            1.00810691e+00     6.825027006465638e+03     6.825943225666899e+03     6.826859624960148e+03     6.827775891209589e+03     6.828692187418605e+03     6.832357368371570e+03
   36200           -7.65112028e+04            2.46217051e+00            9.97540858e-01            1.00246520e+00     6.834170800031126e+03     6.834384824650233e+03     6.834599082706099e+03     6.834813177432906e+03     6.835027304625563e+03     6.835883809220001e+03
   36400           -7.66232092e+04            2.20996478e+00            9.97792475e-01            1.00221241e+00     6.752802010532304e+03     6.752983026447187e+03     6.753164258683339e+03     6.753345345186922e+03     6.753526458922951e+03     6.754250907313598e+03
   36600           -7.67501870e+04            4.27031129e+00            9.95738794e-01            1.00427944e+00     6.930652540749748e+03     6.931093547353542e+03     6.931534747708860e+03     6.931975807562959e+03     6.932416897998674e+03     6.934181255247599e+03
   36800           -7.66959798e+04            2.42625415e+00            9.97576687e-01            1.00242920e+00     6.821858698237495e+03     6.822066728740780e+03     6.822274979511155e+03     6.822483078413881e+03     6.822691206421480e+03     6.823523714605464e+03
   37000           -7.67765146e+04            5.01686994e+00            9.94995694e-01            1.00502948e+00     6.861765848144119e+03     6.862295982375844e+03     6.862826292108544e+03     6.863356473739422e+03     6.863886683943907e+03     6.866007519743695e+03
   37200           -7.67026220e+04            2.40538354e+00            9.97597507e-01            1.00240828e+00     6.813515057400719e+03     6.813718402138147e+03     6.813921957004802e+03     6.814125355182580e+03     6.814328789341722e+03     6.815142521282724e+03
   37400           -7.63798089e+04            1.55710873e+00            9.98444103e-01            1.00155832e+00     6.889808077102743e+03     6.889909013384116e+03     6.890010136851596e+03     6.890111121234464e+03     6.890212137589348e+03     6.890616198075955e+03
   37600           -7.63566231e+04            1.75681567e+00            9.98244727e-01            1.00175836e+00     6.791033072093022e+03     6.791160325688198e+03     6.791287765152214e+03     6.791415058868538e+03     6.791542389199839e+03     6.792051706306655e+03
   37800           -7.64625755e+04            1.60717416e+00            9.98394117e-01            1.00160847e+00     6.795240001824338e+03     6.795346293318399e+03     6.795452790132621e+03     6.795559140183293e+03     6.795665521413168e+03     6.796091041001999e+03
   38000           -7.66356777e+04            8.63745173e+00            9.91399744e-01            1.00867486e+00     6.791964034030038e+03     6.792953680554425e+03     6.793943548295769e+03     6.794933250318550e+03     6.795922990419562e+03     6.799881946809085e+03
   38200           -7.66267212e+04            8.03114228e+00            9.92001021e-01            1.00806348e+00     6.729212349577721e+03     6.730121600447854e+03     6.731031022224962e+03     6.731940315488042e+03     6.732849638955629e+03     6.736486928333537e+03
   38400           -7.67775173e+04            3.77701934e+00            9.96230105e-01            1.00378416e+00     6.773235161056470e+03     6.773613659047610e+03     6.773992373258460e+03     6.774370923432427e+03     6.774749512135661e+03     6.776263863214852e+03
   38600           -7.66931748e+04            4.82189168e+00            9.95189715e-01            1.00483354e+00     6.820928418318942e+03     6.821430223903401e+03     6.821932251072218e+03     6.822434111270920e+03     6.822936010572392e+03     6.824943602825841e+03
   38800           -7.66049021e+04            2.77475251e+00            9.97229094e-01            1.00277861e+00     6.879271179138781e+03     6.879524227599552e+03     6.879777501378426e+03     6.880030605943205e+03     6.880283748369657e+03     6.881296317600532e+03
   39000           -7.68398102e+04            4.82983470e+00            9.95181810e-01            1.00484152e+00     6.877898781350473e+03     6.878404344049197e+03     6.878910135387562e+03     6.879415766334674e+03     6.879921429624984e+03     6.881944077899494e+03
   39200           -7.66679584e+04            4.90738513e+00            9.95104636e-01            1.00491945e+00     6.797074812563333e+03     6.797597216944308e+03     6.798119911634452e+03     6.798642423894908e+03     6.799164962758306e+03     6.801255112953278e+03
   39400           -7.66739899e+04            4.27558475e+00            9.95733543e-01            1.00428474e+00     6.791861316568623e+03     6.792303139418851e+03     6.792745116069526e+03     6.793186972170999e+03     6.793628858853341e+03     6.795396401138059e+03
   39600           -7.68141941e+04            6.20821294e+00            9.93811018e-01            1.00622752e+00     6.795904051356275e+03     6.796584808460191e+03     6.797265714791463e+03     6.797946502527028e+03     6.798627321079435e+03     6.801350590802596e+03
   39800           -7.65016092e+04            2.59821810e+00            9.97405154e-01            1.00260160e+00     6.826290746194409e+03     6.826515822592294e+03     6.826741116682482e+03     6.826966251519412e+03     6.827191421313259e+03     6.828092096432108e+03
   40000           -7.67007267e+04            8.17397348e+00            9.91859343e-01            1.00820747e+00     6.733105879097179e+03     6.734038491632716e+03     6.734971404113472e+03     6.735904114512346e+03     6.736836861420529e+03     6.740567843743880e+03
   40200           -7.66741217e+04            2.71242754e+00            9.97291248e-01            1.00271611e+00     6.814263705444178e+03     6.814508349974225e+03     6.814753187308917e+03     6.814997879636006e+03     6.815242606040500e+03     6.816221506636820e+03
   40400           -7.67886426e+04            1.80763416e+00            9.98193999e-01            1.00180927e+00     6.852530686607096e+03     6.852664528748844e+03     6.852798604539426e+03     6.852932520731989e+03     6.853066467487126e+03     6.853602248367156e+03
   40600           -7.66761271e+04            3.57339933e+00            9.96432978e-01            1.00357979e+00     6.901078881096492e+03     6.901425561611944e+03     6.901772435066456e+03     6.902119166406398e+03     6.902465929332335e+03     6.903852977568176e+03
   40800           -7.67329942e+04            1.96510169e+00            9.98036828e-01            1.00196703e+00     6.820449255086704e+03     6.820604419126425e+03     6.820759759578154e+03     6.820914964170739e+03     6.821070200661645e+03     6.821691146236585e+03
   41000           -7.67938623e+04            2.45156564e+00            9.97551437e-01            1.00245457e+00     6.808395162502798e+03     6.808610677464245e+03     6.808826407202683e+03     6.809041978165435e+03     6.809257585041640e+03     6.810120007580481e+03
   41200           -7.67290679e+04            2.26754124e+00            9.97735028e-01            1.00227011e+00     6.888929232068809e+03     6.889119703958259e+03     6.889310348295975e+03     6.889500858961493e+03     6.889691402907378e+03     6.890453573745946e+03
   41400           -7.66375522e+04            2.73317632e+00            9.97270555e-01            1.00273691e+00     6.829612050264389e+03     6.829858069424573e+03     6.830104351978102e+03     6.830350448644966e+03     6.830596582876104e+03     6.831581115487819e+03
   41600           -7.66803293e+04            4.34048143e+00            9.95668925e-01            1.00434991e+00     6.853818396750111e+03     6.854270526339072e+03     6.854722828907984e+03     6.855174992208186e+03     6.855627191958707e+03     6.857435987167303e+03
   41800           -7.68170309e+04            3.12249200e+00            9.96882378e-01            1.00312737e+00     6.760257489331942e+03     6.760554487975493e+03     6.760851649900218e+03     6.761148690281444e+03     6.761445758924883e+03     6.762634028517823e+03
   42000           -7.69093001e+04            1.63685044e+00            9.98364488e-01            1.00163819e+00     6.822559371474821e+03     6.822667995096815e+03     6.822776802284673e+03     6.822885473178884e+03     6.822994175146795e+03     6.823428978818769e+03
   42200           -7.67097989e+04            3.93491620e+00            9.96072815e-01            1.00394267e+00     6.862550797610537e+03     6.862948565223454e+03     6.863346583164594e+03     6.863744429595386e+03     6.864142308691971e+03     6.865733819773406e+03
   42400           -7.67358602e+04            4.37529422e+00            9.95634263e-01            1.00438488e+00     6.813046347312181e+03     6.813500073407426e+03     6.813953998723384e+03     6.814407773829079e+03     6.814861584337030e+03     6.816676821361879e+03
   42600           -7.67037431e+04            5.39581591e+00            9.94618715e-01            1.00541040e+00     6.852998033513663e+03     6.853579848870849e+03     6.854161823333387e+03     6.854743676157588e+03     6.855325557977311e+03     6.857653082440959e+03
   42800           -7.65424674e+04            2.31251277e+00            9.97690159e-01            1.00231519e+00     6.886747849198651e+03     6.886943548646245e+03     6.887139413430065e+03     6.887335153111755e+03     6.887530922509578e+03     6.888313995820505e+03
   43000           -7.66421819e+04            2.22506777e+00            9.97777406e-01            1.00222755e+00     6.894722905278818e+03     6.894905189509445e+03     6.895087637705267e+03     6.895269968663533e+03     6.895452324418723e+03     6.896181743558629e+03
   43200           -7.67145304e+04            4.19922100e+00            9.95809583e-01            1.00420805e+00     6.821950956667039e+03     6.822377863503264e+03     6.822805013274896e+03     6.823231986627798e+03     6.823658998230682e+03     6.825367039794324e+03
   43400           -7.66259180e+04            1.01445184e+00            9.98986063e-01            1.00101497e+00     6.816752922684910e+03     6.816783732848586e+03     6.816814738950266e+03     6.816845608176942e+03     6.816876504747330e+03     6.817000086809749e+03
   43600           -7.65470908e+04            1.76443111e+00            9.98237125e-01            1.00176599e+00     6.782536851660229e+03     6.782665615715468e+03     6.782794591829533e+03     6.782923411926612e+03     6.783052267001794e+03     6.783567682343357e+03
   43800           -7.65844354e+04            1.64197042e+00            9.98359377e-01            1.00164332e+00     6.746593748285984e+03     6.746707330665250e+03     6.746821161024960e+03     6.746934808396601e+03     6.747048496496312e+03     6.747503244706639e+03
   44000           -7.67256992e+04            1.81226919e+00            9.98189372e-01            1.00181391e+00     6.846276020608398e+03     6.846410010950976e+03     6.846544185041628e+03     6.846678220015931e+03     6.846812287894941e+03     6.847348555181484e+03
   44200           -7.67234103e+04            3.70883509e+00            9.96298034e-01            1.00371572e+00     6.770732221571420e+03     6.771107910556370e+03     6.771483790081823e+03     6.771859528665475e+03     6.772235298876192e+03     6.773738376180965e+03
   44400           -7.66187535e+04            2.20786908e+00            9.97794566e-01            1.00221031e+00     6.813381970638055e+03     6.813567350091374e+03     6.813752946564917e+03     6.813938380532039e+03     6.814123851006980e+03     6.814865731375903e+03
   44600           -7.66836445e+04            4.50495503e+00            9.95505177e-01            1.00451512e+00     6.787284742697607e+03     6.787752536443301e+03     6.788220563097056e+03     6.788688421887771e+03     6.789156315667789e+03     6.791027888637972e+03
   44800           -7.68319106e+04            3.19251582e+00            9.96812575e-01            1.00319762e+00     6.790943560930612e+03     6.791247349189933e+03     6.791551353830264e+03     6.791855199578812e+03     6.792159080550023e+03     6.793374600169434e+03
   45000           -7.67942132e+04            2.58035753e+00            9.97422969e-01            1.00258369e+00     6.799315836529987e+03     6.799548443445181e+03     6.799781247063051e+03     6.800013904227366e+03     6.800246595012566e+03     6.801177353495144e+03
   45200           -7.70641045e+04            2.19772605e+00            9.97804687e-01            1.00220014e+00     6.816745987820267e+03     6.816925442692921e+03     6.817105089566717e+03     6.817284588035237e+03     6.817464123197702e+03     6.818182258575140e+03
   45400           -7.68074462e+04            9.69558823e+00            9.90351262e-01            1.00974274e+00     6.785723533548871e+03     6.786842779080997e+03     6.787962273812263e+03     6.789081592985985e+03     6.790200947632905e+03     6.794678361716939e+03
   45600           -7.69668797e+04            4.07870843e+00            9.95929598e-01            1.00408704e+00     6.810445101248349e+03     6.810857331933477e+03     6.811269744699935e+03     6.811682017048810e+03     6.812094324050578e+03     6.813743546852807e+03
   45800           -7.68011126e+04            3.86614264e+00            9.96141321e-01            1.00387363e+00     6.772439439133102e+03     6.772825775187878e+03     6.773212311759725e+03     6.773598690720652e+03     6.773985109364945e+03     6.775530779596787e+03
   46000           -7.68594762e+04            3.60259232e+00            9.96403889e-01            1.00360909e+00     6.788196516913741e+03     6.788556038425404e+03     6.788915762978150e+03     6.789275332766397e+03     6.789634939792034e+03     6.791073362670328e+03
   46200           -7.68270075e+04            3.89127396e+00            9.96116287e-01            1.00389885e+00     6.844293769501559e+03     6.844686475851237e+03     6.845079399173347e+03     6.845472163409473e+03     6.845864962438231e+03     6.847436155374904e+03
   46400           -7.69973066e+04            3.17625969e+00            9.96828779e-01            1.00318131e+00     6.811572721523992e+03     6.811873736020712e+03     6.812174929653584e+03     6.812475989281953e+03     6.812777080325312e+03     6.813981439126631e+03
   46600           -7.69216295e+04            2.10428807e+00            9.97897924e-01            1.00210650e+00     6.759697310675826e+03     6.759861604142049e+03     6.760026163080567e+03     6.760190535319650e+03     6.760354944932452e+03     6.761012579189078e+03
   46800           -7.67651332e+04            3.09325091e+00            9.96911528e-01            1.00309804e+00     6.769423589453883e+03     6.769717429456049e+03     6.770011448110472e+03     6.770305327736452e+03     6.770599242152352e+03     6.771774894850822e+03
   47000           -7.68324438e+04            2.89117432e+00            9.97113001e-01            1.00289536e+00     6.831505725772110e+03     6.831769594500919e+03     6.832033673541159e+03     6.832297608467899e+03     6.832561570770229e+03     6.833617415768347e+03
   47200           -7.68738432e+04            5.26092405e+00            9.94752890e-01            1.00527479e+00     6.808212346769443e+03     6.808775864312549e+03     6.809339603377284e+03     6.809903182119467e+03     6.810466795525742e+03     6.812721244282042e+03
   47400           -7.66807715e+04            3.47524293e+00            9.96530789e-01            1.00348129e+00     6.830387747924739e+03     6.830721315663333e+03     6.831055031240329e+03     6.831388621657694e+03     6.831722247635252e+03     6.833056747345763e+03
   47600           -7.68380797e+04            4.68202886e+00            9.95328915e-01            1.00469301e+00     6.817887399679782e+03     6.818373762327591e+03     6.818860359639814e+03     6.819346783554654e+03     6.819833246514018e+03     6.821779093348254e+03
   47800           -7.66963963e+04            1.87238148e+00            9.98129370e-01            1.00187414e+00     6.804348110573591e+03     6.804488206365913e+03     6.804628497537674e+03     6.804768647994995e+03     6.804908828286484e+03     6.805469545999378e+03
   48000           -7.68030342e+04            2.23387941e+00            9.97768614e-01            1.00223638e+00     6.839503973084377e+03     6.839689667999983e+03     6.839875569684444e+03     6.840061322734462e+03     6.840247107619900e+03     6.840990242155422e+03
   48200           -7.67860648e+04            7.25841462e+00            9.92767864e-01            1.00728482e+00     6.824379808703761e+03     6.825194810481452e+03     6.826010019195269e+03     6.826825073470543e+03     6.827640163255976e+03     6.830900517808192e+03
   48400           -7.67984437e+04            1.95309310e+00            9.98048813e-01            1.00195500e+00     6.803215354681891e+03     6.803362633231886e+03     6.803510111629865e+03     6.803657443526112e+03     6.803804808383888e+03     6.804394262085884e+03
   48600           -7.65891069e+04            2.97274122e+00            9.97031673e-01            1.00297716e+00     6.820485430452487e+03     6.820752618801970e+03     6.821020034554477e+03     6.821287284026959e+03     6.821554570182561e+03     6.822623709912636e+03
   48800           -7.67743956e+04            1.42099680e+00            9.98580012e-01            1.00142201e+00     6.756346197231754e+03     6.756433458885462e+03     6.756520938013419e+03     6.756608257571080e+03     6.756695612292596e+03     6.757045027353439e+03
   49000           -7.66557557e+04            5.15650567e+00            9.94856766e-01            1.00516982e+00     6.856562965896597e+03     6.857109278479130e+03     6.857655809712788e+03     6.858202191075394e+03     6.858748600360442e+03     6.860934234824287e+03
   49200           -7.68052570e+04            4.32443058e+00            9.95684906e-01            1.00433379e+00     6.865809139840105e+03     6.866254096132297e+03     6.866699260555413e+03     6.867144277211629e+03     6.867589324613373e+03     6.869369509386641e+03
   49400           -7.67620194e+04            2.81231663e+00            9.97191634e-01            1.00281627e+00     6.749537209173251e+03     6.749794874099740e+03     6.750052767707690e+03     6.750310495428312e+03     6.750568258903281e+03     6.751599308633312e+03
   49600           -7.67820693e+04            2.31839822e+00            9.97684287e-01            1.00232109e+00     6.722738570379268e+03     6.722936284443199e+03     6.723134247918345e+03     6.723332048512948e+03     6.723529876088344e+03     6.724321181797420e+03
   49800           -7.67119841e+04            7.46907854e+00            9.92558746e-01            1.00749704e+00     6.800524774619566e+03     6.801368219471548e+03     6.802211860121147e+03     6.803055366491815e+03     6.803898898702989e+03     6.807273022786411e+03
   50000           -7.67733621e+04            3.68109471e+00            9.96325672e-01            1.00368788e+00     6.744809158917663e+03     6.745175409109249e+03     6.745541855737669e+03     6.745908154557557e+03     6.746274488074396e+03     6.747739817231130e+03
