#This file was generated on Thu Nov 23 15:08:21 2023
#Using the somd command, of the molecular library Sire version <2023.1.3> 
#For more information visit: https://github.com/michellab/Sire
#
#General information on simulation parameters:
#Simulation used 25000 moves, 2 cycles and 200 ps of simulation time
#Generating lambda is		 0.25000
#Alchemical array is		 (0.0, 0.125, 0.25, 0.375, 0.5, 1.0)
#Generating temperature is 	25°C
#Energy was saved every 200 steps 
#
#
#   [step]      [potential kcal/mol]       [gradient kcal/mol]      [forward Metropolis]     [backward Metropolis]                   [u_kl]
     200           -8.40347941e+04            3.67252574e+00            9.96699377e-01            1.00404714e+00     6.894779191456072e+03     6.895194744246900e+03     6.895610533350963e+03     6.896026148349725e+03     6.896441802171974e+03     6.898104412887875e+03
     400           -8.12647388e+04            3.36210394e+00            9.97005235e-01            1.00373190e+00     6.850789861688690e+03     6.851167568565031e+03     6.851545507725151e+03     6.851923274441672e+03     6.852301080448771e+03     6.853812299208852e+03
     600           -7.97759837e+04            2.71740147e+00            9.97647269e-01            1.00308405e+00     6.919742122188823e+03     6.920039421762253e+03     6.920336956364512e+03     6.920634316403689e+03     6.920931716128146e+03     6.922121310067469e+03
     800           -7.86933122e+04            9.82968559e+00            9.90587310e-01            1.01025432e+00     6.849616291053152e+03     6.850801947896414e+03     6.851987850945844e+03     6.853173586862369e+03     6.854359353667424e+03     6.859102416281698e+03
    1000           -7.79073031e+04            6.60629795e+00            9.93811481e-01            1.00702944e+00     6.893676010073171e+03     6.894456210008059e+03     6.895236612894420e+03     6.896016865589747e+03     6.896797152271865e+03     6.899918294470561e+03
    1200           -7.75302917e+04            1.60057226e+00            9.98759415e-01            1.00196171e+00     6.850026657941791e+03     6.850183786317388e+03     6.850341110601119e+03     6.850498292320644e+03     6.850655505456091e+03     6.851284352970391e+03
    1400           -7.73734355e+04            6.37867748e+00            9.94009325e-01            1.00677149e+00     6.849511588876380e+03     6.850266038076762e+03     6.851020695393133e+03     6.851775198472957e+03     6.852529736339341e+03     6.855547883802302e+03
    1600           -7.69906119e+04            4.38409247e+00            9.95979158e-01            1.00475049e+00     6.842771132306691e+03     6.843276542421563e+03     6.843782112627496e+03     6.844287557890308e+03     6.844793034618234e+03     6.846814936929775e+03
    1800           -7.66578836e+04            4.72743705e+00            9.95651583e-01            1.00510999e+00     6.876314690560987e+03     6.876862032804503e+03     6.877409599248984e+03     6.877957010239715e+03     6.878504451769498e+03     6.880694212978008e+03
    2000           -7.66979771e+04            2.35450707e+00            9.98010586e-01            1.00272131e+00     6.864123861003195e+03     6.864374042770121e+03     6.864624443794535e+03     6.864874691430704e+03     6.865124969641775e+03     6.866126078280356e+03
    2200           -7.67707349e+04            3.52359286e+00            9.96878965e-01            1.00392897e+00     6.969268714108013e+03     6.969663697840159e+03     6.970058891531272e+03     6.970453921866256e+03     6.970848992798068e+03     6.972429271488124e+03
    2400           -7.67004629e+04            9.09457498e+00            9.91305161e-01            1.00950114e+00     6.894464421667304e+03     6.895558033525437e+03     6.896651888928324e+03     6.897745580878315e+03     6.898839302686264e+03     6.903214183705223e+03
    2600           -7.66835166e+04            1.49119130e+00            9.98866658e-01            1.00185011e+00     6.898963437488196e+03     6.899105716373606e+03     6.899248185387313e+03     6.899390499994914e+03     6.899532855708159e+03     6.900102273928122e+03
    2800           -7.69112384e+04            4.10267164e+00            9.96269809e-01            1.00447818e+00     6.904385411279663e+03     6.904856363753645e+03     6.905327556441882e+03     6.905798577096952e+03     6.906269633608114e+03     6.908153855936564e+03
    3000           -7.67281830e+04            1.34304819e+00            9.99046555e-01            1.00173370e+00     6.888514380101405e+03     6.888637038739710e+03     6.888759912459680e+03     6.888882632839249e+03     6.889005385149715e+03     6.889496390198025e+03
    3200           -7.66278838e+04            1.90208620e+00            9.98461171e-01            1.00226672e+00     6.911414549060062e+03     6.911610701352824e+03     6.911807031589927e+03     6.912003219255073e+03     6.912199444032905e+03     6.912984339005749e+03
    3400           -7.66293063e+04            4.39144861e+00            9.95995688e-01            1.00478194e+00     6.863556175853089e+03     6.864061916594349e+03     6.864567875783619e+03     6.865073667584223e+03     6.865579499486000e+03     6.867602823118911e+03
    3600           -7.67672866e+04            3.92133065e+00            9.96418969e-01            1.00426427e+00     6.888024110383551e+03     6.888472849867368e+03     6.888921805600765e+03     6.889370603087204e+03     6.889819435319119e+03     6.891614760254687e+03
    3800           -7.66011700e+04            3.07259815e+00            9.97276900e-01            1.00342423e+00     6.946957385185498e+03     6.947298500411962e+03     6.947639815110049e+03     6.947980979109755e+03     6.948322178520164e+03     6.949686971854831e+03
    4000           -7.65588952e+04            3.29116980e+00            9.97099416e-01            1.00368431e+00     6.916844118440804e+03     6.917210186717739e+03     6.917576505071988e+03     6.917942648828094e+03     6.918308826610547e+03     6.919773534780289e+03
    4200           -7.67405520e+04            6.52170829e+00            9.93836582e-01            1.00688452e+00     6.855690479075465e+03     6.856464564072042e+03     6.857238829587748e+03     6.858012941577065e+03     6.858787097563346e+03     6.861883716051226e+03
    4400           -7.66374114e+04            5.70834964e+00            9.94665182e-01            1.00608605e+00     6.856938009561243e+03     6.857610480394411e+03     6.858283133001247e+03     6.858955652641937e+03     6.859628202054019e+03     6.862318394546794e+03
    4600           -7.66044845e+04            1.81612091e+00            9.98563298e-01            1.00219692e+00     6.828602797099525e+03     6.828785511714823e+03     6.828968456875467e+03     6.829151241182270e+03     6.829334056911483e+03     6.830065316723441e+03
    4800           -7.69616959e+04            2.02184662e+00            9.98367975e-01            1.00241324e+00     6.926903229110574e+03     6.927110257080333e+03     6.927317531976128e+03     6.927524636321799e+03     6.927731773405138e+03     6.928560317699704e+03
    5000           -7.68184515e+04            2.68349500e+00            9.97667131e-01            1.00303599e+00     6.836724970897607e+03     6.837018226191399e+03     6.837311676255281e+03     6.837604991421928e+03     6.837898332960756e+03     6.839071695023906e+03
    5200           -7.67955228e+04            5.60638460e+00            9.94786754e-01            1.00600384e+00     6.959751789846305e+03     6.960408578511217e+03     6.961065574918743e+03     6.961722426501748e+03     6.962379306930176e+03     6.965006824014048e+03
    5400           -7.68074547e+04            3.09988039e+00            9.97223552e-01            1.00342530e+00     6.865890410655670e+03     6.866239779329951e+03     6.866589258654529e+03     6.866938637263093e+03     6.867288047200211e+03     6.868685683744751e+03
    5600           -7.67589796e+04            9.72535746e+00            9.90694803e-01            1.01015315e+00     6.820993945309835e+03     6.822164313364178e+03     6.823334887252447e+03     6.824505305374824e+03     6.825675759645832e+03     6.830357573981829e+03
    5800           -7.66823868e+04            1.43489318e+00            9.98914068e-01            1.00178486e+00     6.886676251202599e+03     6.886813631496417e+03     6.886951200511657e+03     6.887088621669080e+03     6.887226079769674e+03     6.887775908336750e+03
    6000           -7.69062522e+04            1.35076841e+00            9.99023016e-01            1.00172556e+00     6.860053867939831e+03     6.860177904551419e+03     6.860302199466512e+03     6.860426311678981e+03     6.860550460762934e+03     6.861047053586036e+03
    6200           -7.68112009e+04            3.67912625e+00            9.96667731e-01            1.00402851e+00     6.800587768403170e+03     6.801008173221909e+03     6.801428755668365e+03     6.801849196789751e+03     6.802269674435757e+03     6.803951580468343e+03
    6400           -7.68753598e+04            5.44091065e+00            9.94946636e-01            1.00583259e+00     6.954904099163365e+03     6.955541778253248e+03     6.956179657131374e+03     6.956817382340485e+03     6.957455145394834e+03     6.960006191626304e+03
    6600           -7.69292659e+04            4.38555293e+00            9.95968994e-01            1.00474317e+00     6.888408909874462e+03     6.888913469542395e+03     6.889418232167776e+03     6.889922845578871e+03     6.890427492474942e+03     6.892446075075422e+03
    6800           -7.70420362e+04            4.45693487e+00            9.95910301e-01            1.00482740e+00     6.809010842901059e+03     6.809525360069222e+03     6.810040114724512e+03     6.810554702894328e+03     6.811069324466232e+03     6.813127806031404e+03
    7000           -7.70746070e+04            2.33222784e+00            9.98021749e-01            1.00268785e+00     6.842853543376577e+03     6.843102602001665e+03     6.843351860895903e+03     6.843600961453193e+03     6.843850101553835e+03     6.844846659731093e+03
    7200           -7.68700068e+04            4.32784443e+00            9.96032893e-01            1.00469166e+00     6.800762730496059e+03     6.801260937340258e+03     6.801759376142652e+03     6.802257642763931e+03     6.802755947580307e+03     6.804749164664557e+03
    7400           -7.70431573e+04            3.96778553e+00            9.96396890e-01            1.00433532e+00     6.859298745728251e+03     6.859750415361392e+03     6.860202287241074e+03     6.860654003767259e+03     6.861105757531956e+03     6.862912769335662e+03
    7600           -7.69652207e+04            3.06607548e+00            9.97315134e-01            1.00344961e+00     6.801184737559776e+03     6.801523497673189e+03     6.801862506026915e+03     6.802201344563824e+03     6.802540214933345e+03     6.803895692306910e+03
    7800           -7.67555793e+04            1.19775336e+00            9.99156139e-01            1.00155249e+00     6.827017156200770e+03     6.827123395529366e+03     6.827229863413967e+03     6.827336167503352e+03     6.827442506251416e+03     6.827867856302063e+03
    8000           -7.67323825e+04            2.72455595e+00            9.97628115e-01            1.00307914e+00     6.898017413546851e+03     6.898316371640350e+03     6.898615554881693e+03     6.898914590735397e+03     6.899213651077046e+03     6.900409888607242e+03
    8200           -7.67047646e+04            1.29288244e+00            9.99082665e-01            1.00166940e+00     6.889828921514930e+03     6.889945829868882e+03     6.890062897985327e+03     6.890179835343658e+03     6.890296808144405e+03     6.890764694773880e+03
    8400           -7.66198829e+04            1.68068388e+00            9.98700105e-01            1.00206275e+00     6.876501387628427e+03     6.876668329143976e+03     6.876835485451451e+03     6.877002484404373e+03     6.877169518157952e+03     6.877837648687475e+03
    8600           -7.65851893e+04            9.10222916e-01            9.99450740e-01            1.00127184e+00     6.862623862771482e+03     6.862694418293185e+03     6.862765178988685e+03     6.862835779527411e+03     6.862906419981370e+03     6.863188977191258e+03
    8800           -7.67035404e+04            4.47041522e+00            9.95870533e-01            1.00481437e+00     6.913005142082005e+03     6.913525358261269e+03     6.914045735051330e+03     6.914565975957323e+03     6.915086255568070e+03     6.917167369054134e+03
    9000           -7.67975400e+04            2.91210234e+00            9.97481095e-01            1.00330758e+00     6.905033223124793e+03     6.905352037999502e+03     6.905671057734376e+03     6.905989915640129e+03     6.906308814789581e+03     6.907584406454370e+03
    9200           -7.68048729e+04            4.88847771e+00            9.95469891e-01            1.00525029e+00     6.861069020775003e+03     6.861639276592265e+03     6.862209675017697e+03     6.862779954579340e+03     6.863350267680472e+03     6.865631514585941e+03
    9400           -7.67403002e+04            2.69311892e+00            9.97729925e-01            1.00311843e+00     6.885504468572833e+03     6.885794222260100e+03     6.886084238154875e+03     6.886374073295947e+03     6.886663942775718e+03     6.887823416978604e+03
    9600           -7.67603426e+04            5.35804298e+00            9.95041567e-01            1.00576186e+00     6.929413405622568e+03     6.930039042331766e+03     6.930664928485036e+03     6.931290647417310e+03     6.931916396040280e+03     6.934419386457994e+03
    9800           -7.66596849e+04            4.03425868e+00            9.96326062e-01            1.00439745e+00     6.810434174439094e+03     6.810896068122678e+03     6.811358159010754e+03     6.811820102282968e+03     6.812282079314198e+03     6.814129984189302e+03
   10000           -7.67257821e+04            7.63548731e+00            9.92738186e-01            1.00801461e+00     6.894022948687371e+03     6.894935506069961e+03     6.895848218737535e+03     6.896760806172296e+03     6.897673427195832e+03     6.901323905704293e+03
   10200           -7.67945145e+04            4.35677736e+00            9.96011698e-01            1.00472842e+00     6.882729066103277e+03     6.883231746547464e+03     6.883734688320985e+03     6.884237450864427e+03     6.884740247274108e+03     6.886751428444940e+03
   10400           -7.69031329e+04            1.84569692e+00            9.98501606e-01            1.00219428e+00     6.884965657272465e+03     6.885153741079901e+03     6.885342028492963e+03     6.885530158730226e+03     6.885718327547626e+03     6.886470997822787e+03
   10600           -7.68615048e+04            3.38490324e+00            9.96986030e-01            1.00375833e+00     6.864670938258761e+03     6.865050863984147e+03     6.865431015129193e+03     6.865810995454633e+03     6.866191016129916e+03     6.867711094001070e+03
   10800           -7.69291948e+04            2.98230060e+00            9.97361417e-01            1.00332806e+00     6.796709728984089e+03     6.797041151665612e+03     6.797372774903038e+03     6.797704235147441e+03     6.798035738978284e+03     6.799361748972478e+03
   11000           -7.66832888e+04            6.49015466e+00            9.93880147e-01            1.00686511e+00     6.846298179233514e+03     6.847066794886674e+03     6.847835592450903e+03     6.848604246712439e+03     6.849372937505033e+03     6.852447695776553e+03
   11200           -7.67522315e+04            1.66722192e+00            9.98699972e-01            1.00203564e+00     6.855350787883781e+03     6.855515852323117e+03     6.855681111681893e+03     6.855846225349356e+03     6.856011372561911e+03     6.856671957240042e+03
   11400           -7.65857891e+04            2.54497336e+00            9.97817248e-01            1.00290903e+00     6.847691309357489e+03     6.847966924447423e+03     6.848242776660069e+03     6.848518462065487e+03     6.848794180901182e+03     6.849897052444875e+03
   11600           -7.66103484e+04            2.68672923e+00            9.97671667e-01            1.00304704e+00     6.795355017662126e+03     6.795647980386052e+03     6.795941165703939e+03     6.796234192663784e+03     6.796527252416742e+03     6.797699487171359e+03
   11800           -7.65926672e+04            4.38802782e+00            9.95994827e-01            1.00477420e+00     6.807537846800572e+03     6.808040118238442e+03     6.808542576103720e+03     6.809044884338400e+03     6.809547232022342e+03     6.811556617244110e+03
   12000           -7.64361049e+04            8.74360660e+00            9.91652357e-01            1.00914611e+00     6.843530011735880e+03     6.844577353913748e+03     6.845624896653492e+03     6.846672299943064e+03     6.847719730744373e+03     6.851909449752866e+03
   12200           -7.67734450e+04            8.53862652e+00            9.91855168e-01            1.00893878e+00     6.930311824601348e+03     6.931335333990433e+03     6.932359057702487e+03     6.933382631153685e+03     6.934406234863157e+03     6.938500645124966e+03
   12400           -7.67010130e+04            3.54080656e+00            9.96823718e-01            1.00390789e+00     6.874391204145166e+03     6.874789808002365e+03     6.875188610775605e+03     6.875587255941846e+03     6.875985941428805e+03     6.877580678712444e+03
   12600           -7.68941766e+04            4.76393870e+00            9.95615669e-01            1.00514711e+00     6.946588594658418e+03     6.947141658369831e+03     6.947694922469875e+03     6.948248030658786e+03     6.948801177016284e+03     6.951013759374149e+03
   12800           -7.67031819e+04            5.66521191e+00            9.94712729e-01            1.00604734e+00     6.857894770274707e+03     6.858560043408997e+03     6.859225521307866e+03     6.859890849304413e+03     6.860556211215130e+03     6.863217652155554e+03
   13000           -7.67873924e+04            4.69203800e+00            9.95709322e-01            1.00509711e+00     6.880300013119549e+03     6.880840345939827e+03     6.881380918589035e+03     6.881921329741800e+03     6.882461770065574e+03     6.884623527011597e+03
   13200           -7.65895529e+04            4.84393864e+00            9.95527200e-01            1.00521861e+00     6.881689220773656e+03     6.882250852955089e+03     6.882812733941376e+03     6.883374440955983e+03     6.883936182482441e+03     6.886183144191226e+03
   13400           -7.66624557e+04            3.74278721e+00            9.96648663e-01            1.00413714e+00     6.833218709001904e+03     6.833641475954786e+03     6.834064489654483e+03     6.834487330867456e+03     6.834910206301701e+03     6.836601703601498e+03
   13600           -7.67281360e+04            2.96114114e+00            9.97395036e-01            1.00331942e+00     6.820828172686590e+03     6.821156315992239e+03     6.821484633317313e+03     6.821812819515110e+03     6.822141036764976e+03     6.823453900843361e+03
   13800           -7.68714738e+04            1.00641687e+01            9.90345512e-01            1.01048149e+00     6.893106080601188e+03     6.894322643250631e+03     6.895539417946951e+03     6.896756019471405e+03     6.897972667522810e+03     6.902839254444432e+03
   14000           -7.69037825e+04            1.06628304e+00            9.99311044e-01            1.00144442e+00     6.844861991471226e+03     6.844952075777316e+03     6.845042399320911e+03     6.845132553399084e+03     6.845222742113814e+03     6.845583492756402e+03
   14200           -7.67601620e+04            1.05068983e+00            9.99274077e-01            1.00137614e+00     6.833250085267033e+03     6.833341065798278e+03     6.833432264956752e+03     6.833523303059669e+03     6.833614377068663e+03     6.833978668870294e+03
   14400           -7.67440388e+04            1.73048572e+00            9.98653003e-01            1.00211530e+00     6.814956310761658e+03     6.815127982948446e+03     6.815299858301771e+03     6.815471579572004e+03     6.815643337009537e+03     6.816330363257417e+03
   14600           -7.65720741e+04            1.53348284e+00            9.98825533e-01            1.00189360e+00     6.864232451713666e+03     6.864381805330984e+03     6.864531343144424e+03     6.864680740496036e+03     6.864830171597348e+03     6.865427891481031e+03
   14800           -7.66389796e+04            1.41302888e+00            9.98949525e-01            1.00177661e+00     6.783331147183316e+03     6.783465581635185e+03     6.783600261474786e+03     6.783734765108176e+03     6.783869305930280e+03     6.784407464677242e+03
   15000           -7.68898468e+04            5.68765936e+00            9.94700342e-01            1.00607998e+00     6.830007581796822e+03     6.830676978756641e+03     6.831346595523554e+03     6.832016048857705e+03     6.832685539426258e+03     6.835363497055696e+03
   15200           -7.69108964e+04            2.69415979e+00            9.97685645e-01            1.00307600e+00     6.838300726597907e+03     6.838593413658128e+03     6.838886331837198e+03     6.839179074334591e+03     6.839471858434847e+03     6.840642990271785e+03
   15400           -7.66921998e+04            6.54582875e+00            9.93838275e-01            1.00693481e+00     6.808637336307340e+03     6.809413422820034e+03     6.810189742476760e+03     6.810965880727219e+03     6.811742063516782e+03     6.814846790726224e+03
   15600           -7.67625234e+04            1.00665242e+01            9.90356373e-01            1.01049734e+00     6.884228890458337e+03     6.885442073825368e+03     6.886655496624061e+03     6.887868744086062e+03     6.889082029608372e+03     6.893935168758406e+03
   15800           -7.65885956e+04            6.90499075e+00            9.93489503e-01            1.00730475e+00     6.817395095203010e+03     6.818214707025497e+03     6.819034564761426e+03     6.819854241406216e+03     6.820673957960265e+03     6.823952820717521e+03
   16000           -7.66403625e+04            7.57863350e+00            9.92792674e-01            1.00795532e+00     6.891394711840681e+03     6.892300446357003e+03     6.893206392272024e+03     6.894112182420035e+03     6.895018007276196e+03     6.898641302711711e+03
   16200           -7.69610972e+04            3.32600697e+00            9.97047429e-01            1.00370191e+00     6.839065486083386e+03     6.839438470065273e+03     6.839811637890816e+03     6.840184661628506e+03     6.840557721618624e+03     6.842049957153862e+03
   16400           -7.69562162e+04            5.00772697e+00            9.95381507e-01            1.00540079e+00     6.815324734906135e+03     6.815907979073650e+03     6.816491425245759e+03     6.817074707998921e+03     6.817658033789474e+03     6.819991332672813e+03
   16600           -7.68968235e+04            7.19944951e+00            9.93190924e-01            1.00759523e+00     6.876096516645553e+03     6.876951615173399e+03     6.877806944808146e+03     6.878662109494975e+03     6.879517309001223e+03     6.882938101356893e+03
   16800           -7.69114449e+04            5.15689020e+00            9.95218256e-01            1.00553583e+00     6.853577434005462e+03     6.854179097936134e+03     6.854780942603985e+03     6.855382648563283e+03     6.855984388224675e+03     6.858391342443887e+03
   17000           -7.69539065e+04            4.95592004e+00            9.95428732e-01            1.00534432e+00     6.819200921746108e+03     6.819775817824994e+03     6.820350932820850e+03     6.820925898886557e+03     6.821500892280294e+03     6.823800862814480e+03
   17200           -7.68011392e+04            7.49653029e+00            9.92917181e-01            1.00791621e+00     6.950553591338584e+03     6.951446048981706e+03     6.952338735240573e+03     6.953231251836551e+03     6.954123806833354e+03     6.957694022328124e+03
   17400           -7.67140425e+04            5.61847846e+00            9.94766370e-01            1.00600756e+00     6.875805827809764e+03     6.876464768032034e+03     6.877123875956232e+03     6.877782851233887e+03     6.878441860515520e+03     6.881077893221276e+03
   17600           -7.65898375e+04            2.72725354e+00            9.97627517e-01            1.00308395e+00     6.855190025653862e+03     6.855488794570348e+03     6.855787746960102e+03     6.856086546430573e+03     6.856385387844449e+03     6.857580750035037e+03
   17800           -7.67885740e+04            9.40681624e+00            9.90973456e-01            1.00979375e+00     6.752971897076009e+03     6.754105989849347e+03     6.755240285520391e+03     6.756374429655132e+03     6.757508608943835e+03     6.762045320811661e+03
   18000           -7.66295361e+04            3.92819585e+00            9.96448550e-01            1.00430787e+00     6.877961301413088e+03     6.878408831911689e+03     6.878856571610560e+03     6.879304152823881e+03     6.879751771888420e+03     6.881542242363751e+03
   18200           -7.65644596e+04            7.54161943e+00            9.92890825e-01            1.00798035e+00     6.901165186714417e+03     6.902061785920320e+03     6.902958624653467e+03     6.903855293447987e+03     6.904751997033921e+03     6.908338807353424e+03
   18400           -7.66436997e+04            1.39997648e+00            9.98969255e-01            1.00177024e+00     6.830943597716626e+03     6.831073599387540e+03     6.831203843796719e+03     6.831333916509422e+03     6.831464024533277e+03     6.831984451349928e+03
   18600           -7.65923840e+04            5.84708931e+00            9.94539083e-01            1.00623767e+00     6.819707467335302e+03     6.820395037956561e+03     6.821082831294249e+03     6.821770467488293e+03     6.822458135417683e+03     6.825208803500063e+03
   18800           -7.67384096e+04            1.32364330e+00            9.99047155e-01            1.00169542e+00     6.866060000725171e+03     6.866182756373793e+03     6.866305687284431e+03     6.866428476820154e+03     6.866551303709014e+03     6.867042606692857e+03
   19000           -7.66646261e+04            1.95216635e+01            9.81020468e-01            1.02008032e+00     6.786740510744587e+03     6.789138889326529e+03     6.791537444622168e+03     6.793935863147720e+03     6.796334315271009e+03     6.805928119797430e+03
   19200           -7.67366284e+04            8.23638973e+00            9.92177045e-01            1.00865632e+00     6.872192243420837e+03     6.873177672979079e+03     6.874163319031834e+03     6.875148795951145e+03     6.876134314925871e+03     6.880076386430905e+03
   19400           -7.68241174e+04            1.53807213e+01            9.85088732e-01            1.01586238e+00     6.812624266490981e+03     6.814505202236962e+03     6.816386321626470e+03     6.818267293253371e+03     6.820148302923407e+03     6.827672339355832e+03
   19600           -7.67689453e+04            1.10112850e+01            9.89402080e-01            1.01143295e+00     6.975471083722993e+03     6.976804287211094e+03     6.978137727633726e+03     6.979471013531191e+03     6.980804324684458e+03     6.986137565645922e+03
   19800           -7.67567280e+04            4.15253671e+00            9.96225339e-01            1.00453352e+00     6.867946371219117e+03     6.868420981280737e+03     6.868895813386710e+03     6.869370468871584e+03     6.869845169731921e+03     6.871743968244725e+03
   20000           -7.69583523e+04            5.85167641e+00            9.94543909e-01            1.00625178e+00     6.963604185699442e+03     6.964292088060259e+03     6.964980178936395e+03     6.965668118452460e+03     6.966356097486489e+03     6.969108009273536e+03
   20200           -7.67569704e+04            7.19155250e+00            9.93209685e-01            1.00759835e+00     6.921808758287229e+03     6.922662919747809e+03     6.923517323863017e+03     6.924371544544721e+03     6.925225807798218e+03     6.928642857309205e+03
   20400           -7.67550651e+04            7.57321284e+00            9.92812457e-01            1.00796448e+00     6.835727983534340e+03     6.836631455554319e+03     6.837535150365400e+03     6.838438677978610e+03     6.839342244110632e+03     6.842956504686926e+03
   20600           -7.69079491e+04            3.61936024e+00            9.96728283e-01            1.00396950e+00     6.848860736583651e+03     6.849272154178853e+03     6.849683809255207e+03     6.850095285670343e+03     6.850506803691353e+03     6.852152870799055e+03
   20800           -7.67680786e+04            2.41913334e+00            9.97963274e-01            1.00280339e+00     6.886660566047716e+03     6.886918504256751e+03     6.887176650653461e+03     6.887434634236464e+03     6.887692658385866e+03     6.888724750724015e+03
   21000           -7.69126233e+04            7.07796984e+00            9.93312998e-01            1.00747427e+00     6.873417425712983e+03     6.874256732656401e+03     6.875096266459212e+03     6.875935629253489e+03     6.876775031730013e+03     6.880132637747043e+03
   21200           -7.68026248e+04            6.15179148e+00            9.94272647e-01            1.00658133e+00     6.947451389194618e+03     6.948174547179469e+03     6.948897935634991e+03     6.949621146163537e+03     6.950344400016598e+03     6.953237410838578e+03
   21400           -7.66836746e+04            4.44252359e+00            9.95947958e-01            1.00483643e+00     6.928356695321749e+03     6.928868144585451e+03     6.929379830278883e+03     6.929891349738496e+03     6.930402902700260e+03     6.932449110078771e+03
   21600           -7.68296528e+04            3.45247915e+00            9.96922282e-01            1.00382981e+00     6.876738129084619e+03     6.877127150415867e+03     6.877516403947257e+03     6.877905489962752e+03     6.878294611662214e+03     6.879851094239809e+03
   21800           -7.67579262e+04            3.25076191e+00            9.97106513e-01            1.00361034e+00     6.865168799905769e+03     6.865532399565906e+03     6.865896219738068e+03     6.866259878172587e+03     6.866623572159831e+03     6.868078344413893e+03
   22000           -7.69544692e+04            7.37672481e+00            9.93008407e-01            1.00776731e+00     6.902080882263158e+03     6.902957725188631e+03     6.903834776824507e+03     6.904711669602577e+03     6.905588599685992e+03     6.909096317108828e+03
   22200           -7.68414092e+04            6.17901904e+00            9.94193873e-01            1.00655639e+00     6.912711646657576e+03     6.913441729361820e+03     6.914172002140595e+03     6.914902126199151e+03     6.915632287871274e+03     6.918552929084971e+03
   22400           -7.67928918e+04            2.33959002e+00            9.98051067e-01            1.00273207e+00     6.869218806816664e+03     6.869466407449680e+03     6.869714219821913e+03     6.869961876599167e+03     6.870209568009339e+03     6.871200329202014e+03
   22600           -7.69541063e+04            4.12075997e+00            9.96210286e-01            1.00445450e+00     6.849901845785744e+03     6.850377979025544e+03     6.850854276185734e+03     6.851330447605697e+03     6.851806649713314e+03     6.853711453640884e+03
   22800           -7.67993318e+04            5.60656258e+00            9.94775621e-01            1.00599294e+00     6.880811799936335e+03     6.881469280531970e+03     6.882127002530683e+03     6.882784560549218e+03     6.883442148694694e+03     6.886072497453053e+03
   23000           -7.65870764e+04            2.93568569e+00            9.97400071e-01            1.00327340e+00     6.719380834164610e+03     6.719706833638696e+03     6.720033050727421e+03     6.720359118587671e+03     6.720685214527928e+03     6.721989594891245e+03
   23200           -7.66621256e+04            3.61714866e+00            9.96750489e-01            1.00398742e+00     6.874780711095376e+03     6.875190346342712e+03     6.875600203219208e+03     6.876009905419695e+03     6.876419638339200e+03     6.878058565583024e+03
   23400           -7.67592957e+04            2.72019338e+00            9.97632443e-01            1.00307474e+00     6.904036588765296e+03     6.904335569046753e+03     6.904634757241088e+03     6.904933785222198e+03     6.905232852236768e+03     6.906429115708240e+03
   23600           -7.66681045e+04            6.82824791e+00            9.93539119e-01            1.00720045e+00     6.835281724266903e+03     6.836095905404801e+03     6.836910321529708e+03     6.837724555098307e+03     6.838538833376363e+03     6.841795942485823e+03
   23800           -7.68129458e+04            3.42782956e+00            9.96936631e-01            1.00379477e+00     6.927805534297879e+03     6.928191773254935e+03     6.928578230710779e+03     6.928964524994479e+03     6.929350856415501e+03     6.930896178533124e+03
   24000           -7.67142405e+04            3.11069521e+00            9.97280891e-01            1.00350471e+00     6.853280541064431e+03     6.853623128980041e+03     6.853965945612953e+03     6.854308594847492e+03     6.854651280875105e+03     6.856022020685779e+03
   24200           -7.66871670e+04            2.45889275e+00            9.97874895e-01            1.00279432e+00     6.888504097280060e+03     6.888772021243136e+03     6.889040132359461e+03     6.889308095783559e+03     6.889576096420034e+03     6.890648095560007e+03
   24400           -7.65861350e+04            1.57144425e+00            9.98803197e-01            1.00194726e+00     6.870112691568429e+03     6.870264895410494e+03     6.870417334887748e+03     6.870569601671991e+03     6.870721906483311e+03     6.871331121398193e+03
   24600           -7.66042857e+04            2.92876950e+00            9.97416210e-01            1.00327576e+00     6.875990575476427e+03     6.876313770207533e+03     6.876637161790663e+03     6.876960411442926e+03     6.877283691710408e+03     6.878576807944388e+03
   24800           -7.64134195e+04            7.83160752e+00            9.92547694e-01            1.00821657e+00     6.894673971620419e+03     6.895612693757344e+03     6.896551599997794e+03     6.897490366774634e+03     6.898429166831095e+03     6.902184362041771e+03
   25000           -7.64059154e+04            3.86407571e+00            9.96500069e-01            1.00423101e+00     6.930205867507875e+03     6.930645830876654e+03     6.931086053878150e+03     6.931526097356679e+03     6.931966175800990e+03     6.933726484094104e+03
   25200           -7.65776374e+04            5.83584805e+00            9.94524791e-01            1.00620059e+00     6.827284859104775e+03     6.827974491689251e+03     6.828664365850052e+03     6.829354059664967e+03     6.830043794730304e+03     6.832802730355835e+03
   25400           -7.66675511e+04            2.82788466e+00            9.97526353e-01            1.00318412e+00     6.869712323761561e+03     6.870023235112199e+03     6.870334344010833e+03     6.870645308882572e+03     6.870956305332638e+03     6.872200286903715e+03
   25600           -7.66396274e+04            1.12189592e+00            9.99283373e-01            1.00152807e+00     6.854659570134855e+03     6.854752284091469e+03     6.854845246168916e+03     6.854938034541318e+03     6.855030857552425e+03     6.855402144969996e+03
   25800           -7.68783150e+04            1.53831063e+00            9.98793062e-01            1.00187070e+00     6.913731467021978e+03     6.913883281645215e+03     6.914035318853452e+03     6.914187202305347e+03     6.914339115580815e+03     6.914946764139651e+03
   26000           -7.68554148e+04            9.58995940e-01            9.99382492e-01            1.00130114e+00     6.837388097249051e+03     6.837465632566996e+03     6.837543368688761e+03     6.837620964207660e+03     6.837698588059151e+03     6.838009078869251e+03
   26200           -7.69479376e+04            1.45801485e+00            9.98885348e-01            1.00180238e+00     6.841744041345466e+03     6.841885164328993e+03     6.842026441223486e+03     6.842167600720831e+03     6.842308788327255e+03     6.842873535309043e+03
   26400           -7.68789281e+04            1.60673657e+00            9.98723990e-01            1.00193852e+00     6.844400693151840e+03     6.844562687611403e+03     6.844724859017647e+03     6.844886882348121e+03     6.845048946958692e+03     6.845697200765544e+03
   26600           -7.67054346e+04            4.66037378e+00            9.95704879e-01            1.00502898e+00     6.836715789250958e+03     6.837256755468310e+03     6.837797914200570e+03     6.838338931579196e+03     6.838879980628947e+03     6.841044172006936e+03
   26800           -7.68084774e+04            6.51856892e-01            9.99714620e-01            1.00101881e+00     6.827408078731549e+03     6.827447824265435e+03     6.827487753117267e+03     6.827527541193451e+03     6.827567363545419e+03     6.827726648359288e+03
   27000           -7.69371949e+04            2.86841060e+00            9.97491080e-01            1.00322995e+00     6.890026707644790e+03     6.890343614730663e+03     6.890660693834674e+03     6.890977627099704e+03     6.891294601215644e+03     6.892562494786498e+03
   27200           -7.67158955e+04            4.97998707e+00            9.95398085e-01            1.00536176e+00     6.902935555378511e+03     6.903513928661019e+03     6.904092504025784e+03     6.904670930089267e+03     6.905249389778862e+03     6.907563224179213e+03
   27400           -7.66668506e+04            7.29591518e+00            9.93098064e-01            1.00769542e+00     6.851812037081552e+03     6.852681078172838e+03     6.853550290514604e+03     6.854419363787043e+03     6.855288473956355e+03     6.858764910831157e+03
   27600           -7.68717579e+04            3.05220301e+00            9.97332190e-01            1.00343893e+00     6.850417614765826e+03     6.850752764552545e+03     6.851088156790776e+03     6.851423371305637e+03     6.851758625013019e+03     6.853099635260211e+03
   27800           -7.67185942e+04            3.80672127e+00            9.96569387e-01            1.00418567e+00     6.847201673822278e+03     6.847634167797439e+03     6.848066877899712e+03     6.848499422581564e+03     6.848932007087172e+03     6.850662340352064e+03
   28000           -7.66198607e+04            7.72678072e+00            9.92655773e-01            1.00811498e+00     6.843336954034597e+03     6.844258582248807e+03     6.845180450405453e+03     6.846102154063727e+03     6.847023888685204e+03     6.850710823335811e+03
   28200           -7.66310317e+04            2.27705101e+00            9.98082298e-01            1.00263803e+00     6.823768464396122e+03     6.824009698331271e+03     6.824251136394771e+03     6.824492421840675e+03     6.824733742392747e+03     6.825699020389372e+03
   28400           -7.65875421e+04            2.73399198e+00            9.97626730e-01            1.00309668e+00     6.846103845149092e+03     6.846404209285959e+03     6.846704739469958e+03     6.847005124857810e+03     6.847305553094126e+03     6.848507261039162e+03
   28600           -7.65056578e+04            1.58670712e+00            9.98772519e-01            1.00194707e+00     6.935128073953189e+03     6.935284855861632e+03     6.935441850584609e+03     6.935598686509509e+03     6.935755559040822e+03     6.936383044128454e+03
   28800           -7.65284935e+04            3.62853709e+00            9.96764072e-01            1.00402397e+00     6.870275147045032e+03     6.870683490511573e+03     6.871092001611340e+03     6.871500369666789e+03     6.871908778228990e+03     6.873542409412947e+03
   29000           -7.66003910e+04            2.35292052e+00            9.98017410e-01            1.00272499e+00     6.856244802758727e+03     6.856493951277286e+03     6.856743342077099e+03     6.856992558146769e+03     6.857241811499754e+03     6.858238820240782e+03
   29200           -7.64279164e+04            1.44140066e+00            9.98928730e-01            1.00181260e+00     6.941167745610068e+03     6.941302978669295e+03     6.941438439003106e+03     6.941573741961037e+03     6.941709075619317e+03     6.942250405628565e+03
   29400           -7.65383094e+04            8.58678262e-01            9.99490517e-01            1.00120847e+00     6.842341371159738e+03     6.842407198108798e+03     6.842473221449888e+03     6.842539086331610e+03     6.842604992931125e+03     6.842868614702512e+03
   29600           -7.65587493e+04            2.16009175e+00            9.98174984e-01            1.00249661e+00     6.873913329559432e+03     6.874144120262597e+03     6.874375100392114e+03     6.874605933715588e+03     6.874836803192966e+03     6.875760276826500e+03
   29800           -7.66487470e+04            2.27227060e+00            9.98091290e-01            1.00263748e+00     6.840874694969890e+03     6.841115425406560e+03     6.841356359723658e+03     6.841597155318761e+03     6.841837976972234e+03     6.842801258974579e+03
   30000           -7.67926902e+04            5.57534889e+00            9.94800724e-01            1.00595552e+00     6.898152038695278e+03     6.898805759377133e+03     6.899459663123039e+03     6.900113432574144e+03     6.900767231861238e+03     6.903382425027196e+03
   30200           -7.67163349e+04            1.94766181e+00            9.98430316e-01            1.00232711e+00     6.978294182384386e+03     6.978496594383429e+03     6.978699260471323e+03     6.978901747899680e+03     6.979104271040193e+03     6.979914359696002e+03
   30400           -7.68596326e+04            1.06804452e+00            9.99299938e-01            1.00143681e+00     6.872335568956351e+03     6.872424333458962e+03     6.872513321750332e+03     6.872602147254926e+03     6.872691008089616e+03     6.873046447222880e+03
   30600           -7.69233543e+04            3.36979533e+00            9.96990681e-01            1.00373268e+00     6.860831549926309e+03     6.861210616157846e+03     6.861589867176930e+03     6.861968986250114e+03     6.862348133409650e+03     6.863864716892993e+03
   30800           -7.67077660e+04            3.96168771e+00            9.96420384e-01            1.00434676e+00     6.878520958582634e+03     6.878973260911213e+03     6.879425753875881e+03     6.879878092240334e+03     6.880330471901506e+03     6.882139985220377e+03
   31000           -7.65391700e+04            8.11606213e-01            9.99559451e-01            1.00118327e+00     6.912584885313270e+03     6.912641810941067e+03     6.912698960405416e+03     6.912755943335554e+03     6.912812964335358e+03     6.913041043357446e+03
   31200           -7.65670078e+04            2.66595833e+00            9.97701728e-01            1.00303560e+00     6.853547675800668e+03     6.853836322735853e+03     6.854125202035464e+03     6.854413923143733e+03     6.854702673524590e+03     6.855857671248513e+03
   31400           -7.66032072e+04            3.57127258e+00            9.96800780e-01            1.00394596e+00     6.858263924332209e+03     6.858665205269180e+03     6.859066665139188e+03     6.859467990644378e+03     6.859869347221819e+03     6.861474770111429e+03
   31600           -7.65543520e+04            4.22490919e+00            9.96160734e-01            1.00461377e+00     6.817611890583787e+03     6.818094200379248e+03     6.818576721232891e+03     6.819059083081992e+03     6.819541481902643e+03     6.821471073221498e+03
   31800           -7.68601862e+04            3.03047511e+00            9.97321762e-01            1.00338483e+00     6.795637345659382e+03     6.795975150688728e+03     6.796313149359079e+03     6.796650987362814e+03     6.796988869279502e+03     6.798340392899621e+03
   32000           -7.65871524e+04            2.08398976e+00            9.98249063e-01            1.00241843e+00     6.784110323427248e+03     6.784329072459370e+03     6.784548050913728e+03     6.784766872970399e+03     6.784985724228041e+03     6.785861125028836e+03
   32200           -7.67071132e+04            3.56715188e+00            9.96821206e-01            1.00395826e+00     6.860750221969311e+03     6.861151720121326e+03     6.861553406979826e+03     6.861954944054831e+03     6.862356519788664e+03     6.863962817608017e+03
   32400           -7.65269194e+04            6.20060297e+00            9.94179953e-01            1.00658575e+00     6.920219818155831e+03     6.920952195597217e+03     6.921684780485505e+03     6.922417206818050e+03     6.923149670924150e+03     6.926079523692471e+03
   32600           -7.66405052e+04            1.21333817e+00            9.99153942e-01            1.00158151e+00     6.879985350138194e+03     6.880093837826156e+03     6.880202484153499e+03     6.880310998421612e+03     6.880419549515679e+03     6.880853748893164e+03
   32800           -7.65873944e+04            4.75080150e+00            9.95627632e-01            1.00513278e+00     6.848665211614257e+03     6.849213483135886e+03     6.849761946993202e+03     6.850310256149119e+03     6.850858605785558e+03     6.853051999956860e+03
   33000           -7.65518900e+04            3.05523837e+00            9.97319560e-01            1.00343232e+00     6.862951767878822e+03     6.863287145227133e+03     6.863622762284895e+03     6.863958219354181e+03     6.864293704968138e+03     6.865635642057455e+03
   33200           -7.65485767e+04            4.56174352e+00            9.95797436e-01            1.00492415e+00     6.868487773759325e+03     6.869015477625881e+03     6.869543337162742e+03     6.870071065835557e+03     6.870598831387321e+03     6.872709889015317e+03
   33400           -7.66972169e+04            5.30953988e+00            9.95066049e-01            1.00568904e+00     6.815566574073031e+03     6.816187586956062e+03     6.816808787559871e+03     6.817429844173231e+03     6.818050935380582e+03     6.820535296688134e+03
   33600           -7.65800154e+04            6.87136868e+00            9.93533847e-01            1.00728197e+00     6.857747499237156e+03     6.858563785308688e+03     6.859380287952397e+03     6.860196629389402e+03     6.861013007775553e+03     6.864278516313949e+03
   33800           -7.65426866e+04            2.06303928e+00            9.98290776e-01            1.00241831e+00     6.924774685259132e+03     6.924989853202370e+03     6.925205200380329e+03     6.925420416456029e+03     6.925635661950655e+03     6.926496638642179e+03
   34000           -7.65125379e+04            4.07361136e+00            9.96292614e-01            1.00444279e+00     6.881622558332307e+03     6.882089679637523e+03     6.882556993108167e+03     6.883024155644574e+03     6.883491356231957e+03     6.885360154131607e+03
   34200           -7.67131483e+04            1.99205055e+00            9.98368081e-01            1.00235361e+00     6.895629577491735e+03     6.895836204116356e+03     6.896043035693737e+03     6.896249701561634e+03     6.896456410689966e+03     6.897283243888197e+03
   34400           -7.65809966e+04            8.77703235e-01            9.99473192e-01            1.00122921e+00     6.864641403886454e+03     6.864707892086646e+03     6.864774599911726e+03     6.864841138052713e+03     6.864907717653795e+03     6.865174031421137e+03
   34600           -7.65300783e+04            1.25218340e+01            9.87931303e-01            1.01298514e+00     6.818667728061885e+03     6.820189204420688e+03     6.821710911384576e+03     6.823232443763003e+03     6.824754016925879e+03     6.830840305789874e+03
   34800           -7.66727506e+04            2.33270861e+00            9.98069797e-01            1.00273709e+00     6.926184151126118e+03     6.926430350691129e+03     6.926676816340770e+03     6.926923092338551e+03     6.927169407382326e+03     6.928154663638535e+03
   35000           -7.65724337e+04            2.91656957e+00            9.97432197e-01            1.00326736e+00     6.882027286862092e+03     6.882349994454404e+03     6.882672934288674e+03     6.882995709705967e+03     6.883318518809111e+03     6.884609750756131e+03
   35200           -7.64587081e+04            2.72168982e+00            9.97636632e-01            1.00308195e+00     6.879881203026560e+03     6.880180092521184e+03     6.880479162442340e+03     6.880778083416732e+03     6.881077044972832e+03     6.882272886919105e+03
   35400           -7.66472203e+04            2.25991208e+00            9.98139232e-01            1.00266086e+00     6.843841353803245e+03     6.844078088748633e+03     6.844315056593120e+03     6.844551856164416e+03     6.844788691936616e+03     6.845736030069986e+03
   35600           -7.66779729e+04            9.65209197e-01            9.99405259e-01            1.00133639e+00     6.910771049550385e+03     6.910849217093153e+03     6.910927591156855e+03     6.911005800741784e+03     6.911084052413120e+03     6.911397055275854e+03
   35800           -7.67472371e+04            2.12250446e+00            9.98235559e-01            1.00248208e+00     6.882939135457874e+03     6.883160764681684e+03     6.883382627861990e+03     6.883604323934431e+03     6.883826054815041e+03     6.884712974172207e+03
   36000           -7.67051319e+04            5.58315571e+00            9.94783796e-01            1.00595411e+00     6.882785446646416e+03     6.883441562574017e+03     6.884097859185032e+03     6.884754002560142e+03     6.885410189103325e+03     6.888034931560233e+03
   36200           -7.67823195e+04            1.71503541e+01            9.83309499e-01            1.01762283e+00     6.830159555213884e+03     6.832262915904661e+03     6.834366450008501e+03     6.836469850327760e+03     6.838573283617484e+03     6.846987012021084e+03
   36400           -7.66762267e+04            6.40322042e+00            9.93993653e-01            1.00680503e+00     6.802851030590039e+03     6.803606963677978e+03     6.804363148515950e+03     6.805119152663040e+03     6.805875194957062e+03     6.808899359324085e+03
   36600           -7.66318115e+04            4.31092670e+00            9.96026307e-01            1.00465103e+00     6.848201265013046e+03     6.848698487807081e+03     6.849195932818714e+03     6.849693232112702e+03     6.850190555819436e+03     6.852179846625824e+03
   36800           -7.66558495e+04            2.08419583e+00            9.98298814e-01            1.00246880e+00     6.837207035645647e+03     6.837423174936231e+03     6.837639502515121e+03     6.837855686402308e+03     6.838071904148594e+03     6.838936772651539e+03
   37000           -7.69888458e+04            4.87422068e+00            9.95469087e-01            1.00522081e+00     6.812178231138657e+03     6.812747410284706e+03     6.813316757706187e+03     6.813885980133834e+03     6.814455231200765e+03     6.816732231262871e+03
   37200           -7.69595868e+04            6.35126304e+00            9.94007456e-01            1.00671440e+00     6.880484344898663e+03     6.881236061886405e+03     6.881987959378341e+03     6.882739708946466e+03     6.883491498537916e+03     6.886498652177169e+03
   37400           -7.67950760e+04            7.24474753e+00            9.93170143e-01            1.00766544e+00     6.840063365842570e+03     6.840923777522809e+03     6.841784446329676e+03     6.842644923093580e+03     6.843505443969449e+03     6.846947522096326e+03
   37600           -7.67830689e+04            3.91246380e+00            9.96463742e-01            1.00429158e+00     6.969089539031416e+03     6.969533816096207e+03     6.969978287769790e+03     6.970422620718204e+03     6.970866982754175e+03     6.972644426476933e+03
   37800           -7.70030789e+04            9.32682981e-01            9.99411403e-01            1.00127741e+00     6.831284622325973e+03     6.831357999273300e+03     6.831431523909679e+03     6.831504935368752e+03     6.831578374833925e+03     6.831872127341879e+03
   38000           -7.68825101e+04            2.65410443e+00            9.97735473e-01            1.00304574e+00     6.853142511396366e+03     6.853428773314086e+03     6.853715257338888e+03     6.854001571290460e+03     6.854287926013786e+03     6.855433340631205e+03
   38200           -7.68992478e+04            5.42779662e+00            9.94963036e-01            1.00582279e+00     6.873724339503317e+03     6.874359006609637e+03     6.874993882996874e+03     6.875628597608385e+03     6.876263351863314e+03     6.878802364223308e+03
   38400           -7.67887686e+04            2.21629437e+00            9.98153330e-01            1.00258755e+00     6.856629636200740e+03     6.856861759350194e+03     6.857094121504168e+03     6.857326306460540e+03     6.857558531403856e+03     6.858487426606974e+03
   38600           -7.66248020e+04            3.05397979e+00            9.97320743e-01            1.00343098e+00     6.908811391951774e+03     6.909150905927976e+03     6.909490565857785e+03     6.909830105635313e+03     6.910169678195828e+03     6.911527964439882e+03
   38800           -7.67504767e+04            5.83315927e+00            9.94513699e-01            1.00618396e+00     6.784131661758260e+03     6.784820017588278e+03     6.785508520707091e+03     6.786196903010479e+03     6.786885318291067e+03     6.789638974823873e+03
   39000           -7.65257272e+04            4.68716848e+00            9.95639906e-01            1.00501725e+00     6.870719615592402e+03     6.871265583678288e+03     6.871811684318115e+03     6.872357676186093e+03     6.872903697987509e+03     6.875087780382616e+03
   39200           -7.66585507e+04            2.32511596e+00            9.98063492e-01            1.00271553e+00     6.827104180085909e+03     6.827348101778232e+03     6.827592219301027e+03     6.827836175342222e+03     6.828080175274529e+03     6.829056170463148e+03
   39400           -7.67013151e+04            3.31010683e+00            9.97073023e-01            1.00369576e+00     6.880910754954940e+03     6.881279989387831e+03     6.881649429953346e+03     6.882018718135371e+03     6.882388040623797e+03     6.883865326292654e+03
   39600           -7.68634197e+04            1.44038629e+00            9.98921655e-01            1.00180347e+00     6.893114773146072e+03     6.893253128648372e+03     6.893391687562142e+03     6.893530085854261e+03     6.893668525069026e+03     6.894222276991979e+03
   39800           -7.67879535e+04            2.03662269e+00            9.98340809e-01            1.00241559e+00     6.877140647245227e+03     6.877352849259632e+03     6.877565275212143e+03     6.877777530808407e+03     6.877989826616365e+03     6.878839005987503e+03
   40000           -7.67944131e+04            5.40065876e+00            9.94946121e-01            1.00575110e+00     6.831004664651106e+03     6.831640753500914e+03     6.832276985156034e+03     6.832913090122181e+03     6.833549233566816e+03     6.836093802482525e+03
   40200           -7.68770779e+04            6.39717365e+00            9.93990543e-01            1.00678971e+00     6.869658630038745e+03     6.870415835883642e+03     6.871173229658407e+03     6.871930482912905e+03     6.872687768797365e+03     6.875716907555984e+03
   40400           -7.65548808e+04            2.36074395e+00            9.98026403e-01            1.00274971e+00     6.899642406017736e+03     6.899891814318035e+03     6.900141467886585e+03     6.900390942624382e+03     6.900640456131946e+03     6.901638506246156e+03
   40600           -7.66315004e+04            1.38869331e+00            9.98983184e-01            1.00176160e+00     6.894076989160799e+03     6.894207761728260e+03     6.894338754150608e+03     6.894469582620828e+03     6.894600448778730e+03     6.895123908396659e+03
   40800           -7.65825647e+04            7.55904522e+00            9.92825309e-01            1.00794896e+00     6.814218682401126e+03     6.815122279462470e+03     6.816026059910459e+03     6.816929694189872e+03     6.817833366472654e+03     6.821448050544182e+03
   41000           -7.66366718e+04            1.38789352e+00            9.98944837e-01            1.00172155e+00     6.827954331642249e+03     6.828087004715503e+03     6.828219863666558e+03     6.828352579386280e+03     6.828485330287593e+03     6.829016328932937e+03
   41200           -7.68592464e+04            8.53015907e-01            9.99512835e-01            1.00121949e+00     6.821664883942867e+03     6.821730007436159e+03     6.821795318393347e+03     6.821860486732377e+03     6.821925689184959e+03     6.822186494427051e+03
   41400           -7.66065559e+04            2.21118683e+00            9.98164771e-01            1.00258880e+00     6.893914631759595e+03     6.894147746537644e+03     6.894381077051511e+03     6.894614243497738e+03     6.894847448970847e+03     6.895780266182100e+03
   41600           -7.67053006e+04            2.84831663e+00            9.97547405e-01            1.00324628e+00     6.812594269750000e+03     6.812905250369662e+03     6.813216464243877e+03     6.813527517915017e+03     6.813838601781705e+03     6.815082933813409e+03
   41800           -7.68469772e+04            4.26355126e+00            9.96069770e-01            1.00459968e+00     6.845306598486898e+03     6.845799706644789e+03     6.846293024223988e+03     6.846786187787302e+03     6.847279385668965e+03     6.849252172851032e+03
   42000           -7.68279747e+04            3.51469953e+00            9.96845522e-01            1.00387743e+00     6.861326479551372e+03     6.861724677810020e+03     6.862123118681479e+03     6.862521387697592e+03     6.862919692444157e+03     6.864512905336940e+03
   42200           -7.67304634e+04            2.84560554e+00            9.97497331e-01            1.00319048e+00     6.879084934359134e+03     6.879399229234994e+03     6.879713707025557e+03     6.880028039660740e+03     6.880342409652887e+03     6.881599884946640e+03
   42400           -7.69797558e+04            3.91048184e+00            9.96456061e-01            1.00427986e+00     6.831091512211891e+03     6.831537712297053e+03     6.831984161886026e+03     6.832430432721932e+03     6.832876740433803e+03     6.834661968655715e+03
   42600           -7.67177948e+04            1.17202907e+00            9.99140732e-01            1.00148552e+00     6.873925466011841e+03     6.874033712449494e+03     6.874142149391806e+03     6.874250434102614e+03     6.874358758180496e+03     6.874792050349150e+03
   42800           -7.66362606e+04            1.80378707e+00            9.98558530e-01            1.00216741e+00     6.859313665669288e+03     6.859496122254674e+03     6.859678763836696e+03     6.859861257373303e+03     6.860043789635154e+03     6.860773913601020e+03
   43000           -7.66081196e+04            3.80621098e+00            9.96581413e-01            1.00419676e+00     6.746225562678744e+03     6.746655966170658e+03     6.747086595936513e+03     6.747517058025082e+03     6.747947557912599e+03     6.749669553146454e+03
   43200           -7.66853094e+04            6.97650301e+00            9.93405046e-01            1.00736319e+00     6.780118048277205e+03     6.780946693037949e+03     6.781775504912182e+03     6.782604188485957e+03     6.783432903229040e+03     6.786747758180874e+03
   43400           -7.67568860e+04            4.37021056e+00            9.95971629e-01            1.00471499e+00     6.764069806567099e+03     6.764575719369808e+03     6.765081777113533e+03     6.765587704247477e+03     6.766093671336233e+03     6.768117536105366e+03
   43600           -7.69333847e+04            3.25523593e+00            9.97111400e-01            1.00362424e+00     6.858766463514777e+03     6.859129053252003e+03     6.859491836430107e+03     6.859854463412938e+03     6.860217131145869e+03     6.861667798776962e+03
   43800           -7.68953893e+04            2.67689974e+00            9.97672600e-01            1.00302826e+00     6.774511609908012e+03     6.774805364606600e+03     6.775099307772715e+03     6.775393113588520e+03     6.775686949266821e+03     6.776862288625631e+03
   44000           -7.66213956e+04            3.11341653e+00            9.97242654e-01            1.00347169e+00     6.870521737259691e+03     6.870869148434188e+03     6.871216772199195e+03     6.871564239963833e+03     6.871911742332825e+03     6.873301747405959e+03
   44200           -7.67254821e+04            7.77610038e+00            9.92625129e-01            1.00818330e+00     6.852460364767562e+03     6.853387708256694e+03     6.854315295269671e+03     6.855242706509110e+03     6.856170155195028e+03     6.859879945622495e+03
   44400           -7.66445149e+04            4.54419784e+00            9.95826629e-01            1.00491835e+00     6.843471205516137e+03     6.843995908192330e+03     6.844520833797028e+03     6.845045593463712e+03     6.845570391094934e+03     6.847669576673732e+03
   44600           -7.67996052e+04            3.08509342e+00            9.97312293e-01            1.00348492e+00     6.867026780914576e+03     6.867367501667849e+03     6.867708457312548e+03     6.868049246744441e+03     6.868390070230870e+03     6.869753359547165e+03
   44800           -7.67797712e+04            1.35144259e+00            9.99005513e-01            1.00170936e+00     6.829575814826268e+03     6.829702349580589e+03     6.829829105874461e+03     6.829955702654136e+03     6.830082332833659e+03     6.830588850841050e+03
   45000           -7.67050985e+04            1.69882670e+00            9.98676335e-01            1.00207526e+00     6.887017164145725e+03     6.887187917411530e+03     6.887358877371514e+03     6.887529679914825e+03     6.887700520056394e+03     6.888383875967063e+03
   45200           -7.66237741e+04            6.86473724e+00            9.93524284e-01            1.00725892e+00     6.882539225090472e+03     6.883353612442623e+03     6.884168168566046e+03     6.884982584971218e+03     6.885797039899682e+03     6.889054854708893e+03
   45400           -7.66477250e+04            3.34147470e+00            9.97042846e-01            1.00372835e+00     6.842436534060246e+03     6.842810878411040e+03     6.843185474909137e+03     6.843559886412838e+03     6.843934338203653e+03     6.845432142347061e+03
   45600           -7.66252009e+04            2.65138422e+00            9.97714705e-01            1.00301941e+00     6.843774217844862e+03     6.844062935173723e+03     6.844351831531201e+03     6.844640593002076e+03     6.844929386098907e+03     6.846084554352953e+03
   45800           -7.66490702e+04            1.83694923e+00            9.98560705e-01            1.00223606e+00     6.843154012914510e+03     6.843338064208823e+03     6.843522330563893e+03     6.843706448317757e+03     6.843890595020844e+03     6.844627177127179e+03
   46000           -7.67351239e+04            3.96795816e+00            9.96427556e-01            1.00436658e+00     6.837705508422651e+03     6.838155128078086e+03     6.838604962650900e+03     6.839054644887643e+03     6.839504358620770e+03     6.841303208818889e+03
   46200           -7.66699464e+04            7.28900072e+00            9.93095730e-01            1.00767912e+00     6.740566982888484e+03     6.741435324112316e+03     6.742303824363839e+03     6.743172196374644e+03     6.744040602132535e+03     6.747514221376587e+03
   46400           -7.67292098e+04            1.58659063e+00            9.98769174e-01            1.00194348e+00     6.887600240155364e+03     6.887756372870397e+03     6.887912665386753e+03     6.888068828876391e+03     6.888225026361876e+03     6.888849812568387e+03
   46600           -7.66404941e+04            1.23297028e+00            9.99152265e-01            1.00161916e+00     6.862321312513038e+03     6.862430802164580e+03     6.862540467857745e+03     6.862650000790306e+03     6.862759565183033e+03     6.863197817853028e+03
   46800           -7.66853034e+04            2.52800923e+00            9.97864330e-01            1.00292233e+00     6.806241052797128e+03     6.806513613565688e+03     6.806786369432906e+03     6.807058972145616e+03     6.807331613233763e+03     6.808422173670398e+03
   47000           -7.66546182e+04            2.39566742e+00            9.97939143e-01            1.00273208e+00     6.855538516938951e+03     6.855796339558130e+03     6.856054395097317e+03     6.856312290259998e+03     6.856570216215999e+03     6.857601915493046e+03
   47200           -7.67993545e+04            4.25336318e+00            9.96132291e-01            1.00464226e+00     6.813756818025442e+03     6.814242942813357e+03     6.814729253846475e+03     6.815215423460596e+03     6.815701626940583e+03     6.817646435855724e+03
   47400           -7.68870469e+04            2.54542662e+00            9.97808115e-01            1.00290076e+00     6.809000242073755e+03     6.809277546614941e+03     6.809555049220873e+03     6.809832396067262e+03     6.810109781800612e+03     6.811219321527470e+03
   47600           -7.67572298e+04            2.91811738e+00            9.97458395e-01            1.00329682e+00     6.848768231659966e+03     6.849090709076571e+03     6.849413369470605e+03     6.849735890262880e+03     6.850058444291464e+03     6.851348656922963e+03
   47800           -7.68412444e+04            3.29468877e+00            9.97077888e-01            1.00366970e+00     6.817327689745853e+03     6.817695454664427e+03     6.818063467420070e+03     6.818431299297210e+03     6.818799170897296e+03     6.820270652048739e+03
   48000           -7.70098404e+04            1.05025798e+00            9.99332296e-01            1.00143362e+00     6.731626337527649e+03     6.731711402633697e+03     6.731796685912953e+03     6.731881796013520e+03     6.731966950745992e+03     6.732307563964337e+03
   48200           -7.68502513e+04            4.06223621e+00            9.96297700e-01            1.00442506e+00     6.880843399499493e+03     6.881307279444199e+03     6.881771352516147e+03     6.882235279194654e+03     6.882699240547709e+03     6.884555081595926e+03
   48400           -7.68243666e+04            6.43291872e-01            9.99710545e-01            1.00099758e+00     6.887656189691740e+03     6.887694274751628e+03     6.887732531300955e+03     6.887770661552188e+03     6.887808819610205e+03     6.887961449528670e+03
   48600           -7.64836264e+04            2.60750944e+00            9.97756581e-01            1.00297349e+00     6.852368023218773e+03     6.852651172232557e+03     6.852934492920974e+03     6.853217687043632e+03     6.853500910171519e+03     6.854633797124266e+03
   48800           -7.67072395e+04            1.10743715e+00            9.99257162e-01            1.00147284e+00     6.775880098665657e+03     6.775976242000150e+03     6.776072617158424e+03     6.776168819875725e+03     6.776265061824585e+03     6.776650024983514e+03
   49000           -7.65306502e+04            1.37621789e+00            9.98973295e-01            1.00172669e+00     6.846340864849407e+03     6.846472592615018e+03     6.846604535578786e+03     6.846736313866081e+03     6.846868131728838e+03     6.847395398608270e+03
   49200           -7.65261438e+04            9.23362812e-01            9.99478010e-01            1.00132548e+00     6.853414123476650e+03     6.853484939947029e+03     6.853555976036319e+03     6.853626844374397e+03     6.853697752618747e+03     6.853981381760846e+03
   49400           -7.66364879e+04            2.36315734e+00            9.98003793e-01            1.00273184e+00     6.917138498569666e+03     6.917389596033391e+03     6.917640917560680e+03     6.917892072467333e+03     6.918143265007155e+03     6.919148031444643e+03
   49600           -7.65817158e+04            3.27680311e+00            9.97083677e-01            1.00363963e+00     6.890371386663272e+03     6.890740548421792e+03     6.891109925596522e+03     6.891479145374836e+03     6.891848399676107e+03     6.893325412688942e+03
   49800           -7.66997272e+04            1.48005079e+00            9.98887041e-01            1.00184823e+00     6.854268766575837e+03     6.854412225365583e+03     6.854555873650384e+03     6.854699377122610e+03     6.854842915249968e+03     6.855417063924101e+03
   50000           -7.63786945e+04            2.95526186e+00            9.97421210e-01            1.00333395e+00     6.884284096397235e+03     6.884608444490366e+03     6.884933036486692e+03     6.885257456775341e+03     6.885581911519366e+03     6.886879726641498e+03
